1.4780 0.0059 0.4000 1.4780 0.0088 255
1.4750 0.0199 0.4000 1.4747 0.0293 255
1.4730 0.0338 0.4000 1.4722 0.0498 255
1.4750 0.0478 0.4000 1.4733 0.0705 255
1.4770 0.0617 0.4000 1.4742 0.0911 255
1.4770 0.0757 0.4000 1.4728 0.1117 255
1.4770 0.0896 0.4000 1.4711 0.1322 255
1.4780 0.1036 0.4000 1.4701 0.1528 255
1.4790 0.1175 0.4000 1.4688 0.1734 255
1.4810 0.1315 0.4000 1.4682 0.1942 255
1.4830 0.1454 0.4000 1.4673 0.2149 255
1.4840 0.1594 0.4000 1.4652 0.2355 255
1.4870 0.1733 0.4000 1.4647 0.2565 255
3.5340 0.1873 0.4000 3.4722 0.6580 245
3.5910 0.2012 0.4000 3.5185 0.7178 242
3.8630 0.2152 0.4000 3.7739 0.8249 241
3.4860 0.2291 0.4000 3.3949 0.7918 3
3.4870 0.2431 0.4000 3.3845 0.8393 247
3.4870 0.2570 0.4000 3.3724 0.8865 245
3.4440 0.2710 0.4000 3.3183 0.9219 244
0.3250 0.3128 0.4000 0.3092 0.1000 26
0.3190 0.3268 0.4000 0.3021 0.1024 75
0.2940 0.3407 0.4000 0.2771 0.0983 76
0.2950 0.3547 0.4000 0.2766 0.1025 83
2.3890 0.3686 0.4000 2.2285 0.8609 21
2.4060 0.3826 0.4000 2.2320 0.8982 247
2.4130 0.3965 0.4000 2.2258 0.9320 254
2.4250 0.4105 0.4000 2.2235 0.9677 254
2.4320 0.4244 0.4000 2.2162 1.0015 254
2.4480 0.4384 0.4000 2.2165 1.0391 254
0.3350 0.4523 0.4000 0.3013 0.1464 86
0.3250 0.4663 0.4000 0.2903 0.1461 63
0.3250 0.4802 0.4000 0.2882 0.1501 78
0.3280 0.4942 0.4000 0.2888 0.1556 79
2.2340 0.5081 0.4000 1.9517 1.0870 32
2.1970 0.5221 0.4000 1.9043 1.0956 176
2.1380 0.5360 0.4000 1.8381 1.0920 192
2.1290 0.5500 0.4000 1.8150 1.1128 195
2.1270 0.5639 0.4000 1.7976 1.1369 254
2.1420 0.5779 0.4000 1.7942 1.1701 254
2.1620 0.5918 0.4000 1.7943 1.2062 254
2.1800 0.6058 0.4000 1.7921 1.2413 254
2.2000 0.6197 0.4000 1.7909 1.2778 254
2.2190 0.6337 0.4000 1.7882 1.3139 254
2.2380 0.6476 0.4000 1.7848 1.3502 246
2.2680 0.6616 0.4000 1.7895 1.3934 158
2.3040 0.6895 0.4000 1.7777 1.4657 142
2.3200 0.7034 0.4000 1.7693 1.5007 155
2.3060 0.7174 0.4000 1.7376 1.5160 254
2.2860 0.7313 0.4000 1.7014 1.5268 254
2.2680 0.7453 0.4000 1.6667 1.5381 254
2.2390 0.7592 0.4000 1.6241 1.5413 254
2.2060 0.7732 0.4000 1.5788 1.5407 254
2.1740 0.7871 0.4000 1.5346 1.5399 254
2.1440 0.8011 0.4000 1.4921 1.5396 254
2.1150 0.8150 0.4000 1.4505 1.5392 254
2.0880 0.8290 0.4000 1.4107 1.5394 254
2.0630 0.8429 0.4000 1.3724 1.5402 254
2.0320 0.8569 0.4000 1.3305 1.5358 255
1.9930 0.8708 0.4000 1.2838 1.5244 255
1.9560 0.8848 0.4000 1.2390 1.5135 255
1.9340 0.8987 0.4000 1.2041 1.5134 255
1.9220 0.9127 0.4000 1.1755 1.5206 255
1.9120 0.9266 0.4000 1.1482 1.5289 255
1.9030 0.9406 0.4000 1.1214 1.5375 255
1.8920 0.9545 0.4000 1.0935 1.5440 255
1.8760 0.9685 0.4000 1.0628 1.5459 255
1.8580 0.9824 0.4000 1.0312 1.5456 255
1.8410 0.9964 0.4000 1.0003 1.5456 255
1.8230 1.0103 0.4000 0.9690 1.5441 255
1.8060 1.0243 0.4000 0.9386 1.5430 255
1.7910 1.0382 0.4000 0.9093 1.5430 255
1.7780 1.0522 0.4000 0.8813 1.5442 255
1.7630 1.0661 0.4000 0.8524 1.5432 255
1.7480 1.0801 0.4000 0.8237 1.5417 255
1.7360 1.0940 0.4000 0.7966 1.5424 255
1.7240 1.1080 0.4000 0.7697 1.5426 255
1.7110 1.1220 0.4000 0.7424 1.5415 255
1.7000 1.1359 0.4000 0.7162 1.5418 255
1.6900 1.1499 0.4000 0.6906 1.5425 255
1.6810 1.1638 0.4000 0.6654 1.5437 255
1.6720 1.1778 0.4000 0.6404 1.5445 255
1.6630 1.1917 0.4000 0.6154 1.5449 255
1.6510 1.2057 0.4000 0.5895 1.5422 255
1.6420 1.2196 0.4000 0.5649 1.5418 255
1.6370 1.2336 0.4000 0.5417 1.5448 255
1.6250 1.2615 0.4000 0.4947 1.5479 255
1.1040 1.2754 0.4000 0.3214 1.0562 255
1.0940 1.2894 0.4000 0.3039 1.0510 255
0.8500 1.3033 0.4000 0.2247 0.8198 92
0.8290 1.3173 0.4000 0.2079 0.8025 38
0.8450 1.3312 0.4000 0.2005 0.8209 73
0.7970 1.3452 0.4000 0.1783 0.7768 100
0.8110 1.3591 0.4000 0.1704 0.7929 93
0.7710 1.3731 0.4000 0.1515 0.7560 37
0.7700 1.3870 0.4000 0.1407 0.7570 53
0.7700 1.4010 0.4000 0.1302 0.7589 75
0.7690 1.4149 0.4000 0.1194 0.7597 73
0.7210 1.4289 0.4000 0.1020 0.7137 46
0.6510 1.4428 0.4000 0.0831 0.6457 115
0.6380 1.4568 0.4000 0.0726 0.6339 255
0.6140 1.4707 0.4000 0.0614 0.6109 255
0.6060 1.4847 0.4000 0.0521 0.6038 255
0.6020 1.4986 0.4000 0.0434 0.6004 255
0.2640 1.5126 0.4000 0.0154 0.2636 111
0.2670 1.5265 0.4000 0.0118 0.2667 52
0.6060 1.5405 0.4000 0.0184 0.6057 75
0.6060 1.5544 0.4000 0.0099 0.6059 255
0.6070 1.5684 0.4000 0.0015 0.6070 255
0.6070 1.5823 0.4000 -0.0070 0.6070 255
0.6090 1.5963 0.4000 -0.0155 0.6088 255
0.6100 1.6102 0.4000 -0.0240 0.6095 255
0.6150 1.6381 0.4000 -0.0414 0.6136 255
1.0530 1.6521 0.4000 -0.0855 1.0495 118
1.0530 1.6660 0.4000 -0.1001 1.0482 255
1.0530 1.6800 0.4000 -0.1147 1.0467 255
1.0540 1.7079 0.4000 -0.1440 1.0441 90
1.0620 1.7218 0.4000 -0.1598 1.0499 22
1.0640 1.7358 0.4000 -0.1747 1.0496 255
1.0680 1.7497 0.4000 -0.1901 1.0510 255
1.0710 1.7637 0.4000 -0.2053 1.0511 255
1.0730 1.7776 0.4000 -0.2203 1.0501 255
1.0760 1.7916 0.4000 -0.2356 1.0499 255
1.0810 1.8055 0.4000 -0.2514 1.0514 255
1.0860 1.8195 0.4000 -0.2673 1.0526 255
1.0910 1.8334 0.4000 -0.2832 1.0536 255
1.0950 1.8474 0.4000 -0.2990 1.0534 255
1.1000 1.8613 0.4000 -0.3151 1.0539 255
1.1060 1.8753 0.4000 -0.3316 1.0551 255
1.1070 1.8892 0.4000 -0.3466 1.0514 255
1.1110 1.9032 0.4000 -0.3625 1.0502 255
0.6700 1.9171 0.4000 -0.2274 0.6302 57
0.6460 1.9311 0.4000 -0.2277 0.6045 92
0.6390 1.9450 0.4000 -0.2336 0.5948 95
0.6360 1.9590 0.4000 -0.2407 0.5887 91
0.6360 1.9729 0.4000 -0.2489 0.5853 84
0.6370 1.9869 0.4000 -0.2575 0.5827 110
0.6370 2.0008 0.4000 -0.2656 0.5790 118
0.6390 2.0148 0.4000 -0.2745 0.5771 104
0.6420 2.0287 0.4000 -0.2838 0.5759 32
0.6300 2.0985 0.4000 -0.3172 0.5443 16
0.6620 2.1124 0.4000 -0.3413 0.5673 17
1.6480 2.1264 0.4000 -0.8692 1.4001 32
1.6620 2.1403 0.4000 -0.8962 1.3997 45
1.6670 2.1543 0.4000 -0.9184 1.3912 59
1.6730 2.1682 0.4000 -0.9411 1.3832 79
1.6920 2.1822 0.4000 -0.9712 1.3855 78
1.9460 2.2380 0.4000 -1.2041 1.5287 18
1.9800 2.2519 0.4000 -1.2467 1.5382 59
1.9920 2.2659 0.4000 -1.2758 1.5299 134
2.0150 2.2798 0.4000 -1.3119 1.5294 255
2.0430 2.2938 0.4000 -1.3517 1.5319 254
2.0730 2.3077 0.4000 -1.3931 1.5351 254
2.1020 2.3217 0.4000 -1.4341 1.5368 254
2.1300 2.3356 0.4000 -1.4748 1.5368 240
2.1600 2.3496 0.4000 -1.5172 1.5374 242
2.1920 2.3635 0.4000 -1.5613 1.5386 225
2.2050 2.3775 0.4000 -1.5920 1.5257 199
2.2420 2.3914 0.4000 -1.6402 1.5285 160
1.7930 2.4054 0.4000 -1.3286 1.2040 51
1.8040 2.4193 0.4000 -1.3535 1.1926 44
2.2340 2.4333 0.4000 -1.6966 1.4534 113
2.2120 2.4472 0.4000 -1.6998 1.4155 254
0.5380 2.4612 0.4000 -0.4182 0.3385 89
0.5420 2.4751 0.4000 -0.4260 0.3351 126
0.5440 2.4891 0.4000 -0.4322 0.3303 255
0.5500 2.5030 0.4000 -0.4416 0.3278 255
0.5610 2.5170 0.4000 -0.4551 0.3281 255
0.5740 2.5309 0.4000 -0.4703 0.3291 129
0.5870 2.5449 0.4000 -0.4856 0.3299 110
0.6000 2.5588 0.4000 -0.5010 0.3302 101
0.6120 2.5728 0.4000 -0.5156 0.3296 97
0.6260 2.5867 0.4000 -0.5321 0.3298 92
0.6390 2.6007 0.4000 -0.5478 0.3290 94
0.6510 2.6146 0.4000 -0.5627 0.3274 86
0.6640 2.6286 0.4000 -0.5785 0.3259 91
0.6730 2.6425 0.4000 -0.5909 0.3221 98
0.6970 2.6565 0.4000 -0.6166 0.3250 105
0.7250 2.6704 0.4000 -0.6460 0.3291 124
0.7340 2.6844 0.4000 -0.6586 0.3240 130
0.7610 2.6983 0.4000 -0.6875 0.3264 131
0.7660 2.7123 0.4000 -0.6965 0.3188 99
0.3310 2.7262 0.4000 -0.3029 0.1336 104
0.3400 2.7402 0.4000 -0.3130 0.1328 138
0.3560 2.7541 0.4000 -0.3296 0.1345 53
0.8920 2.7681 0.4000 -0.8305 0.3255 53
0.9230 2.7820 0.4000 -0.8640 0.3248 255
0.9500 2.7960 0.4000 -0.8938 0.3218 255
0.9820 2.8099 0.4000 -0.9285 0.3198 255
1.0230 2.8239 0.4000 -0.9718 0.3196 255
1.0460 2.8378 0.4000 -0.9981 0.3129 3
0.3090 2.8518 0.4000 -0.2961 0.0883 3
0.3200 2.8797 0.4000 -0.3091 0.0829 116
0.3260 2.8936 0.4000 -0.3160 0.0800 49
1.7590 2.9076 0.4000 -1.7111 0.4079 22
1.7500 2.9215 0.4000 -1.7078 0.3820 255
1.7480 2.9355 0.4000 -1.7110 0.3577 255
1.7430 2.9494 0.4000 -1.7109 0.3329 255
1.7390 2.9634 0.4000 -1.7115 0.3083 255
1.7350 2.9773 0.4000 -1.7116 0.2837 255
1.7330 2.9913 0.4000 -1.7135 0.2595 255
1.7310 3.0052 0.4000 -1.7149 0.2353 255
1.7290 3.0192 0.4000 -1.7161 0.2111 255
1.7250 3.0331 0.4000 -1.7149 0.1867 255
1.7190 3.0471 0.4000 -1.7113 0.1622 255
1.7130 3.0610 0.4000 -1.7074 0.1379 255
1.7100 3.0750 0.4000 -1.7062 0.1138 255
1.7090 3.0889 0.4000 -1.7066 0.0900 255
1.7080 3.1029 0.4000 -1.7067 0.0661 255
1.7080 3.1168 0.4000 -1.7075 0.0423 255
1.7070 3.1308 0.4000 -1.7069 0.0185 255
1.7060 3.1447 0.4000 -1.7060 -0.0053 255
1.7070 3.1587 0.4000 -1.7068 -0.0292 255
1.7080 3.1726 0.4000 -1.7072 -0.0530 255
1.7080 3.1866 0.4000 -1.7063 -0.0768 255
1.7100 3.2005 0.4000 -1.7070 -0.1007 255
1.7130 3.2145 0.4000 -1.7085 -0.1247 255
1.7160 3.2284 0.4000 -1.7095 -0.1488 255
1.7190 3.2424 0.4000 -1.7103 -0.1730 255
1.2950 3.2563 0.4000 -1.2865 -0.1483 59
1.2830 3.2703 0.4000 -1.2724 -0.1647 255
1.7320 3.2842 0.4000 -1.7144 -0.2462 255
1.7360 3.2982 0.4000 -1.7148 -0.2707 255
1.7380 3.3121 0.4000 -1.7128 -0.2950 255
1.7400 3.3261 0.4000 -1.7105 -0.3192 255
1.7480 3.3400 0.4000 -1.7137 -0.3446 255
1.1640 3.3540 0.4000 -1.1378 -0.2454 50
1.1270 3.3679 0.4000 -1.0983 -0.2529 255
1.0990 3.3819 0.4000 -1.0674 -0.2615 40
1.0930 3.3958 0.4000 -1.0579 -0.2749 56
1.0920 3.4098 0.4000 -1.0530 -0.2894 255
0.3210 3.4237 0.4000 -0.3083 -0.0894 86
0.3070 3.4377 0.4000 -0.2936 -0.0896 117
0.3010 3.4516 0.4000 -0.2866 -0.0918 3
1.4000 3.4656 0.4000 -1.3272 -0.4457 29
1.4250 3.4795 0.4000 -1.3444 -0.4725 255
1.4250 3.4935 0.4000 -1.3377 -0.4912 109
1.4480 3.5074 0.4000 -1.3522 -0.5180 255
1.5050 3.5214 0.4000 -1.3978 -0.5579 93
0.3380 3.5493 0.4000 -0.3103 -0.1340 40
0.3290 3.5632 0.4000 -0.3002 -0.1346 127
0.3290 3.5772 0.4000 -0.2983 -0.1388 171
0.3230 3.5911 0.4000 -0.2909 -0.1404 57
1.0780 3.6051 0.4000 -0.9643 -0.4819 35
1.1030 3.6190 0.4000 -0.9797 -0.5068 129
1.1270 3.6330 0.4000 -0.9936 -0.5318 121
1.9560 3.6469 0.4000 -1.7115 -0.9469 255
1.9030 3.6609 0.4000 -1.6521 -0.9444 255
1.8600 3.6748 0.4000 -1.6018 -0.9455 255
1.8100 3.6888 0.4000 -1.5457 -0.9417 255
1.7530 3.7027 0.4000 -1.4842 -0.9329 255
1.7330 3.7167 0.4000 -1.4542 -0.9426 255
1.6950 3.7306 0.4000 -1.4093 -0.9417 255
1.6610 3.7446 0.4000 -1.3681 -0.9420 255
1.6310 3.7585 0.4000 -1.3303 -0.9436 255
1.6190 3.7725 0.4000 -1.3073 -0.9550 255
1.5850 3.7864 0.4000 -1.2667 -0.9527 255
2.0790 3.8004 0.4000 -1.6439 -1.2727 26
2.0960 3.8143 0.4000 -1.6393 -1.3061 28
2.0980 3.8283 0.4000 -1.6225 -1.3301 26
2.1700 3.8422 0.4000 -1.6588 -1.3990 24
2.1880 3.8562 0.4000 -1.6527 -1.4338 29
2.1930 3.8701 0.4000 -1.6363 -1.4601 27
2.2040 3.8841 0.4000 -1.6239 -1.4902 32
2.2210 3.8980 0.4000 -1.6153 -1.5244 24
2.2490 3.9120 0.4000 -1.6140 -1.5662 27
2.2710 3.9259 0.4000 -1.6075 -1.6041 24
2.3360 3.9399 0.4000 -1.6304 -1.6730 25
2.4770 3.9538 0.4000 -1.7039 -1.7979 30
2.5350 3.9678 0.4000 -1.7179 -1.8641 254
2.5540 3.9817 0.4000 -1.7044 -1.9021 254
2.5690 3.9957 0.4000 -1.6876 -1.9370 254
2.6160 4.0096 0.4000 -1.6908 -1.9962 254
0.8770 4.0236 0.4000 -0.5574 -0.6771 255
0.8140 4.0375 0.4000 -0.5086 -0.6356 255
0.8090 4.0515 0.4000 -0.4966 -0.6387 255
0.8080 4.0654 0.4000 -0.4870 -0.6447 255
0.8100 4.0794 0.4000 -0.4792 -0.6531 255
0.8100 4.0933 0.4000 -0.4700 -0.6597 255
0.8120 4.1073 0.4000 -0.4619 -0.6678 255
0.8110 4.1212 0.4000 -0.4520 -0.6734 255
0.8050 4.1352 0.4000 -0.4393 -0.6746 255
0.8040 4.1491 0.4000 -0.4293 -0.6798 255
0.8070 4.1631 0.4000 -0.4213 -0.6883 255
0.8060 4.1770 0.4000 -0.4112 -0.6932 46
0.8040 4.1910 0.4000 -0.4005 -0.6972 255
0.8050 4.2049 0.4000 -0.3912 -0.7036 255
0.8100 4.2189 0.4000 -0.3837 -0.7134 255
0.8180 4.2328 0.4000 -0.3774 -0.7257 255
0.8380 4.2468 0.4000 -0.3762 -0.7488 255
0.8930 4.2607 0.4000 -0.3897 -0.8035 74
0.8990 4.2747 0.4000 -0.3810 -0.8143 255
0.8670 4.2886 0.4000 -0.3565 -0.7903 63
0.8480 4.3026 0.4000 -0.3379 -0.7778 73
0.8410 4.3165 0.4000 -0.3243 -0.7760 62
0.8310 4.3305 0.4000 -0.3097 -0.7711 63
0.8210 4.3444 0.4000 -0.2953 -0.7660 65
0.8110 4.3584 0.4000 -0.2811 -0.7607 65
0.8030 4.3723 0.4000 -0.2678 -0.7570 123
0.7960 4.3863 0.4000 -0.2550 -0.7541 61
0.7870 4.4002 0.4000 -0.2417 -0.7490 69
0.7760 4.4142 0.4000 -0.2280 -0.7418 64
0.7690 4.4281 0.4000 -0.2157 -0.7381 68
0.7620 4.4421 0.4000 -0.2035 -0.7343 69
0.7550 4.4560 0.4000 -0.1914 -0.7303 73
0.7590 4.4700 0.4000 -0.1822 -0.7368 64
0.7700 4.4839 0.4000 -0.1744 -0.7500 83
0.7350 4.4979 0.4000 -0.1564 -0.7182 103
0.7450 4.5118 0.4000 -0.1484 -0.7301 53
0.7620 4.5258 0.4000 -0.1414 -0.7488 46
0.9430 4.5397 0.4000 -0.1620 -0.9290 36
0.9380 4.5537 0.4000 -0.1482 -0.9262 255
0.2420 4.5816 0.4000 -0.0316 -0.2399 39
0.2410 4.5955 0.4000 -0.0281 -0.2394 67
2.6480 4.6095 0.4000 -0.2720 -2.6340 210
2.5550 4.6234 0.4000 -0.2269 -2.5449 238
2.1670 4.6513 0.4000 -0.1322 -2.1630 204
2.1660 4.6653 0.4000 -0.1020 -2.1636 251
2.1640 4.6792 0.4000 -0.0717 -2.1628 254
2.1620 4.6932 0.4000 -0.0415 -2.1616 254
2.1590 4.7072 0.4000 -0.0113 -2.1590 254
1.8590 4.7211 0.4000 0.0162 -1.8589 76
1.8240 4.7351 0.4000 0.0413 -1.8235 61
1.7870 4.7490 0.4000 0.0654 -1.7858 255
0.2420 4.7630 0.4000 0.0122 -0.2417 54
0.2390 4.7769 0.4000 0.0154 -0.2385 52
0.6410 4.8048 0.4000 0.0592 -0.6383 3
0.6180 4.8188 0.4000 0.0656 -0.6145 25
2.6680 4.8606 0.4000 0.3940 -2.6387 254
2.6780 4.8746 0.4000 0.4324 -2.6429 254
2.6810 4.8885 0.4000 0.4697 -2.6395 254
2.6870 4.9025 0.4000 0.5076 -2.6386 254
2.6920 4.9164 0.4000 0.5454 -2.6362 254
2.7000 4.9304 0.4000 0.5839 -2.6361 154
2.7120 4.9443 0.4000 0.6233 -2.6394 254
2.7220 4.9583 0.4000 0.6625 -2.6401 254
2.7290 4.9722 0.4000 0.7011 -2.6374 254
2.7400 4.9862 0.4000 0.7408 -2.6380 254
2.7560 5.0001 0.4000 0.7820 -2.6427 254
2.7690 5.0141 0.4000 0.8227 -2.6440 254
2.7790 5.0280 0.4000 0.8626 -2.6417 254
2.7920 5.0420 0.4000 0.9036 -2.6417 254
2.8060 5.0559 0.4000 0.9451 -2.6421 254
2.8200 5.0699 0.4000 0.9867 -2.6417 254
2.8350 5.0838 0.4000 1.0289 -2.6417 254
2.8500 5.0978 0.4000 1.0713 -2.6410 254
2.8640 5.1117 0.4000 1.1135 -2.6387 254
2.8800 5.1257 0.4000 1.1566 -2.6375 254
2.8980 5.1396 0.4000 1.2008 -2.6375 254
2.9180 5.1536 0.4000 1.2460 -2.6386 254
2.9390 5.1675 0.4000 1.2919 -2.6398 254
2.9570 5.1815 0.4000 1.3367 -2.6376 254
2.9520 5.1954 0.4000 1.3711 -2.6143 254
2.9360 5.2094 0.4000 1.3998 -2.5808 254
2.8420 5.2233 0.4000 1.3897 -2.4791 110
1.5670 5.2373 0.4000 0.7852 -1.3561 82
1.5260 5.2512 0.4000 0.7830 -1.3098 255
1.4730 5.2652 0.4000 0.7734 -1.2536 255
1.4530 5.2791 0.4000 0.7801 -1.2258 255
1.4070 5.2931 0.4000 0.7719 -1.1764 255
1.3910 5.3070 0.4000 0.7792 -1.1523 255
1.3610 5.3210 0.4000 0.7781 -1.1167 255
1.3330 5.3349 0.4000 0.7773 -1.0829 255
1.3060 5.3489 0.4000 0.7762 -1.0503 255
1.2820 5.3628 0.4000 0.7763 -1.0203 255
1.2590 5.3768 0.4000 0.7763 -0.9912 255
1.2360 5.3907 0.4000 0.7756 -0.9624 255
1.2170 5.4047 0.4000 0.7768 -0.9368 255
1.1960 5.4186 0.4000 0.7762 -0.9099 255
1.1720 5.4326 0.4000 0.7729 -0.8810 255
1.1510 5.4465 0.4000 0.7711 -0.8545 79
1.1370 5.4605 0.4000 0.7734 -0.8334 255
1.1230 5.4744 0.4000 0.7753 -0.8124 255
1.1070 5.4884 0.4000 0.7754 -0.7901 255
1.1020 5.5023 0.4000 0.7827 -0.7757 255
1.0880 5.5163 0.4000 0.7834 -0.7550 255
3.5260 5.5302 0.4000 2.5728 -2.4111 220
3.5940 5.5442 0.4000 2.6564 -2.4208 214
3.6690 5.5581 0.4000 2.7461 -2.4332 214
3.8170 5.5860 0.4000 2.9263 -2.4507 199
3.9090 5.6000 0.4000 3.0316 -2.4677 206
4.0320 5.6139 0.4000 3.1622 -2.5015 247
4.1420 5.6279 0.4000 3.2840 -2.5242 242
4.1650 5.6418 0.4000 3.3373 -2.4919 242
4.3700 5.6558 0.4000 3.5377 -2.5655 172
4.3940 5.6697 0.4000 3.5928 -2.5297 240
4.7130 5.6837 0.4000 3.8911 -2.6593 223
4.7840 5.6976 0.4000 3.9870 -2.6440 240
4.7840 5.7116 0.4000 4.0235 -2.5881 238
4.7940 5.7255 0.4000 4.0677 -2.5370 240
2.6100 5.7534 0.4000 2.2522 -1.3189 36
2.5830 5.7674 0.4000 2.2469 -1.2741 254
2.5730 5.7813 0.4000 2.2557 -1.2378 254
2.5530 5.7953 0.4000 2.2551 -1.1968 254
2.5360 5.8092 0.4000 2.2564 -1.1575 254
2.5200 5.8232 0.4000 2.2580 -1.1188 251
2.5100 5.8371 0.4000 2.2644 -1.0829 254
2.4800 5.8511 0.4000 2.2520 -1.0386 254
0.2990 5.8650 0.4000 0.2732 -0.1214 55
0.3140 5.8790 0.4000 0.2887 -0.1235 119
0.3140 5.8929 0.4000 0.2904 -0.1195 53
0.3310 5.9069 0.4000 0.3078 -0.1216 100
0.3520 5.9208 0.4000 0.3291 -0.1248 67
2.3890 5.9348 0.4000 2.2455 -0.8156 42
2.3820 5.9487 0.4000 2.2500 -0.7819 254
2.3780 5.9627 0.4000 2.2569 -0.7492 233
2.4570 5.9766 0.4000 2.3424 -0.7415 250
2.4520 5.9906 0.4000 2.3478 -0.7073 254
0.2900 6.0045 0.4000 0.2788 -0.0798 44
0.2990 6.0185 0.4000 0.2886 -0.0782 93
0.2990 6.0324 0.4000 0.2896 -0.0742 45
0.3100 6.0464 0.4000 0.3013 -0.0727 84
4.1470 6.0603 0.4000 4.0444 -0.9166 43
4.1530 6.0743 0.4000 4.0627 -0.8613 226
4.1600 6.0882 0.4000 4.0812 -0.8059 248
4.1440 6.1022 0.4000 4.0763 -0.7460 247
4.1090 6.1161 0.4000 4.0518 -0.6833 249
1.4920 6.1301 0.4000 1.4745 -0.2276 255
1.4870 6.1440 0.4000 1.4726 -0.2063 255
1.4850 6.1580 0.4000 1.4734 -0.1855 255
1.4830 6.1719 0.4000 1.4738 -0.1647 255
1.4810 6.1859 0.4000 1.4740 -0.1439 255
1.4790 6.1998 0.4000 1.4739 -0.1232 255
1.4780 6.2138 0.4000 1.4744 -0.1025 255
1.4760 6.2277 0.4000 1.4737 -0.0818 255
1.4740 6.2417 0.4000 1.4727 -0.0612 255
1.4740 6.2556 0.4000 1.4734 -0.0406 255
