1.4531 0.473 0.1337 1
1.4619 0.471 0.0805 1
1.3921 0.448 0.1279 2
1.4117 0.4538 0.1821 1
1.3493 0.4296 0.0742 3
1.3613 0.4331 0.125 4
1.3754 0.4371 0.1772 3
1.3603 0.4279 0.0747 5
1.3457 0.423 0.1234 5
1.3636 0.4281 0.1755 5
1.4264 0.4437 0.0261 1
1.3523 0.4202 0.0742 7
1.3281 0.4124 0.1217 7
1.331 0.4128 0.1711 7
1.3831 0.4284 0.2293 1
1.3916 0.4276 0.0254 3
1.3366 0.4102 0.0733 11
1.3258 0.4066 0.1213 7
1.3343 0.4087 0.1713 10
1.3733 0.4201 0.2275 4
1.3777 0.4181 0.0251 4
1.3169 0.3993 0.0721 11
1.331 0.4031 0.1217 10
1.33 0.4023 0.1706 12
1.3482 0.4076 0.2231 5
1.3619 0.4083 0.0248 6
1.3145 0.3936 0.0719 12
1.3076 0.391 0.1194 11
1.3162 0.3934 0.1687 12
1.3231 0.3949 0.2187 8
1.3384 0.3962 0.0244 9
1.3024 0.385 0.0712 15
1.2993 0.3839 0.1185 12
1.3118 0.3871 0.1679 13
1.3226 0.3898 0.2184 9
1.452 0.4276 0.2942 1
1.4351 0.4218 -0.0261 1
1.3378 0.391 0.0243 10
1.3076 0.3816 0.0714 17
1.3006 0.3793 0.1185 15
1.2941 0.3769 0.1655 16
1.305 0.3796 0.2153 11
1.3705 0.3984 0.2774 2
1.4039 0.4073 -0.0255 4
1.3315 0.3841 0.0242 11
1.2878 0.371 0.0702 16
1.3 0.3743 0.1184 18
1.2763 0.3669 0.1631 20
1.3177 0.3783 0.2171 12
1.3512 0.3877 0.2732 4
1.3957 0.3997 -0.0253 6
1.3232 0.3767 0.024 12
1.2795 0.3637 0.0697 17
1.2898 0.3664 0.1173 18
1.2814 0.3636 0.1635 19
1.3038 0.3694 0.2146 13
1.3506 0.3824 0.2729 5
1.3759 0.3888 -0.025 8
1.3168 0.3699 0.0239 13
1.2768 0.3584 0.0695 17
1.2815 0.3593 0.1164 18
1.275 0.357 0.1626 19
1.2917 0.3614 0.2124 13
1.3425 0.3751 0.2709 7
1.356 0.3783 -0.0246 10
1.3026 0.3613 0.0236 13
1.2761 0.3534 0.0694 18
1.2693 0.3511 0.1152 18
1.28 0.3538 0.1631 20
1.291 0.3563 0.2121 16
1.3229 0.3649 0.2668 9
1.3554 0.3731 -0.0245 14
1.2981 0.3551 0.0235 14
1.2677 0.3466 0.0689 20
1.2724 0.3474 0.1154 21
1.2621 0.3441 0.1606 20
1.2979 0.3536 0.2131 17
1.3147 0.3577 0.2648 10
1.3547 0.3681 -0.0245 16
1.2935 0.3492 0.0234 16
1.2573 0.339 0.0682 20
1.2755 0.3434 0.1156 21
1.2517 0.3368 0.1592 20
1.2915 0.347 0.2118 17
1.3064 0.3508 0.2629 9
1.412 0.3789 -0.0766 1
1.391 0.373 0.3325 1
1.354 0.3628 -0.0245 18
1.3025 0.3466 0.0235 15
1.2527 0.3331 0.0679 20
1.2652 0.3359 0.1145 21
1.2549 0.3327 0.1594 22
1.2679 0.3359 0.2077 22
1.3058 0.3455 0.2626 10
1.425 0.3768 -0.0772 2
1.3395 0.3542 0.3199 3
1.3282 0.3509 -0.024 19
1.2939 0.3397 0.0234 16
1.2461 0.3269 0.0675 20
1.2566 0.3292 0.1137 22
1.2598 0.3296 0.1599 22
1.2652 0.3307 0.2071 22
1.2993 0.3392 0.261 11
1.3973 0.3645 -0.0757 4
1.3388 0.3492 0.3194 4
1.3216 0.3445 -0.0238 21
1.2835 0.3324 0.0231 20
1.2549 0.3245 0.0679 21
1.2423 0.321 0.1123 22
1.2551 0.3239 0.1592 22
1.2702 0.3273 0.2077 22
1.2795 0.3295 0.2568 13
1.3811 0.3554 -0.0747 6
1.3287 0.3416 0.3167 6
1.3228 0.3399 -0.0238 21
1.2807 0.3269 0.0231 20
1.2503 0.3187 0.0676 21
1.2473 0.3175 0.1126 22
1.239 0.3151 0.157 22
1.2751 0.3238 0.2084 22
1.2845 0.3258 0.2576 14
1.3804 0.3498 -0.0746 6
1.3413 0.3396 0.3194 7
1.3182 0.3338 -0.0237 23
1.2839 0.3227 0.0231 20
1.2359 0.3102 0.0668 21
1.2581 0.3155 0.1135 22
1.2305 0.3082 0.1557 22
1.2648 0.3163 0.2065 24
1.2857 0.3213 0.2576 14
1.3642 0.3406 -0.0737 7
1.3122 0.3274 0.3122 9
1.3155 0.328 -0.0237 23
1.2772 0.3163 0.023 20
1.237 0.3059 0.0668 21
1.2495 0.3088 0.1126 22
1.2393 0.3058 0.1567 23
1.2506 0.3081 0.204 24
1.283 0.3158 0.2568 15
1.3595 0.3344 -0.0734 9
1.3114 0.3224 0.3118 9
1.2953 0.3182 -0.0233 27
1.2744 0.3109 0.0229 21
1.2381 0.3016 0.0668 21
1.2428 0.3025 0.1119 25
1.2403 0.3014 0.1567 23
1.2401 0.3009 0.2021 22
1.2802 0.3104 0.2561 16
1.3568 0.3288 -0.0732 10
1.305 0.3159 0.31 9
1.2964 0.3136 -0.0233 25
1.2619 0.3032 0.0227 21
1.2352 0.2963 0.0666 21
1.2361 0.2963 0.1112 25
1.2336 0.2953 0.1557 23
1.2469 0.298 0.2031 24
1.2622 0.3014 0.2522 16
1.3463 0.3212 -0.0725 12
1.3042 0.3109 0.3095 9
1.2955 0.3086 -0.0232 29
1.261 0.2983 0.0226 22
1.2382 0.2925 0.0667 21
1.2391 0.2925 0.1114 23
1.2385 0.2919 0.1562 24
1.2518 0.2945 0.2037 25
1.2652 0.2974 0.2526 16
1.3396 0.3147 -0.0721 12
1.2996 0.305 0.3082 10
1.3063 0.3064 -0.0234 25
1.264 0.2944 0.0227 21
1.2295 0.2859 0.0662 23
1.242 0.2886 0.1116 25
1.2318 0.2857 0.1553 23
1.249 0.2893 0.2031 25
1.2624 0.2921 0.2519 16
1.3329 0.3082 -0.0717 13
1.2854 0.297 0.3046 11
1.3016 0.3005 -0.0233 27
1.2689 0.2908 0.0227 21
1.2226 0.28 0.0657 22
1.2333 0.282 0.1107 26
1.2231 0.2792 0.154 23
1.2345 0.2816 0.2005 25
1.2615 0.2873 0.2515 18
1.3321 0.3031 -0.0716 15
1.2827 0.2916 0.3037 12
1.2928 0.294 -0.0231 29
1.4053 0.3193 0.3862 1
1.266 0.2858 0.0227 21
1.2392 0.2793 0.0666 25
1.2207 0.2746 0.1095 23
1.2337 0.2774 0.1553 23
1.2297 0.276 0.1996 25
1.4678 0.3292 -0.1316 1
1.2586 0.2823 0.2507 18
1.3331 0.2987 -0.0716 16
1.2874 0.2882 0.3046 13
1.2821 0.2868 -0.0229 31
1.3687 0.306 0.3758 1
1.2494 0.2774 0.0223 22
1.2342 0.2739 0.0663 26
1.2274 0.2719 0.11 27
1.2269 0.2713 0.1543 23
1.2422 0.2745 0.2015 25
1.4164 0.3127 -0.1269 1
1.2481 0.2753 0.2484 18
1.3263 0.2923 -0.0712 15
1.2903 0.2842 0.305 13
1.2928 0.2847 -0.0231 31
1.3565 0.2985 0.3722 3
1.2522 0.2737 0.0224 23
1.2352 0.2695 0.0663 23
1.2323 0.2685 0.1103 26
1.2123 0.2639 0.1523 23
1.2393 0.2693 0.2009 25
1.4096 0.3061 -0.1262 2
1.2432 0.2699 0.2473 19
1.3077 0.2837 -0.0701 15
1.2875 0.2791 0.3041 13
1.286 0.2785 -0.023 31
1.3425 0.2905 0.368 3
1.261 0.271 0.0225 23
1.2322 0.2646 0.066 26
1.2293 0.2635 0.11 26
1.2093 0.2588 0.1518 23
1.2363 0.2644 0.2002 25
1.4029 0.2997 -0.1255 3
1.2442 0.2656 0.2473 19
1.3146 0.2804 -0.0704 18
1.2675 0.2701 0.2992 14
1.2928 0.2755 -0.0231 31
1.334 0.284 0.3655 4
1.2541 0.2652 0.0224 26
1.2214 0.2578 0.0654 33
1.2302 0.2592 0.11 28
1.2141 0.2556 0.1523 23
1.2295 0.2584 0.199 25
1.4058 0.2952 -0.1257 3
1.245 0.2615 0.2473 19
1.3077 0.2744 -0.07 18
1.2798 0.2683 0.3019 14
1.2839 0.2689 -0.0229 31
1.3274 0.2778 0.3634 4
1.253 0.2604 0.0223 27
1.2262 0.2544 0.0656 26
1.2232 0.2535 0.1093 28
1.2169 0.2518 0.1526 23
1.2284 0.2537 0.1987 27
1.3913 0.2871 -0.1243 3
1.2652 0.2611 0.2511 20
1.3126 0.2706 -0.0702 18
1.275 0.2626 0.3005 14
1.277 0.2628 -0.0228 33
1.3151 0.2704 0.3598 5
1.2422 0.2536 0.0221 27
1.229 0.2505 0.0657 28
1.2222 0.2487 0.1091 31
1.2255 0.2491 0.1536 28
1.2274 0.249 0.1984 28
1.3825 0.2803 -0.1234 5
1.243 0.2518 0.2465 20
1.3155 0.2662 -0.0703 19
1.2721 0.2572 0.2996 14
1.2799 0.2588 -0.0228 33
1.3161 0.2658 0.3598 6
1.247 0.2499 0.0222 27
1.2299 0.2462 0.0657 32
1.225 0.2448 0.1093 33
1.2128 0.2419 0.1518 28
1.2302 0.2451 0.1987 28
1.3796 0.2747 -0.1231 5
1.2477 0.2482 0.2473 21
1.3047 0.2593 -0.0697 19
1.2749 0.2531 0.3001 15
1.2847 0.2551 -0.0229 36
1.3189 0.2616 0.3603 7
1.2439 0.2449 0.0221 33
1.217 0.2392 0.065 33
1.2317 0.2417 0.1098 36
1.2136 0.2379 0.1518 30
1.2349 0.2416 0.1993 28
1.3844 0.2706 -0.1234 6
1.2466 0.2437 0.2469 21
1.2898 0.2519 -0.0689 21
1.2605 0.2459 0.2965 15
1.2836 0.2502 -0.0228 33
1.3065 0.2544 0.3567 8
1.2428 0.2402 0.0221 31
1.2178 0.235 0.065 33
1.2188 0.2349 0.1086 32
1.2125 0.2333 0.1516 31
1.2183 0.2339 0.1965 27
1.3853 0.2658 -0.1234 6
1.2513 0.2401 0.2477 21
1.3025 0.2496 -0.0695 21
1.2575 0.2408 0.2956 15
1.2629 0.2416 -0.0224 36
1.3017 0.2488 0.3551 8
1.2515 0.2374 0.0222 31
1.2187 0.2307 0.065 34
1.2118 0.229 0.1079 32
1.2211 0.2305 0.1526 31
1.2171 0.2293 0.1962 28
1.3745 0.2587 -0.1224 7
1.2522 0.2355 0.2477 21
1.3014 0.2445 -0.0694 21
1.2698 0.2383 0.2983 15
1.2716 0.2387 -0.0226 36
1.2912 0.2421 0.352 8
1.2386 0.2302 0.022 32
1.2215 0.2266 0.0651 38
1.2166 0.2255 0.1082 32
1.218 0.2253 0.1521 34
1.216 0.2245 0.1959 28
1.3657 0.2519 -0.1215 9
1.2376 0.2283 0.2446 21
1.3023 0.2399 -0.0694 22
1.2592 0.2318 0.2956 16
1.2725 0.234 -0.0226 36
1.2806 0.2353 0.3489 9
1.2355 0.2252 0.0219 33
1.2222 0.2223 0.0651 38
1.2095 0.2196 0.1076 33
1.209 0.2193 0.1509 37
1.2226 0.2213 0.1968 31
1.3744 0.2485 -0.1222 10
1.2345 0.223 0.2439 22
1.2992 0.2345 -0.0692 21
1.26 0.2272 0.2956 16
1.2693 0.2288 -0.0225 36
1.2948 0.2332 0.3525 9
1.2401 0.2218 0.022 33
1.217 0.2174 0.0648 41
1.2161 0.2168 0.1081 36
1.2059 0.2146 0.1504 38
1.2233 0.2175 0.1968 30
1.3673 0.2428 -0.1215 9
1.243 0.2205 0.2454 22
1.2881 0.2283 -0.0686 22
1.2511 0.2215 0.2933 16
1.272 0.2252 -0.0225 36
1.2936 0.2288 0.352 10
1.2409 0.2177 0.022 33
1.2099 0.2118 0.0644 42
1.2169 0.2126 0.1081 38
1.2105 0.2113 0.1509 35
1.2105 0.2108 0.1946 28
1.3701 0.2384 -0.1217 9
1.2476 0.2171 0.2461 21
1.2968 0.2254 -0.069 22
1.2442 0.216 0.2915 16
1.2649 0.2194 -0.0224 36
1.3001 0.2253 0.3535 11
1.2396 0.213 0.022 35
1.2087 0.2073 0.0643 41
1.2058 0.2065 0.107 38
1.2151 0.2077 0.1514 38
1.2053 0.2056 0.1937 31
1.3493 0.2299 -0.1198 9
1.2348 0.2104 0.2435 22
1.3015 0.2215 -0.0692 22
1.2526 0.213 0.2933 19
1.2578 0.2136 -0.0223 38
1.2818 0.2175 0.3484 11
1.2404 0.2087 0.022 36
1.2173 0.2044 0.0647 41
1.2026 0.2015 0.1067 41
1.2158 0.2035 0.1514 39
1.2119 0.2024 0.1946 31
1.3599 0.2268 -0.1206 9
1.2316 0.2052 0.2427 24
1.2983 0.2161 -0.069 22
1.2591 0.2094 0.2947 19
1.2644 0.2102 -0.0224 38
1.2826 0.213 0.3484 10
1.2372 0.2035 0.0219 36
1.2219 0.2008 0.0649 46
1.2072 0.1979 0.107 41
1.2009 0.1964 0.1494 39
1.2165 0.1988 0.1952 34
1.3627 0.2224 -0.1208 9
1.2285 0.2003 0.2419 22
1.2853 0.2093 -0.0682 22
1.2579 0.2046 0.2942 20
1.2632 0.2055 -0.0223 36
1.2814 0.2082 0.3479 11
1.2418 0.2 0.022 37
1.2049 0.1936 0.064 50
1.2118 0.1943 0.1074 41
1.2015 0.1925 0.1494 39
1.2289 0.1964 0.1971 37
1.3576 0.2167 -0.1203 11
1.233 0.1968 0.2427 24
1.286 0.2051 -0.0682 22
1.2432 0.198 0.2906 20
1.2659 0.2014 -0.0224 38
1.2802 0.2035 0.3473 12
1.2425 0.1957 0.022 35
1.2036 0.1891 0.0638 48
1.2144 0.1906 0.1076 43
1.2042 0.1886 0.1497 42
1.214 0.1897 0.1946 40
1.3583 0.2122 -0.1203 11
1.2337 0.1925 0.2427 24
1.2946 0.2018 -0.0687 22
1.2439 0.1937 0.2906 20
1.2646 0.1967 -0.0223 40
1.279 0.1987 0.3468 12
1.2392 0.1907 0.0219 37
1.2082 0.1855 0.0641 48
1.2052 0.1849 0.1067 46
1.2146 0.1859 0.1509 45
1.2146 0.1854 0.1946 39
1.3531 0.2066 -0.1198 11
1.2382 0.1888 0.2435 25
1.2953 0.1973 -0.0687 24
1.2523 0.1905 0.2924 20
1.2554 0.1908 -0.0222 40
1.274 0.1934 0.3453 14
1.228 0.1846 0.0217 37
1.2108 0.1816 0.0642 49
1.2039 0.1804 0.1065 46
1.2192 0.1822 0.1514 45
1.2153 0.1812 0.1946 42
1.3479 0.201 -0.1192 12
1.2272 0.1828 0.2412 24
1.292 0.1922 -0.0685 22
1.2491 0.1856 0.2915 20
1.26 0.187 -0.0222 38
1.2708 0.1883 0.3442 13
1.2286 0.1803 0.0217 40
1.2154 0.178 0.0644 52
1.2144 0.1776 0.1074 50
1.2002 0.1751 0.1489 48
1.2237 0.1781 0.1959 42
1.3545 0.1971 -0.1198 12
1.2298 0.1788 0.2416 27
1.2828 0.1862 -0.0679 22
1.2516 0.1815 0.292 20
1.2666 0.1834 -0.0223 45
1.2715 0.1839 0.3442 13
1.2372 0.1772 0.0218 40
1.2001 0.1717 0.0635 50
1.2091 0.1725 0.1069 56
1.2047 0.1715 0.1494 49
1.2204 0.1735 0.1952 42
1.3591 0.1929 -0.1201 11
1.2343 0.175 0.2423 29
1.2775 0.1809 -0.0676 24
1.2407 0.1757 0.2893 21
1.2652 0.1789 -0.0223 38
1.2797 0.1808 0.3463 14
1.2378 0.1731 0.0218 40
1.1967 0.1671 0.0633 52
1.2156 0.1693 0.1074 61
1.2092 0.168 0.1499 50
1.2112 0.1681 0.1937 43
1.3696 0.1898 -0.121 13
1.2329 0.1706 0.2419 29
1.282 0.1772 -0.0678 24
1.249 0.1726 0.2911 21
1.2579 0.1737 -0.0222 38
1.2765 0.176 0.3453 14
1.2383 0.169 0.0218 42
1.2112 0.1648 0.0641 61
1.2063 0.164 0.1065 65
1.2117 0.1643 0.1501 52
1.2117 0.1638 0.1937 43
1.3466 0.1821 -0.1189 12
1.2393 0.1673 0.2431 27
1.2905 0.174 -0.0682 25
1.2534 0.1688 0.292 20
1.2505 0.1682 -0.022 42
1.2656 0.17 0.3422 14
1.2211 0.1623 0.0215 40
1.2177 0.1614 0.0644 63
1.1989 0.1587 0.1058 68
1.2143 0.1603 0.1504 53
1.2162 0.1601 0.1943 45
1.3373 0.1761 -0.118 12
1.2282 0.1615 0.2408 29
1.2951 0.17 -0.0685 24
1.254 0.1644 0.292 21
1.265 0.1656 -0.0223 40
1.2623 0.1651 0.3411 14
1.2296 0.159 0.0216 38
1.2202 0.1574 0.0645 66
1.2054 0.1553 0.1063 85
1.203 0.1545 0.1489 53
1.2246 0.1569 0.1955 43
1.3498 0.1729 -0.1191 12
1.2327 0.1577 0.2416 31
1.2798 0.1635 -0.0676 24
1.2507 0.1596 0.2911 20
1.2636 0.161 -0.0222 40
1.2667 0.1612 0.3422 13
1.2361 0.1555 0.0217 42
1.197 0.1502 0.0632 67
1.2059 0.1511 0.1063 92
1.2055 0.1506 0.1492 57
1.2212 0.1521 0.1949 45
1.3464 0.1677 -0.1187 12
1.2274 0.1527 0.2404 29
1.2863 0.1598 -0.0679 25
1.2396 0.1537 0.2884 21
1.2681 0.1571 -0.0223 42
1.2711 0.1572 0.3432 14
1.2346 0.1509 0.0217 40
1.1975 0.146 0.0632 68
1.2144 0.1478 0.107 95
1.208 0.1466 0.1494 60
1.208 0.1462 0.1927 46
1.3509 0.1635 -0.1191 12
1.2338 0.1491 0.2416 27
1.2809 0.1546 -0.0676 25
1.246 0.1501 0.2897 21
1.2587 0.1514 -0.0221 40
1.2793 0.1537 0.3453 13
1.2351 0.1466 0.0217 43
1.2039 0.1425 0.0635 66
1.201 0.1419 0.1058 100
1.2164 0.1433 0.1504 59
1.2144 0.1427 0.1937 43
1.3476 0.1583 -0.1187 12
1.2343 0.1448 0.2416 28
1.2954 0.1517 -0.0684 25
1.2484 0.146 0.2902 21
1.2553 0.1466 -0.0221 42
1.2645 0.1474 0.3411 14
1.2197 0.1405 0.0214 42
1.2183 0.1399 0.0643 72
1.2055 0.1382 0.1062 100
1.2208 0.1395 0.1509 60
1.2208 0.1391 0.1946 46
1.3461 0.1534 -0.1185 12
1.227 0.1396 0.24 29
1.2939 0.147 -0.0682 25
1.2547 0.1423 0.2915 19
1.2697 0.1438 -0.0223 45
1.2689 0.1434 0.3422 14
1.2282 0.1371 0.0216 41
1.2128 0.135 0.064 71
1.2119 0.1346 0.1067 100
1.2114 0.1342 0.1497 70
1.2232 0.135 0.1949 45
1.3506 0.1491 -0.1189 13
1.2294 0.1355 0.2404 32
1.2785 0.1407 -0.0674 25
1.2572 0.1381 0.292 21
1.2722 0.1396 -0.0223 42
1.2655 0.1386 0.3411 14
1.2326 0.1333 0.0216 41
1.1974 0.1292 0.0631 71
1.2143 0.1306 0.1069 100
1.204 0.1291 0.1487 70
1.2237 0.131 0.1949 43
1.3531 0.1446 -0.1191 13
1.2318 0.1314 0.2408 30
1.283 0.1367 -0.0676 25
1.2538 0.1333 0.2911 20
1.2647 0.1345 -0.0222 42
1.2737 0.1352 0.3432 14
1.2331 0.1292 0.0216 42
1.2098 0.1263 0.0637 75
1.2128 0.1262 0.1067 100
1.2202 0.1267 0.1506 68
1.2143 0.1257 0.1934 46
1.3576 0.1403 -0.1194 12
1.2323 0.1273 0.2408 30
1.2874 0.1328 -0.0678 24
1.2426 0.128 0.2884 21
1.2492 0.1284 -0.0219 42
1.2741 0.1308 0.3432 14
1.2415 0.1257 0.0218 43
1.2141 0.1227 0.064 71
1.2073 0.1216 0.1062 100
1.2167 0.1221 0.1501 59
1.2127 0.1215 0.193 43
1.3481 0.1348 -0.1185 13
1.2366 0.1234 0.2416 29
1.2918 0.1287 -0.068 24
1.2527 0.1246 0.2906 22
1.2576 0.1251 -0.0221 42
1.2784 0.1269 0.3442 14
1.226 0.12 0.0215 42
1.2205 0.119 0.0643 72
1.2017 0.1168 0.1056 100
1.2191 0.1182 0.1504 60
1.2171 0.1176 0.1937 43
1.3505 0.1303 -0.1187 13
1.2253 0.1182 0.2393 30
1.3002 0.1252 -0.0685 25
1.2589 0.121 0.292 20
1.266 0.1215 -0.0222 42
1.2673 0.1214 0.3411 14
1.2304 0.1159 0.0216 42
1.221 0.1146 0.0643 72
1.22 0.1142 0.1072 100
1.2076 0.1127 0.1489 63
1.2293 0.1143 0.1955 42
1.353 0.1258 -0.1189 13
1.2257 0.1137 0.2393 29
1.2887 0.1193 -0.0678 25
1.2594 0.1164 0.292 20
1.2664 0.1168 -0.0222 38
1.2735 0.1172 0.3427 15
1.2387 0.1123 0.0217 42
1.2154 0.1098 0.064 71
1.2243 0.1103 0.1076 92
1.2041 0.1081 0.1484 63
1.2317 0.1101 0.1959 42
1.3554 0.1212 -0.1191 13
1.2456 0.1112 0.2431 27
1.2931 0.1152 -0.068 24
1.2481 0.111 0.2893 21
1.2688 0.1126 -0.0222 40
1.2758 0.113 0.3432 14
1.2431 0.1083 0.0218 42
1.1998 0.1041 0.0631 70
1.2227 0.1059 0.1074 80
1.2183 0.1051 0.1501 57
1.2222 0.105 0.1943 42
1.3637 0.1172 -0.1198 12
1.246 0.1068 0.2431 27
1.2975 0.111 -0.0682 24
1.2543 0.1071 0.2906 21
1.2592 0.1073 -0.0221 40
1.2878 0.1095 0.3463 14
1.2475 0.1043 0.0219 42
1.2141 0.1011 0.0638 67
1.2152 0.101 0.1067 77
1.2187 0.1008 0.1501 52
1.2186 0.1004 0.1937 43
1.3582 0.1119 -0.1192 12
1.2444 0.1023 0.2427 25
1.3018 0.1068 -0.0685 22
1.2566 0.1029 0.2911 20
1.2536 0.1024 -0.022 40
1.2727 0.1037 0.3422 14
1.2359 0.099 0.0216 40
1.2164 0.0972 0.064 63
1.2175 0.0969 0.1069 68
1.2348 0.0978 0.1521 52
1.2268 0.097 0.1949 43
1.3586 0.1072 -0.1192 12
1.2389 0.0975 0.2416 28
1.3022 0.1023 -0.0685 22
1.2686 0.0994 0.2938 20
1.2639 0.099 -0.0221 36
1.2731 0.0995 0.3422 14
1.2362 0.0949 0.0216 40
1.2148 0.0928 0.0638 59
1.2238 0.0931 0.1074 63
1.2173 0.0924 0.1499 49
1.2272 0.0927 0.1949 42
1.3589 0.1024 -0.1192 11
1.2431 0.0937 0.2423 27
1.2926 0.0972 -0.0679 22
1.269 0.0952 0.2938 21
1.2742 0.0954 -0.0223 40
1.2888 0.0962 0.3463 14
1.2405 0.0909 0.0217 40
1.2071 0.088 0.0634 57
1.2241 0.089 0.1074 53
1.2137 0.0879 0.1494 48
1.2294 0.0886 0.1952 40
1.3632 0.0982 -0.1196 13
1.2474 0.0896 0.2431 27
1.2929 0.0927 -0.0679 21
1.2615 0.0902 0.292 20
1.2686 0.0905 -0.0222 38
1.293 0.092 0.3473 13
1.2408 0.0865 0.0217 38
1.2114 0.0841 0.0636 56
1.2284 0.085 0.1077 50
1.2219 0.0842 0.1504 46
1.2298 0.0843 0.1952 42
1.3755 0.0943 -0.1206 11
1.2477 0.0853 0.2431 27
1.3052 0.089 -0.0686 22
1.2521 0.0851 0.2897 20
1.2689 0.0861 -0.0222 40
1.2933 0.0875 0.3473 13
1.2471 0.0826 0.0218 38
1.2177 0.0802 0.064 52
1.2207 0.0802 0.107 48
1.2262 0.0802 0.1509 45
1.23 0.08 0.1952 37
1.3639 0.0884 -0.1196 12
1.2578 0.0816 0.245 24
1.3055 0.0844 -0.0686 22
1.2718 0.082 0.2942 20
1.2612 0.0811 -0.0221 40
1.284 0.0824 0.3447 12
1.2394 0.0778 0.0217 40
1.2259 0.0765 0.0644 52
1.2269 0.0761 0.1076 46
1.2264 0.0759 0.1509 45
1.2303 0.0757 0.1952 39
1.3563 0.0832 -0.1189 12
1.2483 0.0763 0.2431 27
1.3058 0.0796 -0.0686 21
1.2799 0.0778 0.296 20
1.2814 0.0779 -0.0224 38
1.2843 0.0779 0.3447 13
1.2397 0.0732 0.0217 37
1.2322 0.0726 0.0647 48
1.2332 0.0722 0.1081 43
1.2188 0.0709 0.1499 44
1.2424 0.0721 0.1971 34
1.3824 0.08 -0.1211 11
1.2426 0.0717 0.2419 23
1.3041 0.075 -0.0685 22
1.2802 0.0734 0.296 19
1.2817 0.0735 -0.0224 38
1.298 0.0742 0.3484 13
1.2519 0.0698 0.0219 37
1.2165 0.0674 0.0638 48
1.2334 0.0679 0.1081 43
1.221 0.067 0.1501 42
1.2308 0.0671 0.1952 33
1.3807 0.075 -0.121 9
1.2546 0.0682 0.2442 24
1.3023 0.0705 -0.0684 21
1.2726 0.0687 0.2942 20
1.2859 0.0692 -0.0225 40
1.3041 0.0699 0.3499 12
1.2601 0.0658 0.022 35
1.2147 0.063 0.0637 49
1.2297 0.0636 0.1077 43
1.2311 0.0632 0.1514 45
1.235 0.063 0.1959 37
1.3869 0.0707 -0.1215 11
1.2549 0.0638 0.2442 25
1.3065 0.0662 -0.0686 22
1.2729 0.0643 0.2942 19
1.2642 0.0636 -0.0221 38
1.3101 0.0657 0.3515 13
1.2643 0.0616 0.0221 37
1.2209 0.0591 0.0641 48
1.2279 0.0592 0.1076 41
1.2294 0.0588 0.1511 42
1.2391 0.0589 0.1965 33
1.3851 0.0658 -0.1213 11
1.2629 0.0598 0.2458 23
1.3187 0.0622 -0.0692 22
1.2848 0.0604 0.2969 19
1.2724 0.0596 -0.0222 38
1.3007 0.0607 0.3489 12
1.2545 0.0567 0.0219 35
1.2271 0.0553 0.0644 44
1.2221 0.0546 0.107 38
1.2414 0.0551 0.1526 41
1.2295 0.0543 0.1949 30
1.3854 0.061 -0.1213 9
1.2553 0.055 0.2442 23
1.3269 0.0579 -0.0696 22
1.2908 0.0561 0.2983 19
1.2846 0.0559 -0.0224 36
1.2989 0.0563 0.3484 12
1.2627 0.0529 0.0221 33
1.2293 0.0511 0.0645 41
1.2303 0.0507 0.1077 38
1.2357 0.0507 0.1518 35
1.2375 0.0504 0.1962 30
1.3895 0.0563 -0.1217 9
1.2555 0.0509 0.2442 23
1.3131 0.053 -0.0689 19
1.2871 0.0517 0.2974 18
1.2948 0.0518 -0.0226 38
1.3165 0.0524 0.353 11
1.2669 0.0487 0.0221 35
1.2254 0.0466 0.0643 42
1.2304 0.0466 0.1077 38
1.2279 0.0461 0.1509 37
1.2495 0.0465 0.198 31
1.3957 0.0519 -0.1222 6
1.2674 0.0469 0.2465 22
1.3173 0.0485 -0.0691 21
1.2873 0.0472 0.2974 18
1.2949 0.0473 -0.0226 36
1.3186 0.0479 0.3535 9
1.267 0.0442 0.0221 32
1.2216 0.0422 0.0641 42
1.2425 0.0427 0.1088 38
1.238 0.0421 0.1521 35
1.2359 0.0416 0.1959 28
1.3939 0.047 -0.122 6
1.2754 0.0428 0.2481 22
1.3215 0.0441 -0.0693 19
1.2796 0.0424 0.2956 19
1.2851 0.0424 -0.0224 36
1.3342 0.0438 0.3577 9
1.2692 0.0399 0.0222 31
1.2417 0.0386 0.0651 39
1.2347 0.0382 0.1081 36
1.2421 0.0379 0.1526 35
1.234 0.0373 0.1955 30
1.396 0.0422 -0.1222 6
1.2775 0.0384 0.2484 21
1.3336 0.0398 -0.0699 19
1.2934 0.0384 0.2987 18
1.2872 0.038 -0.0225 36
1.3285 0.039 0.3561 9
1.2593 0.0352 0.022 33
1.2378 0.0341 0.0649 38
1.2388 0.034 0.1084 35
1.2462 0.0337 0.1531 35
1.2421 0.0332 0.1968 30
1.3982 0.0373 -0.1224 5
1.2659 0.0336 0.2461 21
1.3377 0.0353 -0.0701 19
1.2896 0.0338 0.2978 16
1.2934 0.0336 -0.0226 33
1.3306 0.0344 0.3567 8
1.2634 0.0309 0.0221 35
1.2459 0.03 0.0653 38
1.2429 0.0297 0.1088 35
1.2384 0.0292 0.1521 35
1.2501 0.029 0.198 28
1.4102 0.0327 -0.1234 5
1.2738 0.0294 0.2477 21
1.3258 0.0303 -0.0695 19
1.2995 0.0295 0.3001 15
1.3015 0.0293 -0.0227 33
1.3539 0.0303 0.3629 8
1.2735 0.0267 0.0222 30
1.246 0.0257 0.0653 35
1.249 0.0255 0.1093 32
1.2424 0.0249 0.1526 31
1.262 0.0249 0.1999 28
1.4243 0.0281 -0.1246 3
1.2778 0.025 0.2484 21
1.3299 0.0258 -0.0697 19
1.2957 0.0249 0.2992 15
1.3056 0.0248 -0.0228 33
1.3501 0.0255 0.3618 8
1.2796 0.0223 0.0223 32
1.2461 0.0213 0.0653 38
1.253 0.0212 0.1096 30
1.2445 0.0206 0.1528 30
1.2443 0.0202 0.1971 27
1.4323 0.0233 -0.1253 3
1.2799 0.0206 0.2488 20
1.346 0.0214 -0.0705 18
1.3035 0.0205 0.301 15
1.2936 0.0201 -0.0226 33
1.3618 0.0209 0.3649 7
1.2857 0.018 0.0224 28
1.2522 0.017 0.0656 31
1.2451 0.0167 0.1089 32
1.2525 0.0164 0.1538 28
1.2483 0.0159 0.1977 28
1.4105 0.018 -0.1234 2
1.2839 0.0161 0.2496 20
1.358 0.0168 -0.0712 18
1.3017 0.0159 0.3005 15
1.3017 0.0157 -0.0227 33
1.3657 0.0162 0.366 6
1.2737 0.0133 0.0222 28
1.2562 0.0127 0.0658 30
1.2452 0.0124 0.1089 30
1.2605 0.0121 0.1548 27
1.2543 0.0116 0.1987 25
1.4305 0.0132 -0.1252 1
1.28 0.0116 0.2488 21
1.3541 0.0121 -0.071 18
1.3153 0.0115 0.3037 14
1.3078 0.0112 -0.0228 33
1.3658 0.0114 0.366 4
1.2798 0.0089 0.0223 26
1.2543 0.0083 0.0657 27
1.2651 0.0082 0.1107 30
1.2565 0.0077 0.1543 27
1.2682 0.0073 0.2009 28
1.4405 0.0083 -0.126 1
1.282 0.0072 0.2492 20
1.3521 0.0073 -0.0709 15
1.3154 0.0069 0.3037 14
1.3198 0.0067 -0.023 31
1.3851 0.0068 0.3711 3
1.2878 0.0045 0.0225 26
1.2563 0.0039 0.0658 26
1.2711 0.0038 0.1112 27
1.2506 0.0033 0.1536 31
1.2702 0.0029 0.2012 25
1.2938 0.0027 0.2515 19
1.3521 0.0026 -0.0709 15
1.3154 0.0023 0.3037 14
1.3178 0.0021 -0.023 31
1.2978 0 0.0227 26
1.2603 -0.0004 0.066 26
1.2731 -0.0007 0.1114 28
1.2625 -0.0011 0.155 24
1.2662 -0.0015 0.2005 25
1.2977 -0.0018 0.2522 19
1.3641 -0.0021 -0.0715 13
1.3212 -0.0023 0.305 13
1.3178 -0.0025 -0.023 31
1.3018 -0.0043 0.0227 25
1.2683 -0.0044 0.0665 26
1.2572 -0.0048 0.11 26
1.2784 -0.0054 0.157 24
1.2702 -0.0055 0.2012 25
1.3114 -0.0062 0.2549 18
1.3721 -0.0067 -0.0719 13
1.3232 -0.0067 0.3055 11
1.3098 -0.0066 -0.0229 31
1.2858 -0.0085 0.0224 25
1.2782 -0.0089 0.067 25
1.2592 -0.0092 0.1102 25
1.2744 -0.0096 0.1565 24
1.28 -0.0101 0.2027 25
1.3075 -0.0105 0.2542 18
1.394 -0.0114 -0.0731 12
1.3309 -0.0112 0.3073 11
1.3317 -0.0114 -0.0232 27
1.2977 -0.0131 0.0227 22
1.2762 -0.0134 0.0669 26
1.279 -0.0136 0.1119 27
1.2664 -0.0139 0.1555 24
1.2839 -0.0146 0.2034 24
1.3035 -0.015 0.2534 19
1.38 -0.0161 -0.0723 12
1.3406 -0.0159 0.3095 9
1.3377 -0.0161 -0.0234 27
1.3097 -0.0178 0.0229 23
1.2681 -0.0177 0.0665 23
1.283 -0.0181 0.1123 27
1.2783 -0.0185 0.157 23
1.2898 -0.0191 0.2043 25
1.3192 -0.0198 0.2564 18
1.3879 -0.0211 -0.0727 10
1.3367 -0.0205 0.3086 9
1.3376 -0.0208 -0.0234 25
1.3096 -0.0224 0.0229 22
1.2681 -0.0221 0.0665 23
1.2829 -0.0226 0.1123 25
1.2722 -0.0229 0.1562 23
1.2917 -0.0237 0.2046 25
1.3093 -0.0242 0.2545 16
1.3998 -0.0261 -0.0734 7
1.3424 -0.0253 0.31 9
1.3436 -0.0256 -0.0235 23
1.3115 -0.027 0.0229 21
1.272 -0.0266 0.0667 21
1.2748 -0.0271 0.1116 23
1.286 -0.0276 0.1579 23
1.2837 -0.028 0.2034 24
1.317 -0.0292 0.2561 15
1.4157 -0.0316 -0.0742 7
1.3501 -0.0304 0.3118 9
1.3455 -0.0303 -0.0235 21
1.3154 -0.0319 0.023 20
1.2918 -0.0316 0.0677 21
1.2827 -0.0318 0.1123 23
1.2879 -0.0324 0.1582 23
1.2875 -0.0326 0.204 24
1.3208 -0.0339 0.2568 14
1.4276 -0.0369 -0.0748 5
1.3695 -0.0354 0.3163 7
1.3553 -0.0353 -0.0237 19
1.3193 -0.0364 0.023 20
1.2917 -0.0359 0.0677 21
1.2906 -0.0363 0.113 23
1.2779 -0.0364 0.157 22
1.3052 -0.0374 0.2068 22
1.3207 -0.0383 0.2568 14
1.4194 -0.0414 -0.0744 4
1.383 -0.0403 0.3194 6
1.3672 -0.0401 -0.0239 19
1.3252 -0.041 0.0231 20
1.2916 -0.0404 0.0677 20
1.2984 -0.0408 0.1137 22
1.2857 -0.0409 0.1579 22
1.3208 -0.0424 0.2093 20
1.3422 -0.0434 0.261 13
1.4353 -0.0466 -0.0753 4
1.3751 -0.0449 0.3176 5
1.3691 -0.0449 -0.0239 19
1.333 -0.0459 0.0233 16
1.2914 -0.0449 0.0677 20
1.3022 -0.0455 0.114 22
1.2955 -0.0457 0.1592 22
1.3009 -0.0463 0.2062 22
1.342 -0.048 0.261 13
1.465 -0.0527 -0.0768 1
1.3769 -0.0498 0.3181 3
1.3769 -0.05 -0.024 17
1.3408 -0.0508 0.0234 16
1.2953 -0.0495 0.0679 20
1.2961 -0.0498 0.1135 22
1.3032 -0.0505 0.1601 22
1.3087 -0.0512 0.2074 21
1.3536 -0.0532 0.2633 12
1.3727 -0.0547 -0.024 17
1.3386 -0.0554 0.0234 15
1.3131 -0.0548 0.0689 18
1.3059 -0.0547 0.1143 20
1.311 -0.0554 0.1611 22
1.3223 -0.0563 0.2096 19
1.3632 -0.0583 0.2652 10
1.3925 -0.0603 -0.0243 17
1.3444 -0.0603 0.0235 14
1.3129 -0.0592 0.0689 18
1.3236 -0.0601 0.1159 21
1.3088 -0.0599 0.1609 20
1.3418 -0.0616 0.2128 17
1.3571 -0.0628 0.2641 9
1.3923 -0.0649 -0.0243 14
1.3542 -0.0653 0.0237 14
1.3027 -0.0633 0.0684 18
1.3214 -0.0646 0.1157 20
1.3086 -0.0642 0.1609 20
1.3456 -0.0665 0.2134 17
1.3765 -0.0683 0.2679 9
1.41 -0.0707 -0.0246 10
1.36 -0.0703 0.0238 12
1.3104 -0.0682 0.0688 17
1.3251 -0.0692 0.1161 20
1.3242 -0.0696 0.1628 19
1.3434 -0.0711 0.2131 16
1.3919 -0.0739 0.2709 7
1.4038 -0.0753 -0.0245 10
1.3737 -0.0758 0.024 12
1.3221 -0.0735 0.0694 17
1.3288 -0.0743 0.1164 15
1.3378 -0.075 0.1645 17
1.347 -0.076 0.2137 15
1.4054 -0.0798 0.2736 6
1.4095 -0.0805 -0.0246 6
1.3754 -0.081 0.024 10
1.3378 -0.0792 0.0702 17
1.3425 -0.0798 0.1177 16
1.3494 -0.0806 0.166 16
1.3704 -0.0824 0.2174 13
1.3992 -0.0844 0.2725 5
1.4351 -0.0873 -0.0251 4
1.3771 -0.0859 0.0241 9
1.3455 -0.0844 0.0707 17
1.3442 -0.0846 0.1178 16
1.3412 -0.0849 0.165 16
1.3741 -0.0874 0.2181 12
1.4361 -0.0916 0.2797 3
1.3908 -0.0916 0.0243 7
1.3352 -0.0885 0.0701 15
1.3578 -0.0902 0.1191 14
1.3449 -0.0898 0.1655 15
1.3974 -0.0938 0.2218 9
1.4104 -0.0979 0.0247 7
1.3608 -0.0949 0.0715 12
1.3694 -0.0958 0.1201 13
1.3604 -0.0956 0.1674 13
1.3852 -0.0978 0.2199 8
1.434 -0.1043 0.0251 4
1.3645 -0.0997 0.0717 11
1.375 -0.1007 0.1206 12
1.3878 -0.1022 0.1709 12
1.3987 -0.1035 0.2221 6
1.4177 -0.1081 0.0248 3
1.392 -0.1066 0.0732 8
1.3767 -0.1057 0.1208 10
1.3993 -0.1079 0.1723 11
1.42 -0.11 0.2256 4
1.4016 -0.112 0.0737 7
1.3962 -0.1121 0.1225 7
1.4088 -0.1136 0.1735 7
1.4452 -0.1168 0.2296 2
1.4072 -0.1174 0.074 5
1.4196 -0.119 0.1246 7
1.4203 -0.1193 0.175 6
1.4048 -0.1222 0.0739 3
1.4271 -0.1244 0.1253 4
1.4357 -0.1256 0.177 3
1.4247 -0.1292 0.1252 2
