1.89413 0.012 -0.26083 100
1.90859 0.039 -0.262822 100
1.9178 0.0662 -0.264091 43
1.92464 -0.1112 -0.265032 36
1.91017 -0.0834 -0.26304 43
1.89829 -0.0561 -0.261403 100
1.89294 -0.0293 -0.260667 100
1.85627 0.0056 -0.234299 100
1.85895 0.0317 -0.234637 100
1.86431 0.0581 -0.235314 100
1.87721 0.085 -0.236942 100
1.89169 0.1124 -0.23877 100
1.93544 0.1423 -0.244292 45
1.90727 -0.1467 -0.240736 39
1.89625 -0.119 -0.239346 51
1.87592 -0.0912 -0.236779 100
1.86411 -0.0643 -0.235289 100
1.85687 -0.0379 -0.234374 100
1.85836 0.0196 -0.224733 100
1.86382 0.0459 -0.225394 100
1.87295 0.0725 -0.226498 100
1.8936 0.1 -0.228995 100
1.91187 0.128 -0.231204 47
1.89559 -0.1332 -0.229235 48
1.88725 -0.106 -0.228227 100
1.87276 -0.0788 -0.226474 100
1.86372 -0.0521 -0.225382 100
1.82896 0.0051 -0.191905 100
1.82966 0.0308 -0.191978 100
1.83403 0.0566 -0.192438 100
1.84209 0.0827 -0.193283 100
1.85462 0.1094 -0.194598 100
1.88654 0.1645 -0.197948 100
1.90236 -0.1659 -0.199607 44
1.87073 -0.1367 -0.196288 100
1.86059 -0.1097 -0.195224 100
1.84796 -0.083 -0.193899 100
1.83801 -0.0567 -0.192855 100
1.83065 -0.0308 -0.192083 100
1.83236 0.0055 -0.178118 100
1.83704 0.0313 -0.178573 100
1.84242 0.0573 -0.179095 100
1.85336 0.0838 -0.18016 100
1.86889 0.1108 -0.181669 100
1.88412 0.1384 -0.183149 100
1.9315 0.1692 -0.187755 52
1.89875 -0.1781 -0.184572 43
1.88422 -0.15 -0.183159 100
1.86222 -0.1219 -0.181021 100
1.84988 -0.095 -0.179821 100
1.84202 -0.0686 -0.179057 100
1.83784 -0.0426 -0.17865 100
1.81505 0.0245 -0.156728 100
1.81853 0.0501 -0.157029 100
1.8276 0.076 -0.157812 100
1.84135 0.1024 -0.158999 100
1.84962 0.129 -0.159713 100
1.87353 0.1571 -0.161778 100
1.92763 0.1889 -0.166449 100
1.89435 -0.2014 -0.163576 43
1.87413 -0.1727 -0.161829 100
1.84952 -0.1443 -0.159704 100
1.83447 -0.1172 -0.158405 100
1.82391 -0.0909 -0.157493 100
1.81704 -0.065 -0.1569 100
1.81285 -0.0394 -0.156538 100
1.81459 0.0064 -0.140192 100
1.81728 0.0318 -0.1404 100
1.82367 0.0574 -0.140893 100
1.83563 0.0835 -0.141818 100
1.84919 0.1101 -0.142865 100
1.86145 0.137 -0.143813 100
1.89904 0.1665 -0.146717 100
1.95109 0.1986 -0.150738 41
1.92476 -0.2204 -0.148704 40
1.878 -0.1885 -0.145091 100
1.86355 -0.1608 -0.143974 100
1.8447 -0.1332 -0.142519 100
1.83244 -0.1065 -0.141571 100
1.82177 -0.0803 -0.140747 100
1.81579 -0.0546 -0.140285 100
1.81439 -0.0292 -0.140177 100
1.79347 0.0072 -0.112583 100
1.79417 0.0322 -0.112626 100
1.79956 0.0574 -0.112965 100
1.80854 0.083 -0.113529 100
1.81922 0.1089 -0.114199 100
1.8314 0.1352 -0.114963 100
1.83928 0.1616 -0.115458 100
1.86962 0.1906 -0.117363 100
1.92132 0.223 -0.120608 100
1.92501 -0.2264 -0.12084 32
1.8773 -0.1943 -0.117845 100
1.84407 -0.165 -0.115759 100
1.83619 -0.1385 -0.115264 100
1.82102 -0.1119 -0.114312 100
1.80844 -0.0858 -0.113522 100
1.79846 -0.0602 -0.112896 100
1.79417 -0.0351 -0.112626 100
1.79413 0.0223 -0.0998047 100
1.80261 0.0476 -0.100277 100
1.8127 0.0732 -0.100838 100
1.82548 0.0992 -0.101549 100
1.84085 0.1259 -0.102404 100
1.86282 0.1535 -0.103626 100
1.88239 0.1816 -0.104715 100
1.9382 0.2144 -0.107819 47
1.90176 -0.2336 -0.105792 45
1.86022 -0.2021 -0.103482 100
1.84794 -0.1747 -0.102798 100
1.82827 -0.1471 -0.101704 100
1.81519 -0.1206 -0.100977 100
1.80671 -0.0947 -0.100504 100
1.79792 -0.0691 -0.100016 100
1.79473 -0.0439 -0.099838 100
1.78563 0.0137 -0.0900032 100
1.79033 0.0388 -0.0902398 100
1.79662 0.0641 -0.090557 100
1.80551 0.0897 -0.091005 100
1.81899 0.1159 -0.0916846 100
1.83717 0.1429 -0.0926008 100
1.84985 0.1699 -0.0932401 100
1.894 0.2007 -0.0954651 100
1.95052 0.2343 -0.0983144 48
1.92226 -0.2508 -0.0968898 41
1.87502 -0.218 -0.0945087 100
1.83617 -0.1875 -0.0925504 100
1.82468 -0.1605 -0.0919715 100
1.8098 -0.1338 -0.0912215 100
1.79752 -0.1076 -0.0906023 100
1.78983 -0.082 -0.0902147 100
1.78683 -0.0569 -0.0900636 100
1.78443 -0.0318 -0.0899428 100
1.78535 0.0203 -0.0744537 100
1.79084 0.0454 -0.0746829 100
1.79504 0.0706 -0.0748579 100
1.80383 0.0962 -0.0752245 100
1.81932 0.1225 -0.0758703 100
1.8353 0.1494 -0.076537 100
1.845 0.1762 -0.0769412 100
1.87717 0.2057 -0.0782828 100
1.94551 0.2408 -0.0811328 48
1.92722 -0.2495 -0.0803703 31
1.87497 -0.2161 -0.0781912 100
1.841 -0.1862 -0.0767745 100
1.83251 -0.1595 -0.0764203 100
1.81762 -0.1326 -0.0757995 100
1.80633 -0.1065 -0.0753287 100
1.79564 -0.0807 -0.0748829 100
1.78855 -0.0553 -0.074587 100
1.78615 -0.0303 -0.074487 100
1.78261 0.0184 -0.0321986 100
1.78421 0.0433 -0.0322275 100
1.78541 0.0682 -0.0322492 100
1.79231 0.0935 -0.0323738 100
1.80481 0.1195 -0.0325995 100
1.8159 0.1457 -0.0328 100
1.8276 0.1723 -0.0330113 100
1.8449 0.1999 -0.0333237 100
1.89349 0.2319 -0.0342014 100
1.94758 0.2662 -0.0351785 47
1.88139 -0.2321 -0.0339829 49
1.8656 -0.2038 -0.0336976 100
1.8384 -0.1749 -0.0332063 100
1.8177 -0.1474 -0.0328325 100
1.80271 -0.1209 -0.0325616 100
1.79321 -0.0952 -0.03239 100
1.78731 -0.0699 -0.0322835 100
1.78111 -0.0448 -0.0321715 100
1.77771 0.0155 -0.0259341 100
1.78531 0.0405 -0.026045 100
1.78961 0.0656 -0.0261077 100
1.79851 0.0911 -0.0262375 100
1.81101 0.1171 -0.0264199 100
1.82621 0.1437 -0.0266416 100
1.8389 0.1706 -0.0268269 100
1.8801 0.2009 -0.0274278 100
1.93169 0.2337 -0.0281805 100
1.8792 -0.25 -0.0274147 100
1.8637 -0.2215 -0.0271886 100
1.8368 -0.1924 -0.0267962 100
1.81541 -0.1646 -0.0264841 100
1.80051 -0.1379 -0.0262667 100
1.79231 -0.1121 -0.0261471 100
1.78671 -0.0868 -0.0260654 100
1.78171 -0.0616 -0.0259925 100
1.77741 -0.0366 -0.0259298 100
1.76886 0.0201 -0.0122874 100
1.77336 0.0448 -0.0123187 100
1.78056 0.0699 -0.0123687 100
1.78746 0.0951 -0.0124166 100
1.79586 0.1207 -0.012475 100
1.80896 0.1469 -0.012566 100
1.82466 0.1738 -0.012675 100
1.84096 0.2013 -0.0127882 100
1.88865 0.2332 -0.0131196 100
1.94465 0.2677 -0.0135086 47
1.95285 -0.274 -0.0135655 49
1.88605 -0.2379 -0.0131015 100
1.83946 -0.206 -0.0127778 100
1.82526 -0.1787 -0.0126792 100
1.80666 -0.1515 -0.01255 100
1.79256 -0.1252 -0.012452 100
1.78216 -0.0995 -0.0123798 100
1.77436 -0.0743 -0.0123256 100
1.77026 -0.0494 -0.0122971 100
1.76699 0.0062 0.00490972 100
1.76869 0.0308 0.00491444 100
1.77309 0.0557 0.00492667 100
1.78119 0.0808 0.00494917 100
1.78789 0.1061 0.00496779 100
1.79719 0.1318 0.00499363 100
1.81509 0.1586 0.00504337 100
1.83859 0.1865 0.00510866 100
1.85069 0.2139 0.00514228 100
1.89409 0.2457 0.00526287 100
1.89889 -0.248 0.00527621 47
1.85449 -0.2159 0.00515284 100
1.84139 -0.1884 0.00511644 100
1.81889 -0.1605 0.00505392 100
1.80099 -0.1337 0.00500419 100
1.78879 -0.1077 0.00497029 100
1.78009 -0.0823 0.00494612 100
1.77309 -0.0572 0.00492667 100
1.76869 -0.0324 0.00491444 100
1.76686 0.0185 0.0122735 100
1.77266 0.068 0.0123138 100
1.77956 0.0932 0.0123617 100
1.78706 0.1186 0.0124138 100
1.79816 0.1445 0.0124909 100
1.81486 0.1714 0.0126069 100
1.82626 0.1982 0.0126861 100
1.86396 0.2287 0.012948 100
1.92005 0.2628 0.0133377 100
1.91635 -0.2888 0.013312 34
1.86765 -0.2549 0.0129737 100
1.83136 -0.224 0.0127216 100
1.82036 -0.1969 0.0126451 100
1.80596 -0.1699 0.0125451 100
1.79226 -0.1434 0.01245 100
1.78206 -0.1176 0.0123791 100
1.77256 -0.0922 0.0123131 100
1.76666 -0.0672 0.0122721 100
1.76446 -0.0425 0.0122568 100
1.76567 0.0173 0.0285188 100
1.77127 0.042 0.0286092 100
1.78047 0.0671 0.0287578 100
1.78837 0.0924 0.0288854 100
1.79787 0.1181 0.0290388 100
1.81596 0.1448 0.0293311 100
1.83966 0.1725 0.0297138 100
1.85296 0.1999 0.0299286 100
1.90065 0.2319 0.030699 100
1.91875 -0.2846 0.0309913 45
1.86506 -0.2501 0.030124 100
1.83166 -0.2196 0.0295846 100
1.82056 -0.1926 0.0294054 100
1.80516 -0.1655 0.0291567 100
1.79037 -0.139 0.0289177 100
1.77917 -0.1131 0.0287368 100
1.77157 -0.0879 0.028614 100
1.76667 -0.0629 0.0285349 100
1.76537 -0.0382 0.0285139 100
1.75752 0.0012 0.041211 100
1.76132 0.0258 0.0413001 100
1.76681 0.0505 0.041429 100
1.77291 0.0755 0.041572 100
1.78171 0.1008 0.0417783 100
1.79401 0.1266 0.0420666 100
1.808 0.153 0.0423948 100
1.8266 0.1802 0.0428309 100
1.84379 0.2079 0.0432341 100
1.89528 0.2405 0.0444413 100
1.94716 0.2748 0.045658 50
1.85709 -0.2476 0.0435458 100
1.84149 -0.2194 0.0431801 100
1.8195 -0.1911 0.0426644 100
1.8031 -0.164 0.04228 100
1.78921 -0.1376 0.0419541 100
1.77901 -0.1118 0.041715 100
1.77041 -0.0865 0.0415134 100
1.76541 -0.0616 0.0413962 100
1.76312 -0.0369 0.0413423 100
1.75866 0.0012 0.068752 100
1.76145 0.0258 0.0688613 100
1.76595 0.0506 0.0690371 100
1.77005 0.0755 0.0691973 100
1.77684 0.1006 0.0694629 100
1.78713 0.1263 0.0698653 100
1.79923 0.1524 0.070338 100
1.81781 0.1796 0.0710645 100
1.83 0.2067 0.0715411 100
1.87057 0.2378 0.0731271 100
1.91843 0.2711 0.0749982 100
1.85518 -0.2622 0.0725255 100
1.84379 -0.2344 0.0720802 100
1.82101 -0.2057 0.0711895 100
1.80282 -0.1781 0.0704786 100
1.78823 -0.1515 0.0699083 100
1.77724 -0.1256 0.0694785 100
1.76885 -0.1002 0.0691504 100
1.76305 -0.0752 0.0689238 100
1.75996 -0.0504 0.0688028 100
1.75936 0.0025 0.0963386 100
1.76316 0.0271 0.0965464 100
1.76955 0.052 0.0968963 100
1.77764 0.0771 0.0973392 100
1.78443 0.1024 0.097711 100
1.79571 0.1283 0.0983288 100
1.81768 0.1554 0.0995317 100
1.82926 0.1822 0.100166 100
1.8702 0.2127 0.102408 100
1.91753 0.2453 0.104999 100
1.92611 -0.2986 0.105469 30
1.8688 -0.263 0.102331 100
1.83066 -0.2316 0.100242 100
1.81888 -0.2043 0.0995973 100
1.8017 -0.1769 0.0986568 100
1.78702 -0.1503 0.0978531 100
1.77604 -0.1244 0.0972517 100
1.76755 -0.099 0.0967869 100
1.76086 -0.0739 0.0964206 100
1.75667 -0.0491 0.096191 100
1.75565 0.0209 0.106842 100
1.76214 0.0456 0.107237 100
1.76933 0.0705 0.107674 100
1.77811 0.0958 0.108209 100
1.78859 0.1215 0.108847 100
1.80366 0.1479 0.109764 100
1.81235 0.1741 0.110292 100
1.84449 0.2033 0.112248 100
1.88901 0.2349 0.114957 100
1.89829 -0.278 0.115522 48
1.84948 -0.2445 0.112552 100
1.8359 -0.2166 0.111726 100
1.81095 -0.188 0.110207 100
1.79248 -0.1608 0.109083 100
1.7816 -0.1348 0.108421 100
1.77232 -0.1092 0.107856 100
1.76374 -0.0839 0.107334 100
1.75875 -0.059 0.10703 100
1.75645 -0.0344 0.106891 100
1.75678 0.0246 0.132964 100
1.76625 0.0495 0.133681 100
1.77433 0.0746 0.134292 100
1.78111 0.0999 0.134805 100
1.79347 0.1259 0.135741 100
1.81142 0.1527 0.137099 100
1.83196 0.1803 0.138654 100
1.85898 0.2093 0.140699 100
1.87663 0.238 0.142035 100
1.91462 -0.2838 0.144911 41
1.86108 -0.2493 0.140858 100
1.82279 -0.2182 0.13796 100
1.81182 -0.1912 0.13713 100
1.79347 -0.1639 0.135741 100
1.7816 -0.1376 0.134843 100
1.77243 -0.1119 0.134149 100
1.76485 -0.0866 0.133575 100
1.75887 -0.0617 0.133122 100
1.75658 -0.0369 0.132949 100
1.75618 0.0148 0.141817 100
1.76087 0.0395 0.142196 100
1.76804 0.0644 0.142775 100
1.77592 0.0896 0.143411 100
1.78349 0.115 0.144023 100
1.79266 0.1408 0.144763 100
1.80941 0.1677 0.146116 100
1.83363 0.1958 0.148072 100
1.84759 0.2235 0.149198 100
1.89762 0.2566 0.153239 100
1.89533 -0.2586 0.153054 48
1.84729 -0.2258 0.149174 100
1.83343 -0.1981 0.148055 100
1.80921 -0.1699 0.1461 100
1.79047 -0.1429 0.144586 100
1.77741 -0.1168 0.143532 100
1.76984 -0.0915 0.14292 100
1.76406 -0.0664 0.142453 100
1.75877 -0.0416 0.142027 100
1.76144 0.0228 0.162274 100
1.76791 0.0477 0.16287 100
1.77698 0.0728 0.163705 100
1.78873 0.0984 0.164787 100
1.80306 0.1246 0.166108 100
1.8181 0.1512 0.167494 100
1.82965 0.178 0.168558 100
1.8666 0.208 0.171961 100
1.91589 0.2407 0.176502 100
1.92395 -0.2918 0.177245 36
1.8647 -0.2561 0.171787 100
1.82657 -0.2249 0.168273 100
1.81462 -0.1977 0.167173 100
1.79838 -0.1705 0.165677 100
1.78365 -0.1439 0.16432 100
1.77359 -0.1181 0.163393 100
1.76712 -0.0929 0.162797 100
1.76323 -0.0679 0.162439 100
1.76005 -0.0432 0.162145 100
1.75875 0.0173 0.1796 100
1.76432 0.0421 0.180169 100
1.77149 0.0672 0.1809 100
1.77935 0.0925 0.181703 100
1.79178 0.1184 0.182973 100
1.8078 0.1449 0.184608 100
1.8274 0.1724 0.186609 100
1.84073 0.1997 0.187971 100
1.88808 0.2317 0.192806 100
1.95175 0.2674 0.199308 51
1.90529 -0.276 0.194564 38
1.85078 -0.2416 0.188997 100
1.83317 -0.2132 0.187199 100
1.81118 -0.185 0.184954 100
1.79377 -0.1578 0.183176 100
1.77994 -0.1314 0.181764 100
1.77169 -0.1058 0.18092 100
1.76502 -0.0806 0.18024 100
1.75995 -0.0556 0.179722 100
1.75656 -0.0308 0.179376 100
1.76275 0 0.208203 100
1.76851 0.0248 0.208883 100
1.77397 0.0498 0.209528 100
1.77903 0.075 0.210126 100
1.78877 0.1006 0.211276 100
1.80406 0.1269 0.213082 100
1.82293 0.1539 0.215311 100
1.84627 0.182 0.218067 100
1.86235 0.2101 0.219968 100
1.90953 0.2426 0.225539 100
1.85719 -0.2522 0.219358 100
1.8417 -0.2238 0.217528 100
1.81697 -0.195 0.214607 100
1.80078 -0.1677 0.212695 100
1.78608 -0.1411 0.210959 100
1.77794 -0.1153 0.209997 100
1.77238 -0.09 0.209341 100
1.76553 -0.0648 0.208531 100
1.76036 -0.0399 0.207921 100
1.76169 0.022 0.216148 100
1.7731 0.047 0.217548 100
1.77916 0.0721 0.218291 100
1.78799 0.0976 0.219375 100
1.80229 0.1238 0.221128 100
1.81916 0.1506 0.223199 100
1.84258 0.1786 0.226073 100
1.85966 0.2066 0.228167 100
1.91286 0.2397 0.234695 100
1.91147 -0.2862 0.234524 45
1.86412 -0.2525 0.228715 100
1.82501 -0.2212 0.223917 100
1.8131 -0.194 0.222456 100
1.79782 -0.1669 0.22058 100
1.78511 -0.1405 0.219022 100
1.77598 -0.1148 0.217901 100
1.76854 -0.0894 0.216988 100
1.76159 -0.0643 0.216135 100
1.75941 -0.0395 0.215867 100
1.77124 0.015 0.236077 100
1.7759 0.04 0.236698 100
1.78402 0.0654 0.237781 100
1.79483 0.0911 0.239221 100
1.8092 0.1174 0.241137 100
1.82813 0.1445 0.24366 100
1.85262 0.1727 0.246924 100
1.86877 0.2008 0.249077 100
1.92091 0.2338 0.256026 100
1.85837 -0.2472 0.24769 100
1.84389 -0.2189 0.245761 100
1.8211 -0.1902 0.242722 100
1.80474 -0.1628 0.240543 100
1.79404 -0.1364 0.239116 100
1.78184 -0.1103 0.237491 100
1.77332 -0.0847 0.236354 100
1.77134 -0.0596 0.23609 100
1.77104 -0.0346 0.236051 100
1.76874 0.0075 0.254841 100
1.77042 0.0325 0.255083 100
1.77477 0.0576 0.255711 100
1.7817 0.083 0.256709 100
1.79219 0.1089 0.258221 100
1.80536 0.1353 0.260117 100
1.82594 0.1628 0.263084 100
1.85109 0.1914 0.266706 100
1.86306 0.2192 0.268431 100
1.89642 -0.2558 0.273237 46
1.84871 -0.2228 0.266364 100
1.83386 -0.1948 0.264224 100
1.81367 -0.1668 0.261315 100
1.79704 -0.1398 0.258919 100
1.78398 -0.1134 0.257037 100
1.77754 -0.0879 0.25611 100
1.7726 -0.0626 0.255397 100
1.77032 -0.0375 0.255069 100
1.77041 0.0241 0.282447 100
1.77881 0.0494 0.283787 100
1.78789 0.0749 0.285236 100
1.79846 0.1008 0.286922 100
1.80971 0.1271 0.288718 100
1.82749 0.1544 0.291553 100
1.84092 0.1817 0.293696 100
1.88437 0.2129 0.300628 100
1.94392 0.2475 0.310128 50
1.89691 -0.2494 0.302629 50
1.8501 -0.2167 0.295161 100
1.82147 -0.1873 0.290592 100
1.81406 -0.1606 0.289411 100
1.79836 -0.1337 0.286906 100
1.7872 -0.1075 0.285126 100
1.77861 -0.0818 0.283755 100
1.77268 -0.0564 0.28281 100
1.7713 -0.0313 0.282589 100
1.77144 0.0075 0.289872 100
1.77509 0.0326 0.290469 100
1.78239 0.058 0.291664 100
1.79226 0.0837 0.293279 100
1.8047 0.1099 0.295314 100
1.82266 0.1368 0.298253 100
1.84713 0.165 0.302258 100
1.8644 0.1931 0.305084 100
1.91937 0.2263 0.314079 100
1.92135 -0.2731 0.314402 29
1.87111 -0.239 0.306182 100
1.83006 -0.2076 0.299464 100
1.81703 -0.1801 0.297332 100
1.79966 -0.1527 0.29449 100
1.7898 -0.1264 0.292875 100
1.78348 -0.1007 0.291842 100
1.7748 -0.075 0.290421 100
1.76976 -0.0498 0.289597 100
1.78806 0.0101 0.305679 100
1.78974 0.0355 0.305965 100
1.79397 0.061 0.30669 100
1.80275 0.0869 0.30819 100
1.81517 0.1133 0.310313 100
1.83015 0.1403 0.312874 100
1.85065 0.1682 0.316379 100
1.86287 0.196 0.318469 100
1.89944 -0.2325 0.324721 44
1.84957 -0.1999 0.316194 100
1.8335 -0.1719 0.313447 100
1.81891 -0.1446 0.310953 100
1.80994 -0.1181 0.30942 100
1.79762 -0.0917 0.307313 100
1.78983 -0.0659 0.305982 100
1.78757 -0.0405 0.305595 100
1.78559 0.0114 0.325402 100
1.78717 0.0368 0.325689 100
1.79336 0.0623 0.326818 100
1.80714 0.0885 0.329328 100
1.82239 0.1152 0.332107 100
1.84127 0.1426 0.335549 100
1.85279 0.1699 0.337647 100
1.89145 0.2005 0.344693 100
1.89371 -0.2416 0.345105 46
1.84501 -0.2089 0.336231 100
1.83006 -0.1809 0.333505 100
1.81274 -0.1533 0.33035 100
1.79996 -0.1266 0.328019 100
1.79071 -0.1004 0.326334 100
1.78608 -0.0748 0.325491 100
1.78294 -0.0493 0.324918 100
1.78904 0.0051 0.345005 100
1.79169 0.0305 0.345516 100
1.79994 0.0562 0.347107 100
1.81084 0.0823 0.349209 100
1.82419 0.1089 0.351784 100
1.84216 0.1362 0.355249 100
1.85571 0.1638 0.357862 100
1.89823 0.1947 0.366061 100
1.90117 -0.2315 0.366629 38
1.85532 -0.1993 0.357786 100
1.84029 -0.1713 0.354889 100
1.81997 -0.1434 0.35097 100
1.80799 -0.1166 0.34866 100
1.80062 -0.0905 0.347239 100
1.79385 -0.0647 0.345933 100
1.78963 -0.0391 0.345119 100
1.78765 0.0038 0.352148 100
1.79334 0.0294 0.353269 100
1.80158 0.0551 0.354892 100
1.81139 0.0813 0.356825 100
1.82287 0.1078 0.359087 100
1.83592 0.1348 0.361657 100
1.86908 0.164 0.36819 100
1.91441 0.1955 0.377119 100
1.8939 -0.2384 0.37308 39
1.85211 -0.2064 0.364846 100
1.83916 -0.1785 0.362295 100
1.81894 -0.1505 0.358313 100
1.80619 -0.1236 0.355801 100
1.79392 -0.0971 0.353385 100
1.78725 -0.0713 0.352071 100
1.78608 -0.0458 0.351839 100
1.80274 0.0116 0.373369 100
1.81116 0.0374 0.375113 100
1.82223 0.0635 0.377405 100
1.8329 0.09 0.379616 100
1.84622 0.117 0.382374 100
1.86198 0.1445 0.385639 100
1.9037 0.175 0.394279 51
1.87432 -0.2141 0.388194 48
1.86042 -0.1858 0.385315 100
1.83643 -0.1571 0.380346 100
1.81988 -0.1296 0.376918 100
1.81067 -0.1031 0.375012 100
1.80705 -0.0772 0.374261 100
1.80499 -0.0514 0.373836 100
1.80606 0.0103 0.381914 100
1.81154 0.0362 0.383072 100
1.81682 0.0622 0.38419 100
1.82651 0.0886 0.386238 100
1.84461 0.1159 0.390065 100
1.85752 0.1433 0.392796 100
1.89822 0.1737 0.401403 100
1.92875 -0.2488 0.407858 51
1.88325 -0.2157 0.398237 49
1.84715 -0.185 0.390603 100
1.8358 -0.1574 0.388203 100
1.82025 -0.13 0.384914 100
1.81203 -0.1035 0.383176 100
1.80645 -0.0773 0.381997 100
1.80342 -0.0515 0.381355 100
1.80853 0.0239 0.393278 100
1.82173 0.0501 0.396146 100
1.83355 0.0767 0.398717 100
1.84899 0.1038 0.402075 100
1.86198 0.1312 0.404901 100
1.90185 0.1614 0.413571 100
1.9126 -0.2237 0.415908 37
1.86296 -0.1909 0.405113 100
1.84684 -0.1627 0.401607 100
1.8313 -0.135 0.398229 100
1.82036 -0.108 0.395849 100
1.81283 -0.0816 0.394213 100
1.8099 -0.0556 0.393575 100
1.80951 -0.0297 0.39349 100
1.81067 0.023 0.398025 100
1.82971 0.0493 0.402212 100
1.84349 0.0761 0.405239 100
1.85394 0.103 0.407536 100
1.88841 0.132 0.415115 100
1.939 0.1634 0.426236 43
1.90873 -0.24 0.419581 37
1.86527 -0.2075 0.410027 100
1.8513 -0.1793 0.406956 100
1.83216 -0.1511 0.402748 100
1.81946 -0.1239 0.399957 100
1.81116 -0.0974 0.398133 100
1.80745 -0.0713 0.397317 100
1.80725 -0.0455 0.397274 100
1.82976 0.0075 0.422924 100
1.83921 0.0339 0.425109 100
1.85801 0.0609 0.429455 100
1.87555 0.0884 0.433509 100
1.88676 0.116 0.436099 100
1.9268 0.1462 0.445354 41
1.91579 -0.215 0.442809 30
1.87195 -0.1829 0.432676 47
1.8587 -0.1548 0.429613 100
1.84311 -0.127 0.42601 100
1.83297 -0.0999 0.423668 100
1.8284 -0.0734 0.422609 100
1.82528 -0.0471 0.421888 100
1.82526 0.0196 0.428568 100
1.84132 0.0462 0.43234 100
1.85612 0.0733 0.435814 100
1.86858 0.1006 0.43874 100
1.90976 0.1303 0.448409 50
1.87657 -0.1904 0.440615 45
1.86245 -0.1621 0.4373 100
1.84902 -0.1342 0.434146 100
1.83704 -0.1069 0.431334 100
1.8276 -0.08 0.429117 100
1.82458 -0.0537 0.428408 100
1.82419 -0.0275 0.428317 100
1.85683 0.0053 0.464317 100
1.87012 0.0323 0.467641 100
1.88021 0.0595 0.470163 100
1.91309 0.0881 0.478387 50
1.90805 -0.1904 0.477126 37
1.87371 -0.1598 0.468538 51
1.86216 -0.1318 0.465651 100
1.85207 -0.1044 0.463128 100
1.84751 -0.0775 0.461988 100
1.84548 -0.0508 0.461479 100
1.85333 0.0007 0.474059 100
1.86283 0.0275 0.476487 100
1.88162 0.0549 0.481295 100
1.89528 0.0827 0.484789 49
1.89199 -0.1888 0.483946 39
1.87794 -0.1601 0.480353 100
1.86157 -0.1317 0.476165 100
1.85062 -0.1041 0.473365 100
1.84597 -0.0772 0.472175 100
1.84393 -0.0505 0.471655 100
1.84902 0.024 0.473981 100
1.865 0.0511 0.478078 100
1.87478 0.0784 0.480586 100
1.90452 0.1072 0.48821 49
1.88505 -0.1648 0.483218 39
1.87265 -0.1366 0.48004 100
1.85589 -0.1085 0.475744 100
1.84853 -0.0813 0.473857 100
1.8465 -0.0546 0.473336 100
1.84514 -0.0279 0.472988 100
1.8458 0.016 0.474864 100
1.86671 0.0431 0.480246 100
1.8795 0.0705 0.483535 100
1.91707 0.0996 0.493202 47
1.87369 -0.168 0.48204 49
1.86613 -0.1402 0.480096 100
1.85335 -0.1124 0.476807 100
1.84599 -0.0853 0.474914 100
1.84308 -0.0585 0.474166 100
1.84366 -0.0319 0.474316 100
1.85073 0.012 0.476135 100
1.861 0.0389 0.478776 100
1.87194 0.0661 0.481591 100
1.90565 0.0948 0.490262 52
1.9622 0.126 0.504812 35
1.91572 -0.1883 0.492853 27
1.87746 -0.1573 0.483011 47
1.86788 -0.1294 0.480545 100
1.85393 -0.1016 0.476957 100
1.84541 -0.0745 0.474764 100
1.84337 -0.0478 0.474241 100
1.85092 0.0057 0.471387 100
1.86129 0.0324 0.474028 100
1.87718 0.0596 0.478075 100
1.88784 0.0871 0.48079 100
1.92515 0.1165 0.490292 39
1.90577 -0.1814 0.485356 40
1.87136 -0.1511 0.476594 100
1.86061 -0.1234 0.473855 100
1.8515 -0.0961 0.471535 100
1.84772 -0.0694 0.470573 100
1.84559 -0.0428 0.47003 100
1.8479 0.0236 0.474721 100
1.86572 0.0507 0.479299 100
1.87744 0.0781 0.482309 100
1.91008 0.107 0.490695 45
1.89148 -0.1664 0.485917 39
1.87715 -0.1379 0.482235 100
1.85855 -0.1097 0.477458 100
1.84916 -0.0825 0.475044 100
1.84625 -0.0558 0.474298 100
1.84489 -0.0292 0.473949 100
1.85203 0.0107 0.475098 100
1.86036 0.0375 0.477234 100
1.87131 0.0647 0.480042 100
1.90318 0.0933 0.488217 52
1.91083 -0.1919 0.49018 34
1.87363 -0.161 0.480639 100
1.86211 -0.133 0.477682 100
1.85213 -0.1055 0.475122 100
1.84855 -0.0786 0.474203 100
1.84651 -0.0519 0.473681 100
1.84693 0.0196 0.474472 100
1.87647 0.047 0.482061 100
1.89313 0.0747 0.48634 100
1.94127 0.1046 0.498707 38
1.9339 -0.2129 0.496816 100
1.88451 -0.18 0.484126 44
1.86843 -0.1514 0.479995 100
1.85284 -0.1233 0.47599 100
1.84567 -0.0961 0.474148 100
1.8448 -0.0695 0.473924 100
1.84751 -0.0429 0.474621 100
