0.840986 0.009 -0.184561 100
0.84167 0.0211 -0.184711 100
0.846261 0.0333 -0.185719 100
0.853489 0.0458 -0.187305 100
0.860619 0.0585 -0.18887 100
0.864526 -0.0934 -0.189727 100
0.856908 -0.0803 -0.188055 100
0.849191 -0.0673 -0.186362 100
0.84421 -0.0548 -0.185269 100
0.841865 -0.0426 -0.184754 100
0.840498 -0.0305 -0.184454 100
0.838838 -0.0184 -0.18409 100
0.841915 0.0006 -0.175438 100
0.842796 0.0126 -0.175622 100
0.84544 0.0247 -0.176173 100
0.850922 0.037 -0.177315 100
0.857187 0.0495 -0.178621 100
0.864236 0.0623 -0.180089 100
0.871089 0.0752 -0.181517 100
0.876865 0.0883 -0.182721 100
0.895955 0.1032 -0.186699 50
0.893605 -0.1226 -0.186209 43
0.876767 -0.1076 -0.182701 51
0.871284 -0.0944 -0.181558 100
0.863746 -0.0811 -0.179987 100
0.857873 -0.0683 -0.178763 100
0.850922 -0.0555 -0.177315 100
0.846712 -0.0432 -0.176438 100
0.844265 -0.031 -0.175928 100
0.842699 -0.0189 -0.175601 100
0.831349 0.0083 -0.16722 100
0.836055 0.0202 -0.168166 100
0.837624 0.0322 -0.168482 100
0.841055 0.0443 -0.169172 100
0.845172 0.0566 -0.17 100
0.852133 0.0693 -0.1714 100
0.859976 0.0823 -0.172978 100
0.866544 0.0953 -0.174299 100
0.888505 0.1106 -0.178716 100
0.913112 0.1269 -0.183665 45
0.926837 0.1422 -0.186426 33
0.895073 -0.1484 -0.180037 40
0.874681 -0.1323 -0.175935 100
0.859976 -0.1176 -0.172978 100
0.856545 -0.1048 -0.172287 100
0.846251 -0.0913 -0.170217 100
0.839584 -0.0785 -0.168876 100
0.837624 -0.0663 -0.168482 100
0.836545 -0.0543 -0.168265 100
0.837231 -0.0423 -0.168403 100
0.836741 -0.0304 -0.168304 100
0.835075 -0.0184 -0.167969 100
0.832964 0.0043 -0.158982 100
0.831785 0.0161 -0.158757 100
0.836402 0.0281 -0.159638 100
0.839938 0.0402 -0.160313 100
0.844162 0.0524 -0.161119 100
0.850252 0.0649 -0.162282 100
0.856145 0.0776 -0.163407 100
0.864691 0.0908 -0.165038 100
0.876085 0.1046 -0.167213 100
0.883354 0.1182 -0.1686 100
0.905946 0.1344 -0.172912 44
0.950541 0.1548 -0.181423 25
0.921663 -0.1546 -0.175912 34
0.887774 -0.136 -0.169444 51
0.870094 -0.1207 -0.166069 100
0.86587 -0.1076 -0.165263 100
0.857422 -0.0942 -0.16365 100
0.848877 -0.0811 -0.162019 100
0.844063 -0.0685 -0.161101 100
0.842885 -0.0564 -0.160876 100
0.838759 -0.0441 -0.160088 100
0.833357 -0.032 -0.159057 100
0.829821 -0.0201 -0.158382 100
0.819285 0.0016 -0.144899 100
0.819187 0.0132 -0.144881 100
0.821846 0.0249 -0.145351 100
0.824406 0.0367 -0.145804 100
0.829723 0.0488 -0.146745 100
0.836813 0.0611 -0.147999 100
0.842722 0.0736 -0.149043 100
0.848531 0.0863 -0.150071 100
0.852175 0.0989 -0.150715 100
0.866355 0.113 -0.153223 100
0.887132 0.1285 -0.156898 100
0.896881 0.143 -0.158622 48
0.946314 0.1646 -0.167365 38
0.905153 -0.1598 -0.160085 41
0.882997 -0.143 -0.156167 48
0.862416 -0.1271 -0.152527 100
0.857295 -0.114 -0.151621 100
0.848039 -0.1005 -0.149984 100
0.840457 -0.0876 -0.148643 100
0.83573 -0.0751 -0.147807 100
0.829822 -0.0627 -0.146762 100
0.826671 -0.0507 -0.146205 100
0.825292 -0.0388 -0.145961 100
0.823815 -0.027 -0.1457 100
0.823126 -0.0153 -0.145578 100
0.821305 0.0064 -0.144962 100
0.820123 0.018 -0.144753 100
0.820813 0.0297 -0.144875 100
0.824259 0.0415 -0.145483 100
0.830464 0.0536 -0.146578 100
0.835486 0.0659 -0.147465 100
0.84041 0.0782 -0.148334 100
0.848091 0.0911 -0.149689 100
0.860401 0.1048 -0.151862 100
0.865719 0.1179 -0.152801 100
0.888369 0.1338 -0.156798 100
0.915647 0.1512 -0.161613 44
0.925593 -0.1803 -0.163369 23
0.892997 -0.1608 -0.157615 44
0.871824 -0.1443 -0.153878 100
0.854295 -0.129 -0.150784 100
0.849076 -0.1159 -0.149863 100
0.842182 -0.0908 -0.148647 100
0.836471 -0.0782 -0.147638 100
0.829577 -0.0657 -0.146422 100
0.82554 -0.0536 -0.145709 100
0.824259 -0.0418 -0.145483 100
0.823767 -0.0301 -0.145396 100
0.823078 -0.0184 -0.145275 100
0.813892 0.0081 -0.134924 100
0.817641 0.0197 -0.135546 100
0.819219 0.0313 -0.135807 100
0.819713 0.0429 -0.135889 100
0.820995 0.0547 -0.136102 100
0.823166 0.0665 -0.136462 100
0.828 0.0787 -0.137263 100
0.835695 0.0914 -0.138539 100
0.842206 0.1041 -0.139618 100
0.855524 0.1304 -0.141826 100
0.875156 0.1461 -0.14508 100
0.901201 0.1636 -0.149398 44
0.948258 0.186 -0.157199 30
0.923398 -0.1947 -0.153078 19
0.891039 -0.1748 -0.147714 45
0.870125 -0.1579 -0.144246 100
0.852762 -0.1424 -0.141368 100
0.84773 -0.1292 -0.140534 100
0.838753 -0.1158 -0.139046 100
0.829479 -0.1026 -0.137508 100
0.823955 -0.0901 -0.136592 100
0.819219 -0.0778 -0.135807 100
0.815273 -0.0659 -0.135153 100
0.814089 -0.0542 -0.134957 100
0.812807 -0.0426 -0.134744 100
0.811327 -0.031 -0.134499 100
0.813755 0.0081 -0.129535 100
0.814545 0.0196 -0.129661 100
0.817113 0.0312 -0.130069 100
0.820569 0.0429 -0.130619 100
0.821853 0.0546 -0.130824 100
0.824025 0.0665 -0.13117 100
0.829852 0.0788 -0.132097 100
0.837555 0.0915 -0.133323 100
0.846048 0.1045 -0.134675 100
0.855233 0.1179 -0.136137 100
0.867182 0.1321 -0.138039 100
0.875083 0.1459 -0.139297 51
0.899179 0.163 -0.143133 46
0.951125 0.1863 -0.151402 26
0.921992 -0.181 -0.146764 23
0.892365 -0.1621 -0.142048 46
0.871132 -0.1456 -0.138668 100
0.852467 -0.1301 -0.135697 100
0.846443 -0.117 -0.134738 100
0.83716 -0.1037 -0.13326 100
0.828667 -0.0908 -0.131909 100
0.822939 -0.0784 -0.130997 100
0.819976 -0.0665 -0.130525 100
0.816915 -0.0546 -0.130038 100
0.814644 -0.0429 -0.129676 100
0.81415 -0.0314 -0.129598 100
0.814545 -0.0199 -0.129661 100
0.799291 0.0011 -0.124956 100
0.800181 0.0125 -0.125095 100
0.801959 0.0238 -0.125373 100
0.804429 0.0353 -0.12576 100
0.807887 0.0469 -0.1263 100
0.812037 0.0587 -0.126949 100
0.816087 0.0706 -0.127582 100
0.819941 0.0826 -0.128185 100
0.82656 0.0951 -0.129219 100
0.834958 0.1081 -0.130532 100
0.845135 0.1216 -0.132123 100
0.852149 0.1349 -0.13322 100
0.872601 0.1509 -0.136417 100
0.893744 0.1676 -0.139723 100
0.930103 0.188 -0.145407 38
0.896609 -0.1841 -0.14017 43
0.869933 -0.1658 -0.136 50
0.851754 -0.1499 -0.133158 100
0.844937 -0.1364 -0.132092 100
0.835946 -0.1228 -0.130687 100
0.826857 -0.1096 -0.129266 100
0.819447 -0.0968 -0.128107 100
0.815791 -0.0847 -0.127536 100
0.812926 -0.0728 -0.127088 100
0.809863 -0.061 -0.126609 100
0.805714 -0.0492 -0.12596 100
0.803342 -0.0377 -0.12559 100
0.799884 -0.0262 -0.125049 100
0.798205 -0.0148 -0.124786 100
0.803127 0.0062 -0.112727 100
0.802929 0.0176 -0.112699 100
0.805603 0.029 -0.113075 100
0.81105 0.0407 -0.113839 100
0.813327 0.0523 -0.114159 100
0.815506 0.064 -0.114465 100
0.819467 0.076 -0.115021 100
0.827192 0.0885 -0.116105 100
0.835708 0.1013 -0.1173 100
0.843135 0.1143 -0.118343 100
0.849275 0.1274 -0.119204 100
0.868883 0.1429 -0.121957 100
0.892254 0.1597 -0.125237 100
0.9181 0.1777 -0.128865 45
0.962168 0.2004 -0.13505 27
0.921269 -0.1973 -0.12931 32
0.889877 -0.1775 -0.124903 44
0.865021 -0.1599 -0.121414 100
0.847592 -0.1443 -0.118968 100
0.84264 -0.1313 -0.118273 100
0.835609 -0.1181 -0.117286 100
0.827291 -0.1051 -0.116119 100
0.820854 -0.0925 -0.115215 100
0.817091 -0.0804 -0.114687 100
0.81412 -0.0685 -0.11427 100
0.810059 -0.0567 -0.1137 100
0.80491 -0.0449 -0.112977 100
0.800454 -0.0333 -0.112352 100
0.80085 -0.022 -0.112407 100
0.792507 0.0103 -0.100869 100
0.796276 0.0216 -0.101349 100
0.797863 0.0329 -0.101551 100
0.799351 0.0443 -0.101741 100
0.802625 0.0558 -0.102157 100
0.809668 0.0678 -0.103054 100
0.814529 0.0798 -0.103672 100
0.817306 0.0917 -0.104026 100
0.823854 0.1042 -0.104859 100
0.832087 0.1172 -0.105907 100
0.841214 0.1306 -0.107069 100
0.846174 0.1436 -0.1077 100
0.864625 0.1593 -0.110049 100
0.88754 0.1766 -0.112965 100
0.917101 0.1959 -0.116728 41
0.898154 -0.1942 -0.114316 24
0.873553 -0.176 -0.111185 52
0.852522 -0.1593 -0.108508 100
0.843892 -0.1454 -0.10741 100
0.828119 -0.1307 -0.105402 100
0.823953 -0.1182 -0.104872 100
0.816711 -0.1054 -0.10395 100
0.81314 -0.0933 -0.103496 100
0.80947 -0.0813 -0.103029 100
0.803518 -0.0693 -0.102271 100
0.798458 -0.0575 -0.101627 100
0.796276 -0.0461 -0.101349 100
0.79578 -0.0348 -0.101286 100
0.796276 -0.0236 -0.101349 100
0.795483 -0.0123 -0.101248 100
0.795454 0.0028 -0.0940933 100
0.795355 0.014 -0.0940816 100
0.797043 0.0252 -0.0942813 100
0.800618 0.0366 -0.0947042 100
0.803002 0.048 -0.0949861 100
0.806179 0.0596 -0.095362 100
0.812237 0.0715 -0.0960786 100
0.818096 0.0837 -0.0967716 100
0.823757 0.0959 -0.0974412 100
0.831205 0.1087 -0.0983222 100
0.841434 0.1221 -0.0995322 100
0.847491 0.1351 -0.100249 100
0.870928 0.1514 -0.103021 100
0.893173 0.1683 -0.105652 100
0.916014 0.1859 -0.108354 47
0.885228 -0.1878 -0.104713 42
0.861494 -0.1701 -0.101905 100
0.844214 -0.1544 -0.0998611 100
0.838454 -0.1412 -0.0991798 100
0.831503 -0.1281 -0.0983575 100
0.82336 -0.115 -0.0973942 100
0.816011 -0.1023 -0.0965249 100
0.811343 -0.0902 -0.0959728 100
0.806577 -0.0782 -0.095409 100
0.802704 -0.0664 -0.0949508 100
0.799526 -0.0549 -0.0945749 100
0.797242 -0.0435 -0.0943048 100
0.795851 -0.0322 -0.0941403 100
0.79317 -0.0209 -0.0938231 100
0.78958 0.0105 -0.0827089 100
0.793359 0.0217 -0.0831047 100
0.794951 0.0329 -0.0832714 100
0.796442 0.0441 -0.0834277 100
0.797735 0.0554 -0.0835631 100
0.801813 0.0669 -0.0839903 100
0.808775 0.0789 -0.0847195 100
0.813549 0.0909 -0.0852196 100
0.817129 0.1029 -0.0855947 100
0.825483 0.1157 -0.0864698 100
0.829661 0.1282 -0.0869073 100
0.84448 0.1426 -0.0884596 100
0.865962 0.1587 -0.0907099 100
0.875311 0.1731 -0.0916892 100
0.900075 0.1911 -0.0942833 50
0.951693 0.216 -0.0996903 37
0.861288 -0.1776 -0.0902203 100
0.841197 -0.1613 -0.0881158 100
0.827671 -0.1467 -0.086699 100
0.823693 -0.1342 -0.0862822 100
0.817626 -0.1214 -0.0856467 100
0.811361 -0.1089 -0.0849904 100
0.803902 -0.0965 -0.0842091 100
0.800222 -0.0847 -0.0838236 100
0.798332 -0.0732 -0.0836256 100
0.794254 -0.0617 -0.0831985 100
0.790077 -0.0503 -0.0827609 100
0.789679 -0.0391 -0.0827193 100
0.790177 -0.0281 -0.0827714 100
0.78948 -0.017 -0.0826984 100
0.792198 0.0074 -0.0777016 100
0.791004 0.0185 -0.0775844 100
0.792597 0.0296 -0.0777406 100
0.793194 0.0408 -0.0777992 100
0.794488 0.0521 -0.0779261 100
0.796677 0.0634 -0.0781408 100
0.803644 0.0754 -0.0788241 100
0.811406 0.0876 -0.0795855 100
0.817079 0.0998 -0.0801419 100
0.821458 0.1121 -0.0805715 100
0.831609 0.1254 -0.0815671 100
0.843552 0.1393 -0.0827385 100
0.849424 0.1525 -0.0833144 100
0.871617 0.1692 -0.0854913 100
0.898389 0.1875 -0.0881171 100
0.925857 0.2068 -0.0908113 38
0.870821 -0.188 -0.0854132 34
0.848031 -0.1706 -0.0831778 100
0.840467 -0.1569 -0.0824359 100
0.830813 -0.1431 -0.081489 100
0.821956 -0.1297 -0.0806203 100
0.813795 -0.1167 -0.0798198 100
0.807425 -0.1043 -0.0791951 100
0.801952 -0.0921 -0.0786582 100
0.79817 -0.0804 -0.0782873 100
0.795184 -0.0688 -0.0779944 100
0.795085 -0.0576 -0.0779847 100
0.79389 -0.0463 -0.0778675 100
0.791402 -0.035 -0.0776235 100
0.78981 -0.0238 -0.0774673 100
0.790109 -0.0128 -0.0774966 100
0.782967 0.0015 -0.0689786 100
0.783864 0.0125 -0.0690576 100
0.785557 0.0235 -0.0692068 100
0.788147 0.0346 -0.069435 100
0.789642 0.0458 -0.0695666 100
0.792929 0.0571 -0.0698562 100
0.796017 0.0685 -0.0701283 100
0.799902 0.0802 -0.0704705 100
0.805679 0.0922 -0.0709795 100
0.811158 0.1043 -0.0714622 100
0.817533 0.1168 -0.0720239 100
0.826698 0.1299 -0.0728312 100
0.835564 0.1433 -0.0736123 100
0.840345 0.1563 -0.0740335 100
0.85967 0.1723 -0.0757361 100
0.887363 0.1908 -0.0781758 100
0.917646 0.2108 -0.0808436 48
0.83915 -0.1733 -0.0739282 100
0.834568 -0.1602 -0.0735245 100
0.824008 -0.1462 -0.0725943 100
0.816139 -0.1331 -0.071901 100
0.809963 -0.1205 -0.0713569 100
0.803687 -0.1081 -0.070804 100
0.797212 -0.0959 -0.0702336 100
0.793526 -0.0842 -0.0699089 100
0.790638 -0.0727 -0.0696544 100
0.788546 -0.0614 -0.0694701 100
0.78735 -0.0502 -0.0693648 100
0.786952 -0.0391 -0.0693297 100
0.785458 -0.0281 -0.069198 100
0.781772 -0.017 -0.0688733 100
0.781257 0.0097 -0.0643182 100
0.782054 0.0207 -0.0643838 100
0.785742 0.0318 -0.0646874 100
0.78913 0.043 -0.0649664 100
0.791422 0.0543 -0.0651551 100
0.795608 0.0657 -0.0654997 100
0.799595 0.0774 -0.0658279 100
0.806372 0.0894 -0.0663858 100
0.813946 0.1018 -0.0670094 100
0.818331 0.114 -0.0673704 100
0.825507 0.1268 -0.0679612 100
0.83647 0.1405 -0.0688637 100
0.850124 0.1551 -0.0699878 100
0.855705 0.1685 -0.0704472 100
0.876734 0.1854 -0.0721785 100
0.899357 0.2034 -0.074041 50
0.838962 -0.1709 -0.0690688 100
0.834477 -0.1578 -0.0686996 100
0.822816 -0.1437 -0.0677396 100
0.814843 -0.1306 -0.0670832 100
0.80976 -0.1182 -0.0666648 100
0.803382 -0.1058 -0.0661397 100
0.797801 -0.0937 -0.0656802 100
0.794113 -0.082 -0.0653766 100
0.790227 -0.0704 -0.0650566 100
0.788134 -0.0592 -0.0648843 100
0.785841 -0.0479 -0.0646956 100
0.783449 -0.0368 -0.0644987 100
0.780958 -0.0257 -0.0642936 100
0.78026 -0.0148 -0.0642361 100
0.776463 0.0039 -0.0488768 100
0.776363 0.0148 -0.0488705 100
0.77806 0.0257 -0.0489773 100
0.780555 0.0367 -0.0491344 100
0.784946 0.0479 -0.0494108 100
0.789238 0.0593 -0.0496809 100
0.791334 0.0706 -0.0498128 100
0.795226 0.0822 -0.0500579 100
0.801913 0.0942 -0.0504788 100
0.810396 0.1067 -0.0510128 100
0.817781 0.1193 -0.0514777 100
0.821873 0.1317 -0.0517352 100
0.829857 0.1449 -0.0522378 100
0.843431 0.1595 -0.0530922 100
0.84892 0.1728 -0.0534378 100
0.871774 0.1902 -0.0548764 100
0.89922 0.2094 -0.0566041 52
0.940738 0.233 -0.0592175 30
0.834049 -0.1757 -0.0525017 47
0.827662 -0.1623 -0.0520996 100
0.819977 -0.1489 -0.0516159 100
0.813091 -0.136 -0.0511824 100
0.806104 -0.1232 -0.0507426 100
0.798819 -0.1107 -0.050284 100
0.792332 -0.0986 -0.0498757 100
0.788639 -0.0869 -0.0496432 100
0.787841 -0.0757 -0.049593 100
0.785845 -0.0644 -0.0494673 100
0.780655 -0.053 -0.0491406 100
0.777361 -0.0419 -0.0489333 100
0.776862 -0.031 -0.0489019 100
0.776164 -0.0201 -0.0488579 100
0.775748 0.0088 -0.0440997 100
0.78044 0.0198 -0.0443665 100
0.781139 0.0307 -0.0444062 100
0.781638 0.0417 -0.0444346 100
0.783934 0.0529 -0.0445651 100
0.788127 0.0642 -0.0448035 100
0.793119 0.0758 -0.0450873 100
0.796913 0.0874 -0.045303 100
0.803603 0.0996 -0.0456832 100
0.810991 0.112 -0.0461032 100
0.81728 0.1246 -0.0464608 100
0.825268 0.1376 -0.0469148 100
0.829161 0.1502 -0.0471362 100
0.843638 0.1651 -0.0479592 100
0.866701 0.1822 -0.0492702 100
0.890362 0.2002 -0.0506153 100
0.919515 0.2203 -0.0522726 44
0.839644 -0.1799 -0.0477321 19
0.827364 -0.1652 -0.047034 100
0.824669 -0.1527 -0.0468808 100
0.816881 -0.1394 -0.0464381 100
0.808894 -0.1265 -0.045984 100
0.799709 -0.1136 -0.0454619 100
0.793319 -0.1014 -0.0450986 100
0.789625 -0.0897 -0.0448886 100
0.787828 -0.0784 -0.0447865 100
0.785831 -0.0671 -0.044673 100
0.781738 -0.0557 -0.0444403 100
0.777445 -0.0445 -0.0441962 100
0.775049 -0.0335 -0.04406 100
0.775448 -0.0226 -0.0440827 100
0.776646 -0.0118 -0.0441508 100
0.77424 0.0007 -0.0343084 100
0.77414 0.0115 -0.034304 100
0.774939 0.0224 -0.0343394 100
0.775539 0.0333 -0.0343659 100
0.776938 0.0442 -0.0344279 100
0.780234 0.0554 -0.034574 100
0.785429 0.0668 -0.0348042 100
0.788326 0.0782 -0.0349326 100
0.792123 0.0898 -0.0351008 100
0.797717 0.1017 -0.0353487 100
0.80521 0.1141 -0.0356807 100
0.813402 0.1269 -0.0360437 100
0.821394 0.14 -0.0363979 100
0.829186 0.1533 -0.0367432 100
0.833782 0.1662 -0.0369468 100
0.853862 0.1827 -0.0378366 100
0.873643 0.1997 -0.0387131 100
0.89692 0.2183 -0.0397446 50
0.945073 0.2441 -0.0418784 24
0.819296 -0.1672 -0.0363049 100
0.819596 -0.1554 -0.0363182 100
0.809905 -0.1418 -0.0358888 100
0.799915 -0.1286 -0.0354461 100
0.793721 -0.1162 -0.0351716 100
0.789325 -0.1043 -0.0349769 100
0.786828 -0.0928 -0.0348662 100
0.78503 -0.0814 -0.0347865 100
0.780134 -0.0699 -0.0345696 100
0.778036 -0.0588 -0.0344766 100
0.776738 -0.0477 -0.0344191 100
0.775339 -0.0368 -0.0343571 100
0.77484 -0.0259 -0.034335 100
0.77414 -0.015 -0.034304 100
0.774366 0 -0.0313501 100
0.775265 0.0109 -0.0313866 100
0.776064 0.0217 -0.0314189 100
0.776664 0.0326 -0.0314432 100
0.778163 0.0436 -0.0315039 100
0.780461 0.0547 -0.0315969 100
0.783558 0.066 -0.0317223 100
0.786556 0.0773 -0.0318437 100
0.789353 0.0888 -0.0319569 100
0.795049 0.1007 -0.0321875 100
0.802443 0.113 -0.0324868 100
0.812634 0.1261 -0.0328994 100
0.813733 0.138 -0.0329439 100
0.824525 0.1517 -0.0333808 100
0.843909 0.1675 -0.0341656 100
0.852202 0.1816 -0.0345013 100
0.871986 0.1986 -0.0353023 100
0.892469 0.2164 -0.0361315 52
0.955118 0.2458 -0.0386679 28
0.823525 -0.1671 -0.0333404 100
0.819928 -0.1544 -0.0331947 100
0.811136 -0.141 -0.0328388 100
0.802243 -0.1279 -0.0324787 100
0.795049 -0.1154 -0.0321875 100
0.791651 -0.1036 -0.03205 100
0.789054 -0.0921 -0.0319448 100
0.786256 -0.0806 -0.0318315 100
0.78136 -0.0691 -0.0316333 100
0.777263 -0.0578 -0.0314675 100
0.775964 -0.0467 -0.0314149 100
0.775565 -0.0358 -0.0313987 100
0.772967 -0.0249 -0.0312935 100
0.770269 -0.014 -0.0311843 100
0.771724 0.0049 -0.0206437 100
0.771524 0.0156 -0.0206383 100
0.772224 0.0264 -0.020657 100
0.773823 0.0372 -0.0206998 100
0.776222 0.0482 -0.020764 100
0.778522 0.0592 -0.0208255 100
0.78252 0.0705 -0.0209325 100
0.786419 0.0819 -0.0210367 100
0.791217 0.0936 -0.0211651 100
0.795815 0.1054 -0.0212881 100
0.803113 0.1178 -0.0214833 100
0.81131 0.1305 -0.0217026 100
0.818207 0.1434 -0.0218871 100
0.826005 0.1566 -0.0220957 100
0.8384 0.1711 -0.0224273 100
0.843798 0.1845 -0.0225716 100
0.86639 0.2021 -0.023176 100
0.89558 0.2221 -0.0239568 49
0.944562 0.2483 -0.0252671 33
0.815608 -0.1579 -0.0218176 100
0.812809 -0.1456 -0.0217427 100
0.801913 -0.1322 -0.0214512 100
0.793816 -0.1195 -0.0212346 100
0.789418 -0.1076 -0.021117 100
0.786919 -0.0961 -0.0210501 100
0.78212 -0.0845 -0.0209218 100
0.778322 -0.0732 -0.0208201 100
0.775223 -0.062 -0.0207373 100
0.772024 -0.0509 -0.0206517 100
0.769725 -0.04 -0.0205902 100
0.769125 -0.0292 -0.0205741 100
0.769525 -0.0185 -0.0205848 100
0.770738 0.0102 -0.0157961 100
0.769538 0.021 -0.0157715 100
0.770138 0.0318 -0.0157838 100
0.773638 0.0428 -0.0158555 100
0.776937 0.0538 -0.0159231 100
0.782136 0.0652 -0.0160297 100
0.787135 0.0767 -0.0161321 100
0.791934 0.0884 -0.0162305 100
0.797533 0.1003 -0.0163453 100
0.804031 0.1125 -0.0164784 100
0.80923 0.1248 -0.016585 100
0.816329 0.1376 -0.0167305 100
0.826127 0.1512 -0.0169313 100
0.831725 0.1643 -0.017046 100
0.851921 0.1807 -0.0174599 100
0.870717 0.1974 -0.0178452 100
0.899011 0.2171 -0.018425 51
0.929805 0.2383 -0.0190561 36
0.816529 -0.1691 -0.0167346 100
0.814829 -0.157 -0.0166997 100
0.806131 -0.1436 -0.0165215 100
0.797233 -0.1306 -0.0163391 100
0.791034 -0.1182 -0.0162121 100
0.787635 -0.1065 -0.0161424 100
0.783136 -0.0947 -0.0160502 100
0.779436 -0.0832 -0.0159744 100
0.777537 -0.0721 -0.0159354 100
0.775437 -0.061 -0.0158924 100
0.772238 -0.0499 -0.0158268 100
0.769838 -0.0389 -0.0157777 100
0.770338 -0.0281 -0.0157879 100
0.770638 -0.0174 -0.0157941 100
0.76699 0.007 -0.0039959 100
0.76579 0.0177 -0.00398965 100
0.76749 0.0284 -0.00399851 100
0.76899 0.0392 -0.00400632 100
0.771389 0.0502 -0.00401883 100
0.773589 0.0612 -0.00403029 100
0.778589 0.0725 -0.00405634 100
0.784489 0.0842 -0.00408708 100
0.789189 0.0958 -0.00411156 100
0.792689 0.1075 -0.0041298 100
0.799089 0.1198 -0.00416314 100
0.809189 0.1329 -0.00421576 100
0.817089 0.1459 -0.00425691 100
0.826689 0.1596 -0.00430693 100
0.842089 0.1748 -0.00438716 100
0.847288 0.1882 -0.00441425 100
0.865988 0.2051 -0.00451167 100
0.898988 0.2262 -0.0046836 50
0.946887 0.2524 -0.00493314 38
0.806989 -0.1616 -0.0042043 100
0.804189 -0.1494 -0.00418971 100
0.795389 -0.1363 -0.00414386 100
0.788289 -0.1238 -0.00410687 100
0.783089 -0.1118 -0.00407978 100
0.777589 -0.0999 -0.00405113 100
0.774989 -0.0886 -0.00403758 100
0.77309 -0.0775 -0.00402768 100
0.77009 -0.0663 -0.00401206 100
0.76799 -0.0553 -0.00400111 100
0.76669 -0.0445 -0.00399434 100
0.76629 -0.0337 -0.00399226 100
0.76569 -0.023 -0.00398913 100
0.76589 -0.0123 -0.00399017 100
0.763999 0.0069 -0.000928735 100
0.765799 0.0176 -0.000930923 100
0.767499 0.0284 -0.000932989 100
0.768999 0.0392 -0.000934813 100
0.772399 0.0502 -0.000938946 100
0.776599 0.0614 -0.000944052 100
0.780599 0.0727 -0.000948914 100
0.784499 0.0841 -0.000953655 100
0.789199 0.0958 -0.000959368 100
0.794699 0.1077 -0.000966054 100
0.802999 0.1203 -0.000976144 100
0.811199 0.1331 -0.000986112 100
0.820999 0.1465 -0.000998025 100
0.823799 0.1589 -0.00100143 100
0.839099 0.174 -0.00102003 100
0.859099 0.1907 -0.00104434 100
0.874799 0.2071 -0.00106343 100
0.912599 0.2295 -0.00110938 45
0.944999 0.2517 -0.00114876 29
0.946999 -0.2783 -0.00115119 30
0.891999 -0.2486 -0.00108433 38
0.802299 -0.1644 -0.000975293 100
0.799599 -0.1522 -0.000972011 100
0.791799 -0.1393 -0.000962529 100
0.787799 -0.1273 -0.000957667 100
0.782599 -0.1152 -0.000951345 100
0.777199 -0.1034 -0.000944781 100
0.773599 -0.0919 -0.000940405 100
0.772799 -0.0809 -0.000939432 100
0.771799 -0.07 -0.000938217 100
0.770699 -0.059 -0.000936879 100
0.768499 -0.0481 -0.000934205 100
0.767099 -0.0372 -0.000932503 100
0.765499 -0.0265 -0.000930558 100
0.763799 -0.0157 -0.000928492 100
0.761956 0.0011 0.00820425 100
0.762856 0.0117 0.00821394 100
0.763656 0.0224 0.00822255 100
0.763256 0.033 0.00821824 100
0.764656 0.0438 0.00823332 100
0.768055 0.0548 0.00826992 100
0.772155 0.0659 0.00831407 100
0.775155 0.0771 0.00834637 100
0.778955 0.0884 0.00838728 100
0.782555 0.0999 0.00842604 100
0.789054 0.112 0.00849603 100
0.794354 0.1241 0.00855309 100
0.800354 0.1365 0.00861769 100
0.810253 0.1498 0.00872428 100
0.821752 0.1638 0.0088481 100
0.834052 0.1784 0.00898053 100
0.839351 0.1918 0.00903759 100
0.86275 0.2099 0.00928953 100
0.892648 0.2304 0.00961146 52
0.938546 0.2563 0.0101057 41
0.892648 -0.2571 0.00961146 40
0.86335 -0.2356 0.00929599 50
0.803753 -0.1718 0.0086543 100
0.806153 -0.1606 0.00868014 100
0.796454 -0.1471 0.0085757 100
0.786654 -0.134 0.00847019 100
0.783455 -0.1222 0.00843573 100
0.780155 -0.1106 0.0084002 100
0.773655 -0.0987 0.00833022 100
0.769055 -0.0872 0.00828069 100
0.766156 -0.076 0.00824947 100
0.763156 -0.065 0.00821717 100
0.762056 -0.0542 0.00820532 100
0.761756 -0.0435 0.00820209 100
0.763256 -0.0329 0.00821824 100
0.764656 -0.0223 0.00823332 100
0.763856 -0.0116 0.0082247 100
0.764917 0.0059 0.0112918 100
0.765717 0.0166 0.0113037 100
0.766416 0.0273 0.011314 100
0.767016 0.038 0.0113228 100
0.769316 0.0489 0.0113568 100
0.772616 0.0599 0.0114055 100
0.774716 0.071 0.0114365 100
0.778615 0.0823 0.0114941 100
0.784315 0.0939 0.0115782 100
0.789814 0.1058 0.0116594 100
0.798213 0.1183 0.0117834 100
0.808312 0.1313 0.0119325 100
0.816211 0.1443 0.0120491 100
0.82501 0.1577 0.012179 100
0.837409 0.1722 0.012362 100
0.842708 0.1856 0.0124402 100
0.863406 0.2028 0.0127458 100
0.897402 0.2241 0.0132476 100
0.926999 0.2453 0.0136845 42
0.910701 -0.263 0.0134439 27
0.881504 -0.2413 0.0130129 45
0.858606 -0.2222 0.0126749 40
0.810412 -0.1739 0.0119635 22
0.799113 -0.1599 0.0117967 100
0.797313 -0.148 0.0117701 100
0.790414 -0.1353 0.0116682 100
0.786314 -0.1234 0.0116077 100
0.781015 -0.1114 0.0115295 100
0.776515 -0.0997 0.0114631 100
0.771916 -0.0882 0.0113952 100
0.770016 -0.0772 0.0113671 100
0.768116 -0.0662 0.0113391 100
0.765917 -0.0552 0.0113066 100
0.764617 -0.0444 0.0112874 100
0.763217 -0.0337 0.0112668 100
0.761617 -0.023 0.0112431 100
0.761817 -0.0124 0.0112461 100
0.759742 0.0037 0.019795 100
0.763641 0.0144 0.0198966 100
0.76534 0.0251 0.0199409 100
0.76494 0.0358 0.0199305 100
0.76534 0.0465 0.0199409 100
0.767639 0.0574 0.0200008 100
0.771738 0.0686 0.0201076 100
0.776636 0.0799 0.0202352 100
0.781435 0.0915 0.0203602 100
0.787033 0.1033 0.0205061 100
0.791431 0.1151 0.0206207 100
0.798629 0.1276 0.0208082 100
0.807626 0.1406 0.0210426 100
0.811425 0.1529 0.0211416 100
0.82592 0.1676 0.0215193 100
0.845913 0.184 0.0220402 100
0.862807 0.2003 0.0224804 100
0.882201 0.2179 0.0229857 100
0.918688 0.2405 0.0239364 50
0.939481 -0.2847 0.0244781 29
0.885699 -0.255 0.0230768 48
0.859308 -0.2344 0.0223892 100
0.848912 -0.2189 0.0221183 100
0.828619 -0.2014 0.0215896 51
0.809925 -0.1849 0.0211025 100
0.805527 -0.1721 0.0209879 100
0.797129 -0.1587 0.0207692 100
0.791331 -0.1461 0.0206181 100
0.787433 -0.1341 0.0205165 100
0.781335 -0.1218 0.0203576 100
0.776037 -0.11 0.0202196 100
0.773438 -0.0986 0.0201519 100
0.770838 -0.0874 0.0200841 100
0.76594 -0.076 0.0199565 100
0.762941 -0.065 0.0198784 100
0.760842 -0.0541 0.0198237 100
0.759542 -0.0434 0.0197898 100
0.760042 -0.0328 0.0198028 100
0.760442 -0.0222 0.0198133 100
0.759642 -0.0115 0.0197924 100
0.760518 0.0058 0.0270861 100
0.760318 0.0165 0.027079 100
0.761018 0.0271 0.0271039 100
0.762617 0.0378 0.0271609 100
0.765015 0.0486 0.0272463 100
0.768213 0.0596 0.0273602 100
0.771311 0.0707 0.0274705 100
0.776208 0.0821 0.027645 100
0.782904 0.0938 0.0278834 100
0.787501 0.1055 0.0280472 100
0.792797 0.1175 0.0282358 100
0.798993 0.1299 0.0284565 100
0.808887 0.1431 0.0288088 100
0.817682 0.1564 0.0291221 100
0.821279 0.169 0.0292502 100
0.837369 0.1846 0.0298232 100
0.858056 0.2017 0.03056 100
0.871647 0.2178 0.0310441 100
0.907225 0.2401 0.0323112 49
0.953795 0.2668 0.0339698 30
0.940903 -0.286 0.0335107 31
0.887237 -0.2562 0.0315993 40
0.859855 -0.2353 0.0306241 51
0.848562 -0.2195 0.0302219 100
0.828175 -0.202 0.0294958 47
0.810486 -0.1857 0.0288658 100
0.806189 -0.173 0.0287127 100
0.796695 -0.1593 0.0283746 100
0.789 -0.1464 0.0281005 100
0.785102 -0.1344 0.0279617 100
0.782004 -0.1226 0.0278514 100
0.776708 -0.1107 0.0276628 100
0.77221 -0.0991 0.0275026 100
0.768513 -0.0878 0.0273709 100
0.763716 -0.0764 0.0272 100
0.761717 -0.0655 0.0271289 100
0.760518 -0.0547 0.0270861 100
0.760218 -0.0441 0.0270755 100
0.758819 -0.0334 0.0270256 100
0.758219 -0.0227 0.0270043 100
0.758419 -0.0122 0.0270114 100
0.759736 0.0062 0.0438513 100
0.759536 0.0169 0.0438398 100
0.759236 0.0275 0.0438225 100
0.759736 0.0382 0.0438513 100
0.760135 0.0489 0.0438744 100
0.762431 0.0598 0.0440069 100
0.767423 0.071 0.044295 100
0.772315 0.0824 0.0445774 100
0.777107 0.0939 0.044854 100
0.781599 0.1056 0.0451133 100
0.785992 0.1174 0.0453668 100
0.791183 0.1295 0.0456664 100
0.800068 0.1425 0.0461793 100
0.803862 0.1549 0.0463983 100
0.818238 0.1695 0.047228 100
0.826524 0.1834 0.0477063 100
0.845293 0.2 0.0487896 100
0.863762 0.2172 0.0498557 100
0.890518 0.2372 0.0514 52
0.926558 0.2607 0.0534802 45
0.93744 -0.2804 0.0541083 28
0.884628 -0.2511 0.05106 41
0.858172 -0.2307 0.049533 51
0.836108 -0.2122 0.0482595 100
0.830318 -0.1984 0.0479253 100
0.819336 -0.1837 0.0472914 100
0.808155 -0.1694 0.046646 100
0.797672 -0.1555 0.046041 100
0.789985 -0.1426 0.0455973 100
0.784993 -0.1303 0.0453092 100
0.779802 -0.1183 0.0450095 100
0.774411 -0.1064 0.0446984 100
0.769919 -0.0948 0.0444391 100
0.765226 -0.0834 0.0441682 100
0.761333 -0.0722 0.0439435 100
0.760235 -0.0614 0.0438801 100
0.760035 -0.0506 0.0438686 100
0.758737 -0.0399 0.0437937 100
0.758138 -0.0292 0.0437591 100
0.757539 -0.0186 0.0437245 100
0.757606 0.0016 0.0459729 100
0.759503 0.0122 0.046088 100
0.759303 0.0228 0.0460759 100
0.759902 0.0335 0.0461122 100
0.760301 0.0441 0.0461364 100
0.761599 0.0549 0.0462152 100
0.765791 0.066 0.0464696 100
0.769784 0.0771 0.0467118 100
0.774575 0.0886 0.0470026 100
0.780165 0.1003 0.0473418 100
0.785555 0.1122 0.0476689 100
0.789847 0.1241 0.0479293 100
0.797932 0.1368 0.0484199 100
0.805718 0.1497 0.0488924 100
0.808513 0.1619 0.049062 100
0.82079 0.1764 0.049807 100
0.841652 0.1932 0.0510729 100
0.854329 0.2087 0.0518421 100
0.882277 0.2286 0.0535381 100
0.90793 0.2489 0.0550948 52
0.946559 0.2737 0.0574388 27
0.911124 -0.2669 0.0552886 30
0.87529 -0.2432 0.0531141 47
0.851534 -0.2239 0.0516726 100
0.841053 -0.2086 0.0510366 100
0.821489 -0.1916 0.0498494 100
0.807515 -0.1765 0.0490014 100
0.804021 -0.164 0.0487894 100
0.795437 -0.1507 0.0482685 100
0.787651 -0.1378 0.047796 100
0.783559 -0.1259 0.0475477 100
0.779267 -0.114 0.0472873 100
0.772878 -0.1021 0.0468996 100
0.767289 -0.0905 0.0465604 100
0.763496 -0.0792 0.0463303 100
0.761599 -0.0683 0.0462152 100
0.759403 -0.0574 0.0460819 100
0.758205 -0.0467 0.0460092 100
0.757706 -0.036 0.0459789 100
0.757207 -0.0254 0.0459487 100
0.757507 -0.0148 0.0459668 100
0.759421 0.0058 0.0489958 100
0.761217 0.0165 0.0491117 100
0.761916 0.0271 0.0491567 100
0.764511 0.0379 0.0493241 100
0.767903 0.0489 0.049543 100
0.772195 0.0708 0.0498199 100
0.775089 0.082 0.0500066 100
0.777783 0.0933 0.0501804 100
0.781375 0.1048 0.0504122 100
0.785766 0.1166 0.0506955 100
0.790955 0.1287 0.0510303 100
0.797941 0.1413 0.051481 100
0.807721 0.1546 0.0521119 100
0.817201 0.1683 0.0527236 100
0.821592 0.1812 0.0530069 100
0.837459 0.197 0.0540305 100
0.856918 0.2142 0.055286 100
0.881767 0.2336 0.0568892 100
0.915996 0.2564 0.0590975 100
0.933659 -0.2884 0.0602371 25
0.88486 -0.2599 0.0570888 40
0.858615 -0.2392 0.0553955 100
0.840552 -0.2216 0.0542301 100
0.82229 -0.2045 0.0530519 100
0.818299 -0.1914 0.0527944 100
0.809118 -0.1774 0.0522021 100
0.800735 -0.1639 0.0516612 100
0.792153 -0.1507 0.0511075 100
0.785367 -0.138 0.0506697 100
0.780278 -0.1259 0.0503414 100
0.775089 -0.114 0.0500066 100
0.771596 -0.1025 0.0497812 100
0.767005 -0.091 0.0494851 100
0.763213 -0.0798 0.0492404 100
0.761317 -0.0689 0.0491181 100
0.761217 -0.0582 0.0491117 100
0.760918 -0.0475 0.0490923 100
0.760519 -0.0368 0.0490666 100
0.76002 -0.0261 0.0490344 100
0.760219 -0.0155 0.0490473 100
0.75912 0.009 0.0520218 100
0.759918 0.0197 0.0520765 100
0.760616 0.0303 0.0521243 100
0.761115 0.041 0.0521585 100
0.764407 0.0519 0.0523842 100
0.769595 0.063 0.0527397 100
0.774683 0.0743 0.0530883 100
0.778474 0.0857 0.0533482 100
0.783163 0.0973 0.0536695 100
0.787653 0.109 0.0539771 100
0.791943 0.1209 0.0542711 100
0.800024 0.1336 0.0548249 100
0.808903 0.1467 0.0554334 100
0.817582 0.1601 0.0560282 100
0.829953 0.1746 0.056876 100
0.835241 0.1879 0.0572383 100
0.85679 0.2053 0.0587151 100
0.878939 0.2237 0.0602329 100
0.913358 0.2461 0.0625916 100
0.959749 0.273 0.0657708 36
0.891908 -0.2597 0.0611217 40
0.874349 -0.2414 0.0599184 52
0.851503 -0.2224 0.0583527 100
0.83125 -0.2047 0.0569649 100
0.81459 -0.1886 0.0558231 100
0.811297 -0.176 0.0555975 100
0.801919 -0.1622 0.0549548 100
0.794237 -0.1492 0.0544284 100
0.789349 -0.1369 0.0540934 100
0.785258 -0.1249 0.0538131 100
0.78007 -0.1129 0.0534575 100
0.773586 -0.101 0.0530131 100
0.767999 -0.0894 0.0526303 100
0.764208 -0.0782 0.0523705 100
0.762212 -0.0672 0.0522337 100
0.762113 -0.0565 0.0522269 100
0.760816 -0.0457 0.052138 100
0.759419 -0.035 0.0520423 100
0.75882 -0.0244 0.0520013 100
0.75912 -0.0138 0.0520218 100
0.758169 0.0096 0.0644062 100
0.759963 0.0202 0.0645586 100
0.761657 0.0309 0.0647025 100
0.762155 0.0416 0.0647448 100
0.762454 0.0524 0.0647702 100
0.765642 0.0633 0.0650411 100
0.769628 0.0745 0.0653796 100
0.772518 0.0857 0.0656251 100
0.776204 0.0971 0.0659383 100
0.781685 0.1089 0.0664039 100
0.787962 0.1211 0.0669371 100
0.796033 0.1337 0.0676227 100
0.803905 0.1466 0.0682914 100
0.812573 0.16 0.0690278 100
0.822936 0.174 0.0699081 100
0.837882 0.1895 0.0711778 100
0.843861 0.2033 0.0716857 100
0.867077 0.2217 0.0736579 100
0.892784 0.2416 0.0758418 100
0.928655 0.2653 0.078889 47
0.930349 -0.2807 0.0790329 23
0.888201 -0.2544 0.0754524 46
0.863789 -0.2344 0.0733786 51
0.839875 -0.2154 0.0713471 100
0.823434 -0.1989 0.0699505 100
0.818353 -0.1856 0.0695188 100
0.810082 -0.1719 0.0688162 100
0.800716 -0.1582 0.0680206 100
0.791051 -0.1449 0.0671995 100
0.784176 -0.1323 0.0666155 100
0.779991 -0.1204 0.06626 100
0.77471 -0.1085 0.0658113 100
0.771123 -0.0971 0.0655066 100
0.767436 -0.0857 0.0651934 100
0.764646 -0.0746 0.0649564 100
0.762653 -0.0636 0.0647871 100
0.760461 -0.0528 0.0646009 100
0.760062 -0.0421 0.0645671 100
0.759664 -0.0314 0.0645332 100
0.758966 -0.0207 0.0644739 100
0.759095 0.0005 0.0664769 100
0.757999 0.0112 0.066381 100
0.759792 0.0218 0.066538 100
0.76039 0.0325 0.0665903 100
0.761884 0.0433 0.0667212 100
0.765172 0.0542 0.0670091 100
0.769256 0.0654 0.0673668 100
0.774237 0.0768 0.067803 100
0.780015 0.0884 0.068309 100
0.785693 0.1002 0.0688062 100
0.790076 0.112 0.0691901 100
0.798345 0.1246 0.0699142 100
0.80731 0.1376 0.0706994 100
0.81508 0.1508 0.0713798 100
0.819763 0.1635 0.0717899 100
0.836897 0.1792 0.0732904 100
0.845962 0.1936 0.0740843 100
0.871265 0.2122 0.0763002 100
0.895274 0.2314 0.0784027 100
0.943887 0.2581 0.08266 43
0.888998 -0.2688 0.077853 41
0.871564 -0.2502 0.0763263 100
0.845165 -0.2299 0.0740145 100
0.82315 -0.2116 0.0720865 100
0.816376 -0.1977 0.0714932 100
0.808406 -0.1838 0.0707953 100
0.800138 -0.1701 0.0700712 100
0.790674 -0.1566 0.0692424 100
0.784896 -0.144 0.0687364 100
0.781907 -0.1322 0.0684747 100
0.777823 -0.1203 0.068117 100
0.77344 -0.1086 0.0677332 100
0.768957 -0.097 0.0673406 100
0.766267 -0.0857 0.0671051 100
0.763478 -0.0746 0.0668608 100
0.760489 -0.0636 0.0665991 100
0.759294 -0.0528 0.0664944 100
0.757899 -0.042 0.0663722 100
0.756505 -0.0313 0.0662501 100
0.754811 -0.0206 0.0661018 100
0.755465 0.0026 0.0731715 100
0.758351 0.0133 0.0734511 100
0.759048 0.024 0.0735186 100
0.760641 0.0347 0.0736728 100
0.764025 0.0456 0.0740006 100
0.767309 0.0566 0.0743187 100
0.77139 0.0678 0.074714 100
0.776367 0.0792 0.075196 100
0.78214 0.0909 0.0757552 100
0.785723 0.1025 0.0761022 100
0.790103 0.1143 0.0765264 100
0.79926 0.1271 0.0774133 100
0.808218 0.1402 0.078281 100
0.814986 0.1531 0.0789365 100
0.823546 0.1667 0.0797656 100
0.83768 0.1818 0.0811346 100
0.844747 0.1958 0.081819 100
0.87192 0.215 0.0844509 100
0.904467 0.2365 0.0876034 100
0.944281 0.2611 0.0914596 37
0.895509 -0.2723 0.0867357 39
0.873413 -0.2523 0.0845955 100
0.848927 -0.2324 0.0822239 100
0.824143 -0.2132 0.0798235 100
0.817375 -0.1993 0.0791679 100
0.808417 -0.1851 0.0783003 100
0.801151 -0.1717 0.0775965 100
0.791695 -0.1581 0.0766807 100
0.784031 -0.1452 0.0759383 100
0.780149 -0.1332 0.0755624 100
0.774973 -0.1211 0.075061 100
0.769698 -0.1093 0.0745501 100
0.76721 -0.098 0.0743091 100
0.765518 -0.0869 0.0741452 100
0.763726 -0.0759 0.0739717 100
0.761735 -0.0649 0.0737789 100
0.759546 -0.054 0.0735668 100
0.756261 -0.0431 0.0732486 100
0.754768 -0.0324 0.073104 100
0.753175 -0.0218 0.0729498 100
0.755365 -0.0113 0.0731619 100
0.756345 0.007 0.0744501 100
0.758136 0.0177 0.0746265 100
0.759828 0.0284 0.074793 100
0.761321 0.0391 0.0749399 100
0.763709 0.05 0.075175 100
0.768884 0.0612 0.0756844 100
0.774855 0.0726 0.0762722 100
0.781722 0.0843 0.0769481 100
0.787395 0.0961 0.0775065 100
0.789882 0.1077 0.0777514 100
0.794261 0.1196 0.0781824 100
0.801327 0.1322 0.0788779 100
0.810184 0.1454 0.0797498 100
0.820833 0.1592 0.080798 100
0.835064 0.1742 0.0821988 100
0.842329 0.188 0.0829139 100
0.866711 0.2063 0.085314 100
0.88562 0.2372 0.0871752 100
0.920551 0.2604 0.0906136 49
0.90204 -0.2811 0.0887916 34
0.870493 -0.258 0.0856862 49
0.851087 -0.2393 0.083776 100
0.831183 -0.2212 0.0818168 100
0.809886 -0.1914 0.0797204 100
0.80083 -0.1774 0.078829 100
0.79247 -0.164 0.0780061 100
0.785902 -0.1511 0.0773595 100
0.782021 -0.1391 0.0769775 100
0.778935 -0.1273 0.0766738 100
0.77376 -0.1153 0.0761644 100
0.770377 -0.1038 0.0758314 100
0.766794 -0.0924 0.0754787 100
0.762017 -0.081 0.0750085 100
0.759131 -0.0699 0.0747244 100
0.757041 -0.059 0.0745187 100
0.755847 -0.0483 0.0744011 100
0.755449 -0.0376 0.074362 100
0.754852 -0.027 0.0743032 100
0.75316 -0.0164 0.0741367 100
0.75396 0.0069 0.0873268 100
0.757734 0.0176 0.087764 100
0.759423 0.0283 0.0879596 100
0.760913 0.0391 0.0881322 100
0.765284 0.0501 0.0886384 100
0.768463 0.0612 0.0890066 100
0.773429 0.0725 0.0895819 100
0.77929 0.0841 0.0902607 100
0.783959 0.0958 0.0908014 100
0.787436 0.1075 0.0912041 100
0.79578 0.12 0.0921706 100
0.805714 0.1331 0.0933212 100
0.812667 0.146 0.0941265 100
0.821309 0.1595 0.0951275 100
0.833528 0.1741 0.0965427 100
0.839786 0.1878 0.0972675 100
0.863229 0.2058 0.0999828 100
0.888162 0.2249 0.102871 100
0.928195 0.249 0.107507 49
0.928592 -0.3009 0.107553 26
0.881408 -0.272 0.102088 43
0.858362 -0.2517 0.0994191 52
0.837799 -0.233 0.0970374 100
0.821707 -0.2161 0.0951735 100
0.817932 -0.2029 0.0947363 100
0.808098 -0.1884 0.0935973 100
0.799952 -0.1747 0.0926538 100
0.791509 -0.1613 0.0916759 100
0.783959 -0.1483 0.0908014 100
0.778098 -0.1359 0.0901226 100
0.772039 -0.1237 0.0894208 100
0.767767 -0.1119 0.088926 100
0.763396 -0.1004 0.0884198 100
0.758728 -0.0889 0.087879 100
0.75694 -0.0779 0.087672 100
0.75694 -0.0672 0.087672 100
0.754854 -0.0563 0.0874303 100
0.753562 -0.0456 0.0872808 100
0.753165 -0.035 0.0872347 100
0.752569 -0.0243 0.0871657 100
0.75386 -0.0138 0.0873153 100
0.754311 0.0074 0.0928149 100
0.75709 0.0181 0.0931568 100
0.756792 0.0288 0.0931202 100
0.758281 0.0395 0.0933034 100
0.761557 0.0504 0.0937064 100
0.765725 0.0616 0.0942193 100
0.770787 0.0729 0.0948422 100
0.776643 0.0845 0.0955627 100
0.782201 0.0963 0.0962466 100
0.786766 0.1081 0.0968084 100
0.793019 0.1203 0.0975778 100
0.802051 0.1333 0.0986891 100
0.8089 0.1461 0.0995318 100
0.818527 0.1598 0.100716 100
0.830735 0.1743 0.102219 100
0.835102 0.1875 0.102756 100
0.857433 0.2053 0.105504 100
0.882445 0.2244 0.108581 100
0.912816 0.2459 0.112318 51
0.935147 -0.3006 0.115066 30
0.899318 -0.2752 0.110657 41
0.862098 -0.2506 0.106078 52
0.848203 -0.2337 0.104368 100
0.82736 -0.2155 0.101803 100
0.809991 -0.1989 0.0996661 100
0.805922 -0.1859 0.0991654 100
0.797783 -0.1722 0.098164 100
0.789347 -0.1588 0.0971259 100
0.781705 -0.1459 0.0961855 100
0.777735 -0.1339 0.095697 100
0.773665 -0.122 0.0951963 100
0.769397 -0.1102 0.0946712 100
0.764931 -0.0986 0.0941216 100
0.762251 -0.0874 0.0937919 100
0.759472 -0.0763 0.0934499 100
0.75848 -0.0654 0.0933278 100
0.755403 -0.0544 0.0929492 100
0.753021 -0.0436 0.0926561 100
0.749646 -0.0329 0.0922409 100
0.749051 -0.0223 0.0921676 100
0.750242 -0.0117 0.0923142 100
0.750851 0.0098 0.10313 100
0.757587 0.0205 0.104055 100
0.759272 0.0313 0.104287 100
0.76264 0.0422 0.104749 100
0.766999 0.0533 0.105348 100
0.772052 0.0645 0.106042 100
0.777005 0.076 0.106722 100
0.780869 0.0875 0.107253 100
0.784435 0.0991 0.107743 100
0.791866 0.1113 0.108764 100
0.799989 0.124 0.109879 100
0.808014 0.1369 0.110982 100
0.818713 0.1506 0.112451 100
0.832088 0.1652 0.114288 100
0.837537 0.1785 0.115037 100
0.862007 0.1964 0.118398 100
0.885189 0.2149 0.121582 100
0.908074 0.234 0.124725 50
0.959294 0.2616 0.13176 36
0.929176 -0.3075 0.127623 31
0.877462 -0.2768 0.12052 40
0.856558 -0.257 0.117649 52
0.835258 -0.2379 0.114724 100
0.829809 -0.2238 0.113975 100
0.820398 -0.2089 0.112682 100
0.809698 -0.1941 0.111213 100
0.798701 -0.1797 0.109702 100
0.787506 -0.1655 0.108165 100
0.780076 -0.1525 0.107144 100
0.776213 -0.1405 0.106614 100
0.77225 -0.1286 0.106069 100
0.767098 -0.1167 0.105362 100
0.76373 -0.1052 0.104899 100
0.761154 -0.0939 0.104545 100
0.757389 -0.0827 0.104028 100
0.755507 -0.0717 0.10377 100
0.754516 -0.0609 0.103634 100
0.753228 -0.0502 0.103457 100
0.75194 -0.0395 0.10328 100
0.750454 -0.0288 0.103076 100
0.750532 0.0061 0.106142 100
0.754294 0.0167 0.106674 100
0.757958 0.0275 0.107193 100
0.760433 0.0383 0.107543 100
0.76281 0.0492 0.107879 100
0.767067 0.0604 0.108481 100
0.771028 0.0716 0.109041 100
0.774889 0.083 0.109587 100
0.779543 0.0946 0.110245 100
0.784098 0.1064 0.110889 100
0.790336 0.1186 0.111772 100
0.798455 0.1314 0.11292 100
0.807267 0.1445 0.114166 100
0.816872 0.1581 0.115524 100
0.821327 0.171 0.116154 100
0.838259 0.1869 0.118549 100
0.857765 0.204 0.121308 100
0.877964 0.2219 0.124164 100
0.906381 0.2427 0.128183 51
0.946779 0.2678 0.133896 32
0.910738 -0.2887 0.128799 25
0.870934 -0.2627 0.12317 44
0.853507 -0.2444 0.120705 100
0.833902 -0.2261 0.117933 100
0.816773 -0.2092 0.11551 100
0.811921 -0.1958 0.114824 100
0.803901 -0.1819 0.11369 100
0.794692 -0.1681 0.112388 100
0.785286 -0.1546 0.111057 100
0.778553 -0.1419 0.110105 100
0.777464 -0.1305 0.109951 100
0.775285 -0.1189 0.109643 100
0.771028 -0.1071 0.109041 100
0.766473 -0.0955 0.108397 100
0.76281 -0.0842 0.107879 100
0.757958 -0.0728 0.107193 100
0.753997 -0.0618 0.106632 100
0.752809 -0.051 0.106464 100
0.749443 -0.0402 0.105988 100
0.747957 -0.0295 0.105778 100
0.752879 0.009 0.116897 100
0.754658 0.0197 0.117173 100
0.755349 0.0304 0.117281 100
0.756832 0.0412 0.117511 100
0.760092 0.0522 0.118017 100
0.765231 0.0634 0.118815 100
0.770172 0.0748 0.119582 100
0.776002 0.0865 0.120487 100
0.780547 0.0982 0.121193 100
0.785982 0.1101 0.122037 100
0.794184 0.1227 0.12331 100
0.804066 0.1359 0.124845 100
0.81286 0.1493 0.12621 100
0.815528 0.1617 0.126624 100
0.831635 0.1771 0.129125 100
0.837762 0.1908 0.130076 100
0.859106 0.2085 0.13339 100
0.880055 0.2268 0.136643 100
0.909305 0.248 0.141185 46
0.926993 -0.297 0.143931 27
0.882723 -0.2692 0.137057 39
0.866418 -0.2509 0.134526 100
0.843098 -0.2313 0.130905 100
0.823236 -0.2134 0.127821 100
0.807821 -0.1973 0.125428 100
0.803769 -0.1843 0.124799 100
0.79369 -0.1702 0.123234 100
0.785291 -0.1568 0.121929 100
0.778571 -0.1441 0.120886 100
0.775607 -0.1323 0.120426 100
0.773531 -0.1207 0.120104 100
0.769184 -0.1089 0.119429 100
0.763749 -0.0971 0.118585 100
0.760092 -0.0858 0.118017 100
0.756337 -0.0745 0.117434 100
0.754361 -0.0636 0.117127 100
0.752187 -0.0527 0.11679 100
0.749816 -0.0419 0.116421 100
0.745405 0.0054 0.119982 100
0.755081 0.0162 0.12154 100
0.757747 0.027 0.121969 100
0.760314 0.0378 0.122382 100
0.76367 0.0488 0.122922 100
0.76683 0.0599 0.123431 100
0.772753 0.0714 0.124384 100
0.777591 0.083 0.125163 100
0.781343 0.0946 0.125767 100
0.786773 0.1066 0.126641 100
0.794967 0.1191 0.12796 100
0.803952 0.1322 0.129406 100
0.812837 0.1454 0.130837 100
0.823303 0.1594 0.132521 100
0.835545 0.174 0.134492 100
0.842654 0.188 0.135636 100
0.866941 0.2063 0.139545 100
0.890833 0.2253 0.143391 100
0.93151 0.2497 0.149938 47
0.900114 -0.2909 0.144885 27
0.867237 -0.2668 0.139593 46
0.846109 -0.2473 0.136192 100
0.822809 -0.2279 0.132442 100
0.81728 -0.214 0.131552 100
0.806716 -0.1991 0.129851 100
0.799805 -0.1854 0.128739 100
0.792598 -0.172 0.127579 100
0.784206 -0.1586 0.126228 100
0.777591 -0.1458 0.125163 100
0.775617 -0.1341 0.124845 100
0.771569 -0.1222 0.124194 100
0.766336 -0.1103 0.123351 100
0.761893 -0.0987 0.122636 100
0.759228 -0.0874 0.122207 100
0.755476 -0.0762 0.121603 100
0.751527 -0.065 0.120968 100
0.750441 -0.0543 0.120793 100
0.747183 -0.0434 0.120269 100
0.750924 0.008 0.129449 100
0.755654 0.0187 0.130264 100
0.758217 0.0295 0.130706 100
0.762651 0.0405 0.13147 100
0.767973 0.0517 0.132388 100
0.773097 0.0631 0.133271 100
0.778024 0.0746 0.13412 100
0.781769 0.0861 0.134766 100
0.786401 0.0979 0.135564 100
0.794777 0.1104 0.137008 100
0.802957 0.1231 0.138418 100
0.809855 0.1359 0.139607 100
0.818626 0.1493 0.141119 100
0.823257 0.1622 0.141918 100
0.838335 0.1776 0.144517 100
0.857946 0.1944 0.147898 100
0.877162 0.2119 0.15121 100
0.909584 0.2333 0.156799 51
0.911653 -0.2882 0.157156 30
0.876867 -0.2637 0.151159 48
0.848091 -0.242 0.146199 100
0.824735 -0.2228 0.142173 100
0.819118 -0.2089 0.141204 100
0.80749 -0.1938 0.1392 100
0.799508 -0.18 0.137824 100
0.792215 -0.1666 0.136567 100
0.775068 -0.1516 0.133611 100
0.77221 -0.1397 0.133118 100
0.769254 -0.128 0.132608 100
0.764129 -0.1161 0.131725 100
0.760779 -0.1046 0.131147 100
0.758217 -0.0933 0.130706 100
0.755457 -0.0821 0.13023 100
0.753585 -0.0712 0.129907 100
0.751515 -0.0602 0.129551 100
0.749347 -0.0494 0.129177 100
0.746982 -0.0386 0.128769 100
0.750286 0.0036 0.133098 100
0.752157 0.0143 0.13343 100
0.754815 0.025 0.133902 100
0.759344 0.0359 0.134705 100
0.763677 0.047 0.135474 100
0.765843 0.058 0.135858 100
0.76988 0.0693 0.136574 100
0.776674 0.0811 0.13778 100
0.782385 0.0929 0.138793 100
0.787899 0.1049 0.139771 100
0.794102 0.1172 0.140871 100
0.802176 0.13 0.142304 100
0.810053 0.1431 0.143701 100
0.818619 0.1566 0.145221 100
0.829844 0.1709 0.147212 100
0.836145 0.1846 0.14833 100
0.858398 0.2023 0.152277 100
0.879469 0.2204 0.156015 100
0.922103 0.245 0.163578 47
0.922596 -0.3101 0.163666 29
0.88646 -0.284 0.157255 38
0.860072 -0.2622 0.152574 100
0.839001 -0.2429 0.148836 100
0.819407 -0.2247 0.14536 100
0.814779 -0.2111 0.144539 100
0.804145 -0.1963 0.142653 100
0.797253 -0.1827 0.14143 100
0.789966 -0.1693 0.140138 100
0.781597 -0.156 0.138653 100
0.775 -0.1432 0.137483 100
0.771061 -0.1313 0.136784 100
0.766926 -0.1194 0.13605 100
0.762594 -0.1077 0.135282 100
0.759148 -0.0963 0.13467 100
0.75452 -0.0848 0.13385 100
0.751664 -0.0737 0.133343 100
0.75068 -0.0629 0.133168 100
0.750483 -0.0522 0.133133 100
0.748218 -0.0414 0.132732 100
0.745067 -0.0201 0.132173 100
0.749265 0.0095 0.148814 100
0.753973 0.0203 0.149749 100
0.757602 0.0311 0.15047 100
0.762016 0.0422 0.151347 100
0.767214 0.0534 0.152379 100
0.772216 0.0648 0.153373 100
0.77614 0.0763 0.154152 100
0.778003 0.0876 0.154522 100
0.783496 0.0996 0.155613 100
0.790852 0.1119 0.157074 100
0.798895 0.1247 0.158672 100
0.808704 0.138 0.16062 100
0.819297 0.1518 0.162724 100
0.828713 0.1658 0.164594 100
0.835971 0.1796 0.166035 100
0.857353 0.197 0.170282 100
0.879324 0.2152 0.174646 100
0.925718 0.2405 0.18386 49
0.91228 -0.3024 0.181192 20
0.866671 -0.2737 0.172133 43
0.845878 -0.254 0.168003 100
0.835088 -0.238 0.16586 100
0.816452 -0.2202 0.162159 100
0.800366 -0.2037 0.158964 100
0.797326 -0.1909 0.15836 100
0.790264 -0.1774 0.156957 100
0.781044 -0.1637 0.155126 100
0.773589 -0.1507 0.153646 100
0.768881 -0.1385 0.152711 100
0.766822 -0.1269 0.152301 100
0.763585 -0.1153 0.151659 100
0.76025 -0.1037 0.150996 100
0.756719 -0.0923 0.150295 100
0.754954 -0.0812 0.149944 100
0.752109 -0.0701 0.149379 100
0.750049 -0.0592 0.14897 100
0.748872 -0.0484 0.148736 100
0.747499 -0.0376 0.148464 100
0.74593 -0.0269 0.148152 100
0.746224 -0.0163 0.14821 100
0.749776 0.0091 0.151354 100
0.752521 0.0198 0.151908 100
0.755167 0.0307 0.152442 100
0.758598 0.0416 0.153135 100
0.762813 0.0528 0.153985 100
0.76693 0.064 0.154816 100
0.770851 0.0754 0.155608 100
0.774576 0.0869 0.15636 100
0.781143 0.0989 0.157686 100
0.789377 0.1114 0.159348 100
0.798493 0.1243 0.161188 100
0.807315 0.1375 0.162969 100
0.814961 0.1507 0.164512 100
0.825352 0.1648 0.16661 100
0.829763 0.178 0.1675 100
0.850151 0.195 0.171616 100
0.873187 0.2134 0.176266 100
0.904358 0.2347 0.182558 100
0.956898 0.2629 0.193164 33
0.911318 -0.3005 0.183963 26
0.865639 -0.2719 0.174742 47
0.844858 -0.2522 0.170547 52
0.833978 -0.2361 0.168351 100
0.815353 -0.2184 0.164591 100
0.80212 -0.2027 0.16192 100
0.798101 -0.1897 0.161109 100
0.790063 -0.1759 0.159486 100
0.781829 -0.1625 0.157824 100
0.776242 -0.1498 0.156696 100
0.773399 -0.1379 0.156122 100
0.769479 -0.1259 0.155331 100
0.763303 -0.1138 0.154084 100
0.75997 -0.1023 0.153412 100
0.756442 -0.0909 0.152699 100
0.752717 -0.0796 0.151947 100
0.749776 -0.0685 0.151354 100
0.748698 -0.0577 0.151136 100
0.747522 -0.0469 0.150899 100
0.746051 -0.0361 0.150602 100
0.745561 -0.0255 0.150503 100
0.747816 -0.0149 0.150958 100
0.750653 0.0032 0.157509 100
0.751534 0.0139 0.157694 100
0.754176 0.0247 0.158249 100
0.758678 0.0357 0.159193 100
0.763963 0.0469 0.160302 100
0.770031 0.0583 0.161576 100
0.775022 0.0698 0.162623 100
0.777958 0.0813 0.163239 100
0.783537 0.0931 0.16441 100
0.789017 0.1052 0.16556 100
0.796162 0.1177 0.167059 100
0.804187 0.1307 0.168743 100
0.811919 0.1438 0.170365 100
0.822391 0.1578 0.172562 100
0.827871 0.1711 0.173712 100
0.846466 0.1875 0.177614 100
0.871521 0.2061 0.182871 100
0.899903 0.2264 0.188827 100
0.936505 0.2498 0.196507 38
0.885516 -0.2862 0.185808 40
0.854687 -0.2629 0.179339 52
0.838441 -0.2449 0.17593 100
0.819063 -0.2266 0.171864 100
0.80311 -0.21 0.168517 100
0.800174 -0.1971 0.167901 100
0.793226 -0.1834 0.166443 100
0.788039 -0.1705 0.165354 100
0.781579 -0.1575 0.163999 100
0.774044 -0.1445 0.162418 100
0.76915 -0.1323 0.161391 100
0.766116 -0.1206 0.160754 100
0.764746 -0.1092 0.160467 100
0.761321 -0.0977 0.159748 100
0.757699 -0.0863 0.158988 100
0.75398 -0.075 0.158208 100
0.750946 -0.0639 0.157571 100
0.748891 -0.0529 0.15714 100
0.7485 -0.0422 0.157058 100
0.749087 -0.0315 0.157181 100
0.749381 -0.0208 0.157243 100
0.752895 0.007 0.161396 100
0.758566 0.0179 0.162611 100
0.759251 0.0287 0.162758 100
0.762673 0.0398 0.163492 100
0.767856 0.051 0.164603 100
0.77294 0.0625 0.165693 100
0.776949 0.074 0.166552 100
0.780665 0.0856 0.167349 100
0.788193 0.0978 0.168963 100
0.796505 0.1104 0.170744 100
0.802567 0.1229 0.172044 100
0.809509 0.1358 0.173532 100
0.820167 0.1497 0.175817 100
0.831412 0.164 0.178227 100
0.837767 0.1777 0.179589 100
0.857225 0.1946 0.183761 100
0.883039 0.2137 0.189294 100
0.92743 0.2385 0.19881 49
0.912275 -0.3031 0.195561 25
0.869643 -0.2752 0.186423 45
0.842363 -0.2535 0.180575 100
0.824078 -0.2352 0.176655 100
0.819678 -0.2214 0.175712 100
0.807358 -0.2058 0.173071 100
0.796798 -0.1911 0.170807 100
0.786922 -0.1769 0.16869 100
0.779687 -0.1636 0.167139 100
0.775091 -0.1512 0.166154 100
0.770398 -0.1389 0.165148 100
0.765411 -0.1267 0.164079 100
0.762282 -0.1151 0.163408 100
0.760815 -0.1038 0.163094 100
0.758273 -0.0924 0.162549 100
0.756513 -0.0813 0.162171 100
0.755633 -0.0703 0.161983 100
0.751624 -0.0591 0.161123 100
0.748495 -0.0481 0.160453 100
0.747126 -0.0374 0.160159 100
0.747518 -0.0267 0.160243 100
0.748789 -0.016 0.160515 100
0.748631 0.0016 0.171393 100
0.751458 0.0124 0.172041 100
0.756137 0.0233 0.173112 100
0.759549 0.0343 0.173893 100
0.761985 0.0453 0.174451 100
0.766177 0.0565 0.17541 100
0.771148 0.068 0.176549 100
0.773975 0.0794 0.177196 100
0.777679 0.0911 0.178044 100
0.785088 0.1033 0.17974 100
0.792301 0.1158 0.181391 100
0.798345 0.1284 0.182775 100
0.804193 0.1411 0.184114 100
0.80897 0.1539 0.185208 100
0.824956 0.1692 0.188867 100
0.833047 0.1833 0.19072 100
0.857026 0.2014 0.19621 100
0.879836 0.2201 0.201432 100
0.927698 0.2461 0.212389 47
0.936666 -0.311 0.214443 29
0.88588 -0.2802 0.202815 42
0.856832 -0.2577 0.196165 51
0.832072 -0.2374 0.190497 100
0.811699 -0.2191 0.185832 100
0.807898 -0.2058 0.184962 100
0.798345 -0.1912 0.182775 100
0.790352 -0.1774 0.180945 100
0.785088 -0.1645 0.17974 100
0.777679 -0.1514 0.178044 100
0.770953 -0.1387 0.176504 100
0.767054 -0.1267 0.175611 100
0.762863 -0.1149 0.174652 100
0.758574 -0.1031 0.17367 100
0.756039 -0.0918 0.173089 100
0.754285 -0.0807 0.172688 100
0.751458 -0.0695 0.172041 100
0.749411 -0.0585 0.171572 100
0.748144 -0.0477 0.171282 100
0.747754 -0.0369 0.171193 100
0.748241 -0.0262 0.171304 100
0.748436 -0.0155 0.171349 100
0.756549 0.0043 0.172653 100
0.760352 0.0152 0.173521 100
0.762009 0.0262 0.173899 100
0.763471 0.0372 0.174233 100
0.766786 0.0484 0.174989 100
0.770881 0.0597 0.175924 100
0.773903 0.0711 0.176614 100
0.77673 0.0826 0.177259 100
0.782385 0.0945 0.178549 100
0.791647 0.1071 0.180663 100
0.800714 0.12 0.182732 100
0.810561 0.1334 0.184979 100
0.82109 0.1472 0.187382 100
0.832497 0.1616 0.189985 100
0.836884 0.1748 0.190987 100
0.854433 0.1913 0.194991 100
0.876369 0.2094 0.199997 100
0.905617 0.2301 0.206672 100
0.905714 -0.2926 0.206694 28
0.86389 -0.2655 0.19715 46
0.844878 -0.2466 0.192811 100
0.823722 -0.2277 0.187983 100
0.818165 -0.2136 0.186715 100
0.806758 -0.1984 0.184112 100
0.797107 -0.184 0.181909 100
0.790867 -0.1707 0.180485 100
0.78453 -0.1576 0.179039 100
0.777023 -0.1446 0.177326 100
0.770198 -0.132 0.175768 100
0.767176 -0.1202 0.175078 100
0.763861 -0.1085 0.174322 100
0.760449 -0.097 0.173543 100
0.758792 -0.0857 0.173165 100
0.758889 -0.0748 0.173187 100
0.757914 -0.0637 0.172965 100
0.754794 -0.0526 0.172253 100
0.750602 -0.0415 0.171296 100
0.74914 -0.0307 0.170962 100
0.749432 -0.02 0.171029 100
0.753502 0.0027 0.185503 100
0.756317 0.0136 0.186196 100
0.756997 0.0245 0.186364 100
0.758551 0.0354 0.186746 100
0.760881 0.0465 0.18732 100
0.765056 0.0578 0.188348 100
0.769038 0.0692 0.189328 100
0.771854 0.0806 0.190021 100
0.776514 0.0924 0.191169 100
0.782826 0.1046 0.192722 100
0.791953 0.1173 0.194969 100
0.800887 0.1304 0.197169 100
0.809529 0.1438 0.199296 100
0.819918 0.1578 0.201854 100
0.825259 0.1711 0.203169 100
0.84565 0.188 0.208189 100
0.864779 0.2053 0.212898 100
0.892161 0.2253 0.219639 100
0.948188 0.254 0.233433 39
0.879635 -0.2793 0.216556 38
0.856331 -0.2585 0.210819 100
0.836328 -0.2395 0.205894 100
0.816034 -0.2211 0.200898 100
0.811374 -0.2074 0.19975 100
0.799042 -0.1921 0.196715 100
0.790206 -0.178 0.194539 100
0.784865 -0.1651 0.193224 100
0.780398 -0.1525 0.192125 100
0.772825 -0.1395 0.19026 100
0.766901 -0.1272 0.188802 100
0.763794 -0.1154 0.188037 100
0.762338 -0.104 0.187678 100
0.759813 -0.0926 0.187057 100
0.75622 -0.0812 0.186172 100
0.754278 -0.07 0.185694 100
0.753307 -0.0591 0.185455 100
0.750103 -0.048 0.184666 100
0.748744 -0.0371 0.184332 100
0.748258 -0.0263 0.184212 100
0.747481 -0.0156 0.184021 100
0.753692 0.0039 0.188885 100
0.755535 0.0148 0.189347 100
0.756214 0.0257 0.189517 100
0.757669 0.0367 0.189882 100
0.761937 0.0479 0.190951 100
0.767078 0.0593 0.19224 100
0.771055 0.0708 0.193236 100
0.774838 0.0824 0.194185 100
0.782307 0.0946 0.196056 100
0.791522 0.1072 0.198366 100
0.798603 0.1199 0.20014 100
0.80646 0.133 0.202109 100
0.816063 0.1466 0.204516 100
0.826442 0.1608 0.207117 100
0.831777 0.1742 0.208454 100
0.849237 0.1906 0.21283 100
0.871159 0.2087 0.218324 100
0.898319 0.2289 0.225131 100
0.879889 -0.2855 0.220512 38
0.852147 -0.2631 0.213559 52
0.829449 -0.2431 0.207871 100
0.811116 -0.2252 0.203276 100
0.807527 -0.2118 0.202377 100
0.798991 -0.1974 0.200238 100
0.791134 -0.1834 0.198269 100
0.784053 -0.17 0.196494 100
0.778718 -0.1571 0.195157 100
0.771152 -0.1441 0.193261 100
0.765429 -0.1317 0.191827 100
0.762325 -0.1199 0.191049 100
0.759027 -0.1083 0.190222 100
0.756602 -0.0968 0.189614 100
0.753983 -0.0855 0.188958 100
0.75214 -0.0744 0.188496 100
0.75214 -0.0635 0.188496 100
0.750976 -0.0525 0.188204 100
0.749715 -0.0416 0.187888 100
0.7502 -0.0308 0.18801 100
0.748551 -0.0199 0.187597 100
0.752164 0.0108 0.190447 100
0.755848 0.0218 0.19138 100
0.756429 0.0327 0.191527 100
0.760792 0.0438 0.192631 100
0.76496 0.0551 0.193687 100
0.768935 0.0666 0.194693 100
0.773782 0.0782 0.19592 100
0.782216 0.0904 0.198056 100
0.790553 0.1029 0.200167 100
0.795787 0.1153 0.201492 100
0.801895 0.1279 0.203039 100
0.810522 0.1413 0.205223 100
0.814303 0.154 0.20618 100
0.831171 0.1696 0.210451 100
0.839217 0.1838 0.212489 100
0.864034 0.2023 0.218772 100
0.891371 0.2222 0.225694 100
0.930535 0.2462 0.23561 36
0.908433 -0.3034 0.230014 23
0.875376 -0.2785 0.221644 44
0.849299 -0.2569 0.215041 51
0.829329 -0.238 0.209985 100
0.809941 -0.2199 0.205076 100
0.797823 -0.2044 0.202008 100
0.795787 -0.1917 0.201492 100
0.787935 -0.1779 0.199504 100
0.779792 -0.1644 0.197442 100
0.771455 -0.1511 0.195331 100
0.765736 -0.1386 0.193883 100
0.762828 -0.1268 0.193147 100
0.761567 -0.1153 0.192828 100
0.760113 -0.104 0.19246 100
0.757593 -0.0926 0.191821 100
0.755945 -0.0813 0.191404 100
0.753036 -0.0701 0.190668 100
0.750128 -0.0589 0.189931 100
0.746929 -0.0479 0.189121 100
0.746542 -0.0371 0.189023 100
0.747899 -0.0264 0.189367 100
0.74722 -0.0156 0.189195 100
0.748482 0.0005 0.1891 100
0.750324 0.0113 0.189565 100
0.753039 0.0222 0.190251 100
0.757499 0.0333 0.191378 100
0.761765 0.0444 0.192456 100
0.767873 0.0559 0.193999 100
0.770006 0.0672 0.194538 100
0.772817 0.0786 0.195248 100
0.777471 0.0904 0.196424 100
0.78484 0.1027 0.198285 100
0.792014 0.1152 0.200098 100
0.798025 0.1279 0.201617 100
0.806751 0.1412 0.203821 100
0.818095 0.1553 0.206687 100
0.831183 0.1702 0.209994 100
0.838261 0.1842 0.211782 100
0.862209 0.2024 0.217832 100
0.892361 0.2231 0.22545 100
0.949273 0.2518 0.239828 36
0.907486 -0.3037 0.229271 22
0.876267 -0.2794 0.221384 47
0.849217 -0.2575 0.21455 100
0.827402 -0.238 0.209038 100
0.808981 -0.2202 0.204384 100
0.805297 -0.2068 0.203454 100
0.795795 -0.1923 0.201053 100
0.788815 -0.1787 0.19929 100
0.78164 -0.1653 0.197477 100
0.773399 -0.152 0.195395 100
0.766709 -0.1393 0.193705 100
0.763801 -0.1274 0.19297 100
0.760601 -0.1157 0.192162 100
0.758274 -0.1042 0.191574 100
0.754784 -0.0927 0.190692 100
0.753039 -0.0815 0.190251 100
0.752166 -0.0705 0.190031 100
0.752069 -0.0596 0.190006 100
0.749936 -0.0486 0.189467 100
0.747609 -0.0377 0.188879 100
0.747028 -0.0269 0.188732 100
0.747319 -0.0161 0.188806 100
0.749517 0.0005 0.189084 100
0.753299 0.0114 0.190038 100
0.755044 0.0223 0.190479 100
0.757565 0.0333 0.191115 100
0.761831 0.0445 0.192191 100
0.76794 0.056 0.193732 100
0.771916 0.0675 0.194735 100
0.772885 0.0788 0.194979 100
0.77657 0.0905 0.195909 100
0.783939 0.1028 0.197768 100
0.791114 0.1153 0.199578 100
0.800035 0.1284 0.201829 100
0.804883 0.1411 0.203052 100
0.819136 0.1558 0.206647 100
0.838819 0.1721 0.211613 100
0.851521 0.1875 0.214817 100
0.867811 0.2042 0.218927 100
0.894185 0.224 0.22558 100
0.952071 0.253 0.240184 31
0.914256 -0.3081 0.230644 29
0.878574 -0.2821 0.221642 43
0.840468 -0.2566 0.212029 100
0.820494 -0.2377 0.20699 100
0.81613 -0.2238 0.205889 100
0.804107 -0.2082 0.202856 100
0.794605 -0.1936 0.200459 100
0.786654 -0.1797 0.198453 100
0.780545 -0.1665 0.196912 100
0.773176 -0.1534 0.195053 100
0.768522 -0.141 0.193879 100
0.765516 -0.1291 0.19312 100
0.763383 -0.1175 0.192582 100
0.761056 -0.1059 0.191995 100
0.755626 -0.0941 0.190625 100
0.753008 -0.0828 0.189965 100
0.753105 -0.0718 0.189989 100
0.752038 -0.0608 0.18972 100
0.749905 -0.0498 0.189182 100
0.746608 -0.0388 0.188351 100
0.745154 -0.0279 0.187984 100
0.746414 -0.0172 0.188302 100
0.751489 0.0014 0.189443 100
0.753332 0.0122 0.189908 100
0.755077 0.0231 0.190348 100
0.757598 0.0341 0.190983 100
0.761865 0.0452 0.192059 100
0.766034 0.0565 0.19311 100
0.76904 0.0679 0.193867 100
0.771949 0.0793 0.194601 100
0.778446 0.0913 0.196239 100
0.786785 0.1038 0.198341 100
0.792991 0.1162 0.199905 100
0.801912 0.1293 0.202154 100
0.805791 0.1418 0.203132 100
0.819075 0.1563 0.206481 100
0.839632 0.1727 0.211663 100
0.849619 0.1875 0.214181 100
0.870564 0.2052 0.219461 100
0.897909 0.2253 0.226354 100
0.979263 0.2607 0.246863 32
0.93078 -0.3142 0.234641 32
0.875703 -0.2818 0.220756 40
0.850589 -0.2603 0.214425 50
0.831584 -0.2416 0.209634 100
0.811415 -0.2232 0.20455 100
0.801136 -0.2081 0.201959 100
0.80007 -0.1956 0.20169 100
0.793185 -0.1819 0.199954 100
0.786106 -0.1685 0.19817 100
0.776895 -0.1549 0.195847 100
0.767392 -0.1416 0.193452 100
0.762544 -0.1294 0.19223 100
0.76041 -0.1178 0.191692 100
0.758083 -0.1064 0.191105 100
0.754592 -0.0948 0.190225 100
0.751974 -0.0836 0.189565 100
0.752071 -0.0726 0.18959 100
0.751974 -0.0618 0.189565 100
0.749841 -0.0507 0.189028 100
0.74858 -0.0399 0.18871 100
0.750035 -0.0291 0.189076 100
0.751295 -0.0184 0.189394 100
