1.33466 0.0033 -0.1819 100
1.33446 0.0221 -0.181873 100
1.33506 0.0409 -0.181954 100
1.33833 0.0599 -0.1824 100
1.34427 0.0792 -0.18321 100
1.35388 0.0989 -0.18452 100
1.36627 0.1192 -0.186208 100
1.37628 0.1396 -0.187572 100
1.38539 -0.1154 -0.188815 100
1.36716 -0.0945 -0.18633 100
1.3525 -0.0744 -0.184331 100
1.34348 -0.0549 -0.183102 100
1.33912 -0.0359 -0.182508 100
1.31543 0.0139 -0.166267 100
1.31712 0.0324 -0.16648 100
1.32149 0.0511 -0.167031 100
1.32664 0.0699 -0.167684 100
1.33448 0.0891 -0.168674 100
1.3449 0.1088 -0.169991 100
1.35909 0.1291 -0.171784 100
1.36702 0.1493 -0.172787 100
1.3948 0.192 -0.176298 100
1.44401 0.2195 -0.182518 46
1.40085 -0.1502 -0.177063 43
1.3702 -0.1275 -0.173189 100
1.36296 -0.1076 -0.172273 100
1.34847 -0.0874 -0.170442 100
1.34063 -0.068 -0.169452 100
1.33547 -0.049 -0.1688 100
1.32813 -0.0301 -0.167872 100
1.31719 0.0157 -0.160218 100
1.31888 0.0343 -0.160423 100
1.32116 0.0529 -0.160701 100
1.32632 0.0718 -0.161329 100
1.33605 0.0912 -0.162512 100
1.34757 0.111 -0.163912 100
1.36464 0.1318 -0.165989 100
1.37358 0.1521 -0.167076 100
1.39988 0.175 -0.170276 100
1.45726 0.203 -0.177255 40
1.44078 -0.176 -0.175251 41
1.40356 -0.1514 -0.170723 52
1.3699 -0.1284 -0.166629 100
1.35968 -0.1082 -0.165386 100
1.34618 -0.0881 -0.163743 100
1.33446 -0.0685 -0.162319 100
1.32632 -0.0494 -0.161329 100
1.32086 -0.0306 -0.160664 100
1.30214 0.0037 -0.152194 100
1.29995 0.0219 -0.151939 100
1.30055 0.0403 -0.152008 100
1.30482 0.0588 -0.152507 100
1.30879 0.0774 -0.152972 100
1.31256 0.0962 -0.153413 100
1.32101 0.1155 -0.1544 100
1.33312 0.1355 -0.155816 100
1.34494 0.1558 -0.157197 100
1.35547 0.1764 -0.158428 100
1.38825 0.2005 -0.162259 100
1.4246 0.2263 -0.166508 100
1.40921 -0.17 -0.164709 41
1.37593 -0.1464 -0.16082 100
1.34812 -0.1243 -0.157569 100
1.33988 -0.1046 -0.156605 100
1.32627 -0.0848 -0.155015 100
1.31843 -0.0656 -0.154098 100
1.31425 -0.0469 -0.15361 100
1.30978 -0.0283 -0.153088 100
1.30199 0.008 -0.135242 100
1.3017 0.0263 -0.135211 100
1.30617 0.0447 -0.135676 100
1.30846 0.0631 -0.135913 100
1.31045 0.0817 -0.13612 100
1.31711 0.1006 -0.136812 100
1.32646 0.1201 -0.137783 100
1.3375 0.14 -0.13893 100
1.35123 0.1606 -0.140356 100
1.36267 0.1814 -0.141544 100
1.39848 0.2062 -0.145263 100
1.44065 0.2331 -0.149644 38
1.42006 -0.18 -0.147505 40
1.376 -0.1548 -0.142928 100
1.34825 -0.1326 -0.140046 100
1.34108 -0.1129 -0.139302 100
1.32766 -0.093 -0.137907 100
1.3188 -0.0738 -0.136988 100
1.31383 -0.0551 -0.136471 100
1.30846 -0.0365 -0.135913 100
1.29132 0.0093 -0.121226 100
1.28903 0.0273 -0.121011 100
1.28853 0.0454 -0.120964 100
1.28973 0.0636 -0.121076 100
1.2957 0.0821 -0.121637 100
1.31233 0.1016 -0.123198 100
1.3197 0.1208 -0.12389 100
1.33174 0.1408 -0.12502 100
1.34648 0.1615 -0.126404 100
1.35693 0.1821 -0.127385 100
1.39069 0.2065 -0.130554 100
1.44375 0.2351 -0.135535 48
1.42583 -0.1923 -0.133853 23
1.38491 -0.1671 -0.130012 100
1.35245 -0.1439 -0.126965 100
1.3424 -0.1239 -0.126021 100
1.31621 -0.1029 -0.123562 100
1.30964 -0.0655 -0.122946 100
1.30048 -0.0467 -0.122086 100
1.29401 -0.0284 -0.121478 100
1.29156 0.0109 -0.107233 100
1.29126 0.029 -0.107208 100
1.29265 0.0471 -0.107324 100
1.29295 0.0653 -0.107348 100
1.29783 0.0838 -0.107754 100
1.3065 0.1028 -0.108474 100
1.31388 0.122 -0.109086 100
1.32394 0.1416 -0.109922 100
1.3376 0.1621 -0.111055 100
1.34517 0.1822 -0.111684 100
1.37208 0.2055 -0.113918 100
1.41334 0.232 -0.117344 100
1.43616 -0.2009 -0.119238 23
1.3943 -0.1752 -0.115763 100
1.35693 -0.1512 -0.11266 100
1.33511 -0.1298 -0.110848 100
1.32883 -0.1104 -0.110327 100
1.31936 -0.091 -0.109541 100
1.31149 -0.072 -0.108887 100
1.30342 -0.0533 -0.108217 100
1.29803 -0.0348 -0.10777 100
1.28285 0.0153 -0.0885838 100
1.28255 0.0332 -0.0885631 100
1.28294 0.0512 -0.0885906 100
1.28604 0.0693 -0.0888042 100
1.28993 0.0876 -0.0890729 100
1.29761 0.1064 -0.0896033 100
1.30789 0.1257 -0.0903129 100
1.31886 0.1454 -0.0910706 100
1.32963 0.1654 -0.0918146 100
1.33612 0.1852 -0.0922624 100
1.36096 0.2081 -0.0939777 100
1.39637 0.2335 -0.0964233 100
1.40825 -0.2093 -0.097243 43
1.37143 -0.1842 -0.0947011 100
1.3432 -0.1614 -0.0927515 100
1.33632 -0.1416 -0.0922762 100
1.32225 -0.1215 -0.0913048 100
1.30998 -0.1019 -0.0904575 100
1.3003 -0.0828 -0.0897893 100
1.29132 -0.0642 -0.0891693 100
1.28713 -0.0459 -0.08888 100
1.28564 -0.0279 -0.0887766 100
1.28465 0.0063 -0.0777309 100
1.28245 0.0242 -0.0775981 100
1.28295 0.0422 -0.0776283 100
1.28525 0.0603 -0.0777672 100
1.28625 0.0784 -0.0778276 100
1.29004 0.0967 -0.0780571 100
1.29653 0.1155 -0.0784497 100
1.30671 0.1349 -0.0790657 100
1.31759 0.1546 -0.079724 100
1.33017 0.175 -0.080485 100
1.33546 0.1948 -0.0808051 100
1.35921 0.2177 -0.0822426 100
1.39245 0.243 -0.0842538 100
1.44486 0.2731 -0.0874246 40
1.43478 -0.2126 -0.0868146 32
1.39205 -0.1864 -0.0842296 100
1.35582 -0.1623 -0.0820372 100
1.34414 -0.1418 -0.0813306 100
1.32607 -0.1212 -0.0802374 100
1.3127 -0.1015 -0.0794281 100
1.30102 -0.0823 -0.0787214 100
1.29304 -0.0636 -0.0782383 100
1.28984 -0.0454 -0.078045 100
1.28834 -0.0273 -0.0779544 100
1.27207 0.0125 -0.068326 100
1.27177 0.0302 -0.0683099 100
1.27326 0.048 -0.0683903 100
1.27846 0.0661 -0.0686692 100
1.28235 0.0843 -0.0688784 100
1.28804 0.1027 -0.0691841 100
1.29543 0.1215 -0.069581 100
1.30452 0.1408 -0.0700691 100
1.31441 0.1605 -0.0706001 100
1.32689 0.1808 -0.0712705 100
1.33508 0.2009 -0.0717104 100
1.36463 0.2249 -0.073298 100
1.40168 0.2512 -0.0752878 100
1.42005 -0.2198 -0.0762747 37
1.37552 -0.1933 -0.0738826 100
1.34336 -0.1697 -0.0721555 100
1.33368 -0.1496 -0.0716353 100
1.3198 -0.1294 -0.0708897 100
1.30752 -0.1098 -0.07023 100
1.29693 -0.0907 -0.0696615 100
1.29014 -0.0721 -0.0692968 100
1.28704 -0.054 -0.0691305 100
1.28265 -0.0359 -0.0688945 100
1.27467 0.0105 -0.058258 100
1.27537 0.0283 -0.05829 100
1.27687 0.0462 -0.0583585 100
1.28306 0.0644 -0.0586416 100
1.28806 0.0827 -0.0588698 100
1.29275 0.1011 -0.0590844 100
1.30014 0.12 -0.0594223 100
1.31023 0.1395 -0.0598834 100
1.32102 0.1593 -0.0603765 100
1.3375 0.1803 -0.0611299 100
1.34869 0.201 -0.0616412 100
1.38615 0.2264 -0.0633533 100
1.42321 0.253 -0.0650472 50
1.37067 -0.2026 -0.0626457 37
1.3417 -0.1792 -0.0613216 100
1.33511 -0.1593 -0.0610203 100
1.32032 -0.1389 -0.0603446 100
1.30823 -0.1192 -0.0597921 100
1.29785 -0.0999 -0.0593173 100
1.29005 -0.0812 -0.0589612 100
1.28516 -0.0629 -0.0587374 100
1.28086 -0.0448 -0.0585411 100
1.27637 -0.0268 -0.0583357 100
1.26824 0.0018 -0.0438459 100
1.26714 0.0194 -0.0438079 100
1.26774 0.0371 -0.0438286 100
1.26804 0.0549 -0.043839 100
1.27014 0.0727 -0.0439115 100
1.27604 0.0909 -0.0441154 100
1.28353 0.1094 -0.0443745 100
1.29283 0.1284 -0.0446958 100
1.30382 0.1479 -0.0450759 100
1.31551 0.1678 -0.0454802 100
1.32991 0.1885 -0.0459777 100
1.337 0.2086 -0.046223 100
1.36548 0.2326 -0.0472077 100
1.40246 0.2591 -0.0484861 100
1.40996 -0.2336 -0.0487453 100
1.36758 -0.2071 -0.0472803 100
1.3367 -0.1834 -0.0462126 100
1.32721 -0.1632 -0.0458844 100
1.31252 -0.1429 -0.0453765 100
1.30042 -0.1232 -0.0449584 100
1.29103 -0.1042 -0.0446336 100
1.28333 -0.0856 -0.0443676 100
1.27644 -0.0673 -0.0441292 100
1.27124 -0.0492 -0.0439495 100
1.26884 -0.0314 -0.0438666 100
1.26757 0.0104 -0.0330264 100
1.26727 0.0281 -0.0330186 100
1.26777 0.0458 -0.0330317 100
1.26997 0.0637 -0.033089 100
1.27297 0.0816 -0.0331671 100
1.27967 0.1 -0.0333416 100
1.28416 0.1184 -0.0334588 100
1.28826 0.137 -0.0335656 100
1.29716 0.1563 -0.0337974 100
1.30876 0.1762 -0.0340995 100
1.32295 0.197 -0.0344694 100
1.33295 0.2175 -0.0347299 100
1.36714 0.2428 -0.0356206 100
1.39903 0.2686 -0.0364515 100
1.39603 -0.2283 -0.0363734 100
1.36244 -0.2034 -0.0354982 100
1.33245 -0.1799 -0.0347168 100
1.32295 -0.1598 -0.0344694 100
1.31016 -0.1398 -0.034136 100
1.29996 -0.1204 -0.0338703 100
1.29156 -0.1014 -0.0336516 100
1.28386 -0.0828 -0.033451 100
1.27697 -0.0645 -0.0332713 100
1.27227 -0.0287 -0.0331489 100
1.26089 0.0053 -0.0168614 100
1.26069 0.0229 -0.0168587 100
1.26119 0.0405 -0.0168654 100
1.26359 0.0583 -0.0168975 100
1.26759 0.0762 -0.016951 100
1.27239 0.0943 -0.0170152 100
1.27889 0.1128 -0.0171021 100
1.28519 0.1314 -0.0171863 100
1.29318 0.1505 -0.0172933 100
1.30578 0.1705 -0.0174618 100
1.32208 0.1914 -0.0176797 100
1.32918 0.2114 -0.0177747 100
1.35758 0.2354 -0.0181544 100
1.39448 0.2619 -0.0186478 100
1.40457 -0.2335 -0.0187829 41
1.36818 -0.2079 -0.0182961 100
1.33528 -0.1838 -0.0178562 100
1.32578 -0.1637 -0.0177292 100
1.31208 -0.1434 -0.017546 100
1.29998 -0.1238 -0.0173842 100
1.28968 -0.1047 -0.0172465 100
1.28099 -0.086 -0.0171302 100
1.27409 -0.0677 -0.0170379 100
1.26889 -0.0496 -0.0169684 100
1.26449 -0.0318 -0.0169095 100
1.26089 0.0117 -0.00459832 100
1.26269 0.0293 -0.00460489 100
1.26309 0.047 -0.00460635 100
1.26529 0.0648 -0.00461437 100
1.26829 0.0827 -0.00462531 100
1.27299 0.1009 -0.00464245 100
1.28039 0.1195 -0.00466944 100
1.28659 0.1382 -0.00469205 100
1.29639 0.1577 -0.00472779 100
1.30899 0.1778 -0.00477374 100
1.32219 0.1984 -0.00482187 100
1.34099 0.2204 -0.00489044 100
1.35449 0.2421 -0.00493967 100
1.39809 0.2701 -0.00509867 100
1.42639 -0.2434 -0.00520188 24
1.38119 -0.2159 -0.00503704 100
1.34549 -0.1911 -0.00490685 100
1.33509 -0.1707 -0.00486892 100
1.31749 -0.1497 -0.00480473 100
1.30259 -0.1296 -0.0047504 100
1.29429 -0.1106 -0.00472013 100
1.28569 -0.0918 -0.00468876 100
1.27689 -0.0732 -0.00465667 100
1.26979 -0.055 -0.00463078 100
1.26549 -0.0371 -0.0046151 100
1.26389 -0.0194 -0.00460926 100
1.25989 0.0141 0.00568864 100
1.25859 0.0316 0.00568277 100
1.25899 0.0492 0.00568458 100
1.26219 0.067 0.00569902 100
1.26619 0.085 0.00571708 100
1.27179 0.1032 0.00574237 100
1.27919 0.1218 0.00577578 100
1.28629 0.1406 0.00580784 100
1.29419 0.1598 0.00584351 100
1.30669 0.1799 0.00589995 100
1.32179 0.2008 0.00596813 100
1.34259 0.2231 0.00606204 100
1.35409 0.2445 0.00611397 100
1.39569 0.2722 0.0063018 100
1.41659 -0.2469 0.00639616 36
1.37449 -0.2198 0.00620608 100
1.34089 -0.1953 0.00605437 100
1.33149 -0.175 0.00601192 100
1.31499 -0.1542 0.00593742 100
1.29909 -0.134 0.00586563 100
1.28789 -0.1147 0.00581506 100
1.28139 -0.0961 0.00578571 100
1.27359 -0.0777 0.0057505 100
1.26659 -0.0595 0.00571889 100
1.26329 -0.0417 0.00570399 100
1.25979 -0.024 0.00568819 100
1.25776 0.0114 0.0185673 100
1.25756 0.029 0.0185644 100
1.25896 0.0466 0.0185851 100
1.26226 0.0644 0.0186338 100
1.26516 0.0823 0.0186766 100
1.26986 0.1004 0.0187459 100
1.27736 0.119 0.0188567 100
1.28246 0.1376 0.0189319 100
1.29036 0.1567 0.0190485 100
1.30496 0.177 0.019264 100
1.32016 0.1979 0.0194884 100
1.32906 0.2182 0.0196198 100
1.35635 0.2422 0.0200227 100
1.38825 0.268 0.0204936 100
1.44994 0.301 0.0214043 40
1.40435 -0.2407 0.0207312 40
1.36905 -0.215 0.0202102 100
1.33435 -0.1905 0.019698 100
1.32296 -0.17 0.0195297 100
1.31036 -0.1498 0.0193437 100
1.29836 -0.1301 0.0191666 100
1.28806 -0.1109 0.0190146 100
1.28056 -0.0923 0.0189039 100
1.27276 -0.0739 0.0187887 100
1.26666 -0.0558 0.0186987 100
1.26226 -0.0379 0.0186338 100
1.25966 -0.0202 0.0185954 100
1.25472 0.0114 0.0211378 100
1.25652 0.0289 0.0211682 100
1.25792 0.0466 0.0211917 100
1.26022 0.0643 0.0212305 100
1.26512 0.0822 0.021313 100
1.27082 0.1004 0.021409 100
1.27732 0.1189 0.0215185 100
1.28342 0.1376 0.0216213 100
1.29332 0.1569 0.021788 100
1.30781 0.1772 0.0220323 100
1.32211 0.198 0.0222731 100
1.33101 0.2184 0.0224231 100
1.35841 0.2424 0.0228846 100
1.3961 0.2692 0.0235196 100
1.3881 -0.2467 0.0233849 51
1.34991 -0.2205 0.0227414 100
1.33801 -0.1994 0.022541 100
1.31991 -0.1779 0.0222361 100
1.30431 -0.1573 0.0219733 100
1.29052 -0.1374 0.0217409 100
1.28032 -0.1183 0.0215691 100
1.27192 -0.0996 0.0214276 100
1.26622 -0.0814 0.0213316 100
1.26222 -0.0635 0.0212642 100
1.25902 -0.0457 0.0212103 100
1.25752 -0.0281 0.021185 100
1.25529 0.0096 0.0423068 100
1.25499 0.0272 0.0422966 100
1.25449 0.0447 0.0422798 100
1.25579 0.0624 0.0423236 100
1.25968 0.0803 0.042455 100
1.26648 0.0985 0.042684 100
1.27488 0.1171 0.0429669 100
1.28107 0.1358 0.0431758 100
1.28897 0.1549 0.0434419 100
1.30056 0.1747 0.0438326 100
1.31385 0.1953 0.0442806 100
1.32185 0.2154 0.0445501 100
1.35013 0.2394 0.0455033 100
1.38601 0.2658 0.0467126 100
1.44378 0.2979 0.0486595 51
1.39341 -0.2358 0.0469618 52
1.36003 -0.2106 0.0458368 100
1.32815 -0.1867 0.0447623 100
1.31875 -0.1666 0.0444457 100
1.30106 -0.1459 0.0438495 100
1.29007 -0.1265 0.0434789 100
1.28077 -0.1075 0.0431657 100
1.27218 -0.0889 0.042876 100
1.26628 -0.0707 0.0426773 100
1.26218 -0.0527 0.0425392 100
1.25879 -0.035 0.0424246 100
1.25257 0.0044 0.059864 100
1.25237 0.0219 0.0598544 100
1.25297 0.0395 0.0598831 100
1.25527 0.0571 0.0599929 100
1.25736 0.0749 0.0600931 100
1.26016 0.0927 0.0602268 100
1.26376 0.1108 0.0603987 100
1.26905 0.1292 0.0606517 100
1.27894 0.1483 0.0611243 100
1.28963 0.1678 0.0616351 100
1.30201 0.188 0.062227 100
1.3151 0.2087 0.0628524 100
1.32379 0.2291 0.0632677 100
1.35385 0.2539 0.0647047 100
1.38642 0.2801 0.0662609 100
1.46443 0.3173 0.0699893 42
1.41608 -0.2464 0.0676788 35
1.36914 -0.2185 0.0654351 100
1.33548 -0.194 0.0638263 100
1.32519 -0.1736 0.0633346 100
1.30861 -0.1529 0.0625421 100
1.29572 -0.133 0.0619263 100
1.28553 -0.1138 0.0614393 100
1.27904 -0.0952 0.0611291 100
1.27125 -0.0768 0.0607567 100
1.26516 -0.0587 0.0604655 100
1.25986 -0.0408 0.0602125 100
1.25637 -0.0231 0.0600454 100
1.24994 0.0096 0.0717102 100
1.24865 0.0271 0.0716357 100
1.25114 0.0446 0.0717789 100
1.25344 0.0623 0.0719107 100
1.25544 0.08 0.0720252 100
1.25913 0.0979 0.0722371 100
1.26362 0.1161 0.0724949 100
1.26881 0.1344 0.0727927 100
1.2767 0.1534 0.0732452 100
1.28738 0.1729 0.0738581 100
1.29966 0.1931 0.0745626 100
1.31354 0.214 0.0753587 100
1.35607 0.26 0.0777987 100
1.39051 0.2868 0.0797747 100
1.42845 -0.2533 0.0819512 36
1.36975 -0.2231 0.0785834 100
1.3391 -0.199 0.076825 100
1.33091 -0.1788 0.0763553 100
1.31544 -0.158 0.0754675 100
1.29956 -0.1377 0.0745568 100
1.28748 -0.1182 0.0738638 100
1.26911 -0.0987 0.0728099 100
1.26432 -0.0805 0.072535 100
1.25933 -0.0626 0.0722486 100
1.25613 -0.0448 0.0720653 100
1.24488 0.0122 0.0868308 100
1.24557 0.0296 0.0868795 100
1.25106 0.0472 0.0872622 100
1.25625 0.065 0.087624 100
1.26024 0.0829 0.0879023 100
1.26493 0.1009 0.0882293 100
1.26932 0.1192 0.0885355 100
1.2755 0.1377 0.0889669 100
1.28438 0.1569 0.0895862 100
1.29685 0.1768 0.0904559 100
1.31111 0.1974 0.091451 100
1.319 0.2175 0.0920007 100
1.34832 0.2417 0.0940464 100
1.38005 0.2674 0.096259 100
1.4416 0.3002 0.100552 100
1.44549 -0.2706 0.100824 35
1.37825 -0.2381 0.0961338 100
1.34403 -0.2129 0.0937472 100
1.33496 -0.1924 0.093114 100
1.3158 -0.1709 0.091778 100
1.30114 -0.1506 0.0907551 100
1.28827 -0.1309 0.0898575 100
1.27899 -0.1119 0.0892104 100
1.27151 -0.0934 0.0886886 100
1.26373 -0.0751 0.0881459 100
1.25864 -0.0572 0.087791 100
1.25335 -0.0394 0.0874222 100
1.24976 -0.0218 0.0871717 100
1.24321 0.0026 0.0971344 100
1.246 0.0201 0.0973525 100
1.25159 0.0377 0.0977887 100
1.25498 0.0554 0.0980536 100
1.25707 0.0731 0.0982171 100
1.26086 0.0911 0.0985131 100
1.26644 0.1093 0.0989494 100
1.27472 0.128 0.0995959 100
1.28269 0.147 0.100219 100
1.29336 0.1666 0.101052 100
1.30971 0.1874 0.10233 100
1.3139 0.2068 0.102657 100
1.33543 0.2294 0.10434 100
1.36544 0.2543 0.106684 100
1.4116 0.2834 0.110291 100
1.40043 -0.2567 0.109418 40
1.35966 -0.2296 0.106232 100
1.32925 -0.2054 0.103857 100
1.32307 -0.1855 0.103374 100
1.30672 -0.1646 0.102096 100
1.29206 -0.1444 0.100951 100
1.28399 -0.1253 0.10032 100
1.27571 -0.1065 0.0996738 100
1.26714 -0.088 0.0990039 100
1.26026 -0.0698 0.0984664 100
1.25607 -0.0519 0.0981392 100
1.25268 -0.0342 0.0978744 100
1.24527 0.0061 0.108618 100
1.24507 0.0236 0.1086 100
1.24856 0.0411 0.108904 100
1.25185 0.0588 0.109191 100
1.25494 0.0766 0.10946 100
1.25972 0.0946 0.109878 100
1.2652 0.1129 0.110355 100
1.27147 0.1314 0.110903 100
1.27934 0.1504 0.111589 100
1.28901 0.1699 0.112432 100
1.30036 0.1899 0.113423 100
1.3162 0.2111 0.114804 100
1.33573 0.2335 0.116508 100
1.34709 0.255 0.117498 100
1.38534 0.2824 0.120835 100
1.41124 -0.2531 0.123094 39
1.36542 -0.2252 0.119097 100
1.33105 -0.2004 0.116099 100
1.31989 -0.1798 0.115126 100
1.30634 -0.1594 0.113944 100
1.29359 -0.1395 0.112832 100
1.28452 -0.1203 0.112041 100
1.27715 -0.1016 0.111398 100
1.26848 -0.083 0.110642 100
1.26051 -0.0648 0.109947 100
1.25633 -0.0469 0.109582 100
1.25195 -0.0292 0.1092 100
1.24362 0.0017 0.126123 100
1.24352 0.0192 0.126113 100
1.2471 0.0367 0.126476 100
1.25039 0.0543 0.126809 100
1.25347 0.0721 0.127122 100
1.25835 0.09 0.127616 100
1.26392 0.1082 0.128181 100
1.27118 0.1268 0.128918 100
1.27824 0.1456 0.129634 100
1.28988 0.1653 0.130815 100
1.30322 0.1855 0.132167 100
1.31724 0.2064 0.133589 100
1.32699 0.227 0.134578 100
1.35893 0.2521 0.137817 100
1.40609 0.2813 0.1426 100
1.38709 -0.2533 0.140672 49
1.34629 -0.2265 0.136536 100
1.33356 -0.2052 0.135244 100
1.31555 -0.1836 0.133418 100
1.30023 -0.1629 0.131864 100
1.2875 -0.143 0.130572 100
1.27844 -0.1239 0.129654 100
1.27118 -0.1053 0.128918 100
1.26352 -0.0869 0.128141 100
1.25765 -0.0688 0.127546 100
1.25556 -0.051 0.127334 100
1.25118 -0.0333 0.12689 100
1.24376 0.0004 0.143401 100
1.24366 0.0179 0.143389 100
1.24724 0.0354 0.143802 100
1.25062 0.053 0.144191 100
1.2527 0.0707 0.144432 100
1.25856 0.0887 0.145108 100
1.26512 0.107 0.145864 100
1.27247 0.1256 0.146711 100
1.28042 0.1445 0.147627 100
1.29015 0.1639 0.14875 100
1.30446 0.1843 0.150399 100
1.32145 0.2056 0.152358 100
1.33019 0.2261 0.153366 100
1.36416 0.2515 0.157283 100
1.40827 0.2801 0.162368 100
1.38671 -0.2492 0.159883 48
1.35373 -0.2238 0.15608 100
1.32234 -0.1996 0.152461 100
1.31221 -0.1794 0.151293 100
1.2988 -0.159 0.149746 100
1.28797 -0.1394 0.148498 100
1.27694 -0.1202 0.147227 100
1.2676 -0.1014 0.14615 100
1.26095 -0.0831 0.145382 100
1.25598 -0.0652 0.14481 100
1.2528 -0.0474 0.144443 100
1.25032 -0.0298 0.144157 100
1.24459 0.0114 0.152484 100
1.2444 0.0289 0.15246 100
1.24678 0.0465 0.152752 100
1.24906 0.0641 0.153031 100
1.25293 0.082 0.153505 100
1.25869 0.1001 0.154211 100
1.26306 0.1184 0.154746 100
1.27119 0.1372 0.155743 100
1.28191 0.1566 0.157056 100
1.29343 0.1764 0.158467 100
1.30653 0.197 0.160072 100
1.3243 0.2187 0.162249 100
1.33482 0.2397 0.163538 100
1.37234 0.2664 0.168135 100
1.41026 0.2944 0.17278 100
1.41502 -0.2593 0.173364 31
1.37542 -0.2321 0.168512 100
1.3373 -0.2064 0.163842 100
1.32628 -0.1857 0.162492 100
1.31 -0.1647 0.160498 100
1.2973 -0.1446 0.158941 100
1.28638 -0.1251 0.157604 100
1.27606 -0.106 0.156339 100
1.26653 -0.0873 0.155172 100
1.25968 -0.0691 0.154332 100
1.25462 -0.0512 0.153712 100
1.25124 -0.0334 0.153299 100
1.24799 0.0064 0.166117 100
1.24879 0.024 0.166222 100
1.25226 0.0417 0.166684 100
1.25652 0.0596 0.167251 100
1.26048 0.0776 0.167779 100
1.26425 0.0958 0.16828 100
1.27069 0.1143 0.169138 100
1.27694 0.133 0.169969 100
1.28675 0.1524 0.171276 100
1.29825 0.1723 0.172806 100
1.31342 0.1932 0.174825 100
1.32432 0.2139 0.176276 100
1.35832 0.2391 0.180802 100
1.39866 0.2666 0.186172 100
1.40689 -0.2658 0.187267 33
1.36357 -0.2378 0.181501 100
1.32759 -0.2123 0.176712 100
1.31669 -0.1916 0.17526 100
1.3034 -0.1709 0.173492 100
1.29191 -0.1509 0.171962 100
1.28001 -0.1313 0.170378 100
1.27287 -0.1124 0.169428 100
1.2693 -0.0941 0.168953 100
1.26266 -0.0757 0.168069 100
1.25761 -0.0577 0.167396 100
1.25434 -0.0398 0.166961 100
1.24978 -0.022 0.166354 100
1.24714 0.0051 0.1724 100
1.24793 0.0226 0.172509 100
1.24952 0.0403 0.172728 100
1.25279 0.0581 0.17318 100
1.25675 0.076 0.173728 100
1.26249 0.0942 0.174522 100
1.26804 0.1126 0.175289 100
1.27418 0.1313 0.176138 100
1.28409 0.1506 0.177507 100
1.29558 0.1705 0.179096 100
1.30885 0.191 0.18093 100
1.31678 0.2112 0.182026 100
1.346 0.2353 0.186065 100
1.37958 0.2613 0.190708 100
1.43892 0.2936 0.19891 47
1.41207 -0.2597 0.195199 38
1.36284 -0.2309 0.188393 100
1.33065 -0.2062 0.183943 100
1.32252 -0.1859 0.18282 100
1.30628 -0.1649 0.180574 100
1.29271 -0.1447 0.178698 100
1.28082 -0.1251 0.177055 100
1.27349 -0.1063 0.176042 100
1.26794 -0.0879 0.175275 100
1.26111 -0.0696 0.17433 100
1.25507 -0.0515 0.173495 100
1.25061 -0.0337 0.172879 100
1.24925 0.0156 0.178222 100
1.25093 0.0333 0.178462 100
1.2543 0.0511 0.178942 100
1.25836 0.0691 0.179521 100
1.26222 0.0872 0.180072 100
1.26687 0.1055 0.180736 100
1.27113 0.1239 0.181343 100
1.27915 0.1429 0.182487 100
1.29083 0.1627 0.184154 100
1.30321 0.1829 0.185919 100
1.31716 0.2039 0.18791 100
1.33271 0.2256 0.190128 100
1.34409 0.247 0.191752 100
1.38131 0.2741 0.197062 100
1.38112 -0.2363 0.197034 49
1.34518 -0.2106 0.191907 100
1.33518 -0.1898 0.190481 100
1.31508 -0.1681 0.187614 100
1.29954 -0.1475 0.185397 100
1.28568 -0.1276 0.183419 100
1.27747 -0.1086 0.182247 100
1.27192 -0.0901 0.181456 100
1.26519 -0.0717 0.180496 100
1.25915 -0.0535 0.179634 100
1.2548 -0.0356 0.179013 100
1.25123 -0.0179 0.178504 100
1.24856 0.0088 0.183658 100
1.24926 0.0264 0.18376 100
1.25272 0.0442 0.18427 100
1.25697 0.0621 0.184895 100
1.26192 0.0801 0.185623 100
1.26756 0.0984 0.186453 100
1.273 0.1169 0.187253 100
1.28013 0.1358 0.188301 100
1.29091 0.1554 0.189887 100
1.30436 0.1756 0.191866 100
1.3106 0.1953 0.192783 100
1.33315 0.2179 0.196101 100
1.37095 0.244 0.20166 100
1.40241 0.27 0.206288 100
1.4123 -0.2657 0.207744 26
1.37194 -0.2382 0.201806 100
1.33503 -0.2124 0.196378 100
1.32415 -0.1916 0.194777 100
1.30802 -0.1705 0.192405 100
1.29447 -0.1502 0.190411 100
1.2826 -0.1306 0.188665 100
1.2735 -0.1115 0.187326 100
1.26796 -0.0931 0.186511 100
1.26123 -0.0747 0.185521 100
1.25618 -0.0567 0.184779 100
1.25292 -0.0389 0.184299 100
1.24936 -0.0211 0.183775 100
1.25326 0.0106 0.192806 100
1.25494 0.0284 0.193065 100
1.25741 0.0462 0.193445 100
1.25859 0.064 0.193627 100
1.26057 0.082 0.193931 100
1.2662 0.1003 0.194798 100
1.27352 0.119 0.195923 100
1.2836 0.1382 0.197474 100
1.29427 0.1579 0.199116 100
1.30574 0.178 0.20088 100
1.32165 0.1992 0.203328 100
1.33252 0.2201 0.205001 100
1.3682 0.2459 0.21049 100
1.40744 0.2734 0.216527 100
1.43838 -0.2634 0.221286 100
1.38145 -0.2329 0.212528 51
1.34844 -0.2078 0.207449 100
1.32076 -0.1845 0.203191 100
1.31147 -0.1644 0.201762 100
1.29981 -0.1444 0.199968 100
1.28983 -0.1249 0.198432 100
1.27866 -0.1056 0.196714 100
1.27115 -0.0869 0.195558 100
1.26531 -0.0686 0.194661 100
1.26017 -0.0505 0.19387 100
1.25681 -0.0326 0.193353 100
1.24967 0.008 0.202708 100
1.25134 0.0256 0.202981 100
1.2549 0.0434 0.203557 100
1.25608 0.0612 0.203749 100
1.25904 0.0792 0.20423 100
1.26477 0.0975 0.205158 100
1.27118 0.1161 0.206199 100
1.27928 0.135 0.207512 100
1.28905 0.1545 0.209097 100
1.3005 0.1745 0.210954 100
1.31462 0.1953 0.213244 100
1.32054 0.2153 0.214205 100
1.3466 0.2391 0.218432 100
1.39358 0.2678 0.226053 100
1.4614 0.3022 0.237054 39
1.40128 -0.2695 0.227302 31
1.35825 -0.2414 0.220321 100
1.34581 -0.2197 0.218304 100
1.32528 -0.1972 0.214973 100
1.30731 -0.1757 0.212059 100
1.2929 -0.1552 0.209722 100
1.28293 -0.1174 0.208104 100
1.27553 -0.0986 0.206903 100
1.26891 -0.0801 0.205831 100
1.262 -0.0617 0.20471 100
1.25776 -0.0438 0.204021 100
1.25628 -0.026 0.203781 100
1.25535 0.0118 0.216628 100
1.25712 0.0296 0.216934 100
1.25948 0.0475 0.217343 100
1.26362 0.0655 0.218057 100
1.26855 0.0838 0.218907 100
1.27417 0.1023 0.219876 100
1.28146 0.1211 0.221135 100
1.29043 0.1404 0.222682 100
1.30107 0.1602 0.224519 100
1.31536 0.1809 0.226984 100
1.32344 0.2011 0.228379 100
1.35172 0.225 0.233259 100
1.3941 0.2524 0.240572 100
1.43686 0.2812 0.247952 42
1.41213 -0.2636 0.243683 47
1.37675 -0.2369 0.237579 100
1.34571 -0.212 0.232222 100
1.31733 -0.1885 0.227325 100
1.30905 -0.1685 0.225896 100
1.29654 -0.1483 0.223736 100
1.28471 -0.1285 0.221696 100
1.27752 -0.1096 0.220454 100
1.272 -0.091 0.219502 100
1.26717 -0.0727 0.218669 100
1.26313 -0.0545 0.217972 100
1.25791 -0.0365 0.21707 100
1.25535 -0.0186 0.216628 100
1.25322 0.0158 0.228608 100
1.25489 0.0336 0.228914 100
1.25824 0.0516 0.229524 100
1.26325 0.0698 0.230439 100
1.26709 0.088 0.231139 100
1.27063 0.1064 0.231785 100
1.2789 0.1254 0.233292 100
1.28873 0.1448 0.235087 100
1.30133 0.165 0.237384 100
1.30762 0.1846 0.238532 100
1.32926 0.207 0.24248 100
1.36517 0.2324 0.249031 100
1.38701 0.2564 0.253014 100
1.38337 -0.2426 0.25235 49
1.34874 -0.2168 0.246034 100
1.31943 -0.193 0.240686 100
1.31028 -0.1727 0.239017 100
1.29778 -0.1524 0.236738 100
1.28804 -0.1327 0.234961 100
1.27899 -0.1135 0.23331 100
1.27053 -0.0946 0.231767 100
1.2668 -0.0763 0.231085 100
1.26286 -0.0581 0.230367 100
1.25765 -0.0399 0.229416 100
1.2541 -0.022 0.22877 100
1.26204 0.0159 0.246561 100
1.26175 0.0339 0.246503 100
1.26214 0.0519 0.24658 100
1.26518 0.0701 0.247174 100
1.26999 0.0885 0.248114 100
1.27647 0.1072 0.249379 100
1.28461 0.1263 0.250971 100
1.29639 0.1461 0.253272 100
1.30984 0.1665 0.255899 100
1.32201 0.1872 0.258276 100
1.3329 0.2082 0.260404 100
1.36774 0.2336 0.267211 100
1.40013 0.2596 0.273539 100
1.39041 -0.2581 0.271641 44
1.34929 -0.2307 0.263607 100
1.33683 -0.209 0.261171 100
1.31524 -0.1865 0.256953 100
1.30012 -0.1655 0.254 100
1.28864 -0.1455 0.251757 100
1.27971 -0.1261 0.250012 100
1.27254 -0.1071 0.248612 100
1.26705 -0.0885 0.247539 100
1.26322 -0.0702 0.246791 100
1.26263 -0.0341 0.246676 100
1.26035 0.0009 0.25556 100
1.26025 0.0188 0.25554 100
1.25986 0.0368 0.255461 100
1.26114 0.0548 0.255719 100
1.26613 0.073 0.256733 100
1.27388 0.0917 0.258303 100
1.28221 0.1106 0.259992 100
1.28936 0.1298 0.261442 100
1.29818 0.1493 0.263231 100
1.31161 0.1698 0.265953 100
1.32856 0.1912 0.269391 100
1.33836 0.2121 0.271379 100
1.37208 0.2375 0.278215 100
1.42941 0.2684 0.28984 45
1.38697 -0.2492 0.281235 47
1.34865 -0.2226 0.273465 100
1.33317 -0.2006 0.270325 100
1.30759 -0.1778 0.265139 100
1.30014 -0.158 0.263628 100
1.28956 -0.1381 0.261482 100
1.2825 -0.119 0.260051 100
1.27231 -0.0998 0.257985 100
1.26476 -0.0811 0.256454 100
1.2628 -0.063 0.256057 100
1.26153 -0.0449 0.255799 100
1.25908 -0.0269 0.255302 100
1.25972 0.0085 0.26844 100
1.26236 0.0266 0.269003 100
1.2648 0.0447 0.269524 100
1.26901 0.0629 0.27042 100
1.27585 0.0815 0.271879 100
1.28436 0.1005 0.273692 100
1.29258 0.1197 0.275443 100
1.30246 0.1393 0.277548 100
1.31791 0.16 0.280841 100
1.32534 0.1801 0.282425 100
1.35077 0.2032 0.287844 100
1.38461 0.2285 0.295055 100
1.43723 0.2583 0.306268 47
1.41865 -0.2677 0.302308 46
1.3672 -0.2379 0.291345 100
1.33454 -0.2127 0.284384 100
1.32476 -0.1918 0.2823 100
1.30979 -0.1706 0.279111 100
1.29639 -0.1501 0.276256 100
1.28661 -0.1305 0.274171 100
1.27664 -0.1111 0.272046 100
1.2692 -0.0922 0.270462 100
1.26549 -0.0738 0.26967 100
1.26343 -0.0557 0.269232 100
1.26216 -0.0376 0.268961 100
1.26157 -0.0196 0.268836 100
1.26097 0.009 0.272142 100
1.26067 0.027 0.272079 100
1.26019 0.0449 0.271974 100
1.26243 0.063 0.272459 100
1.26722 0.0814 0.273493 100
1.27485 0.1001 0.275138 100
1.28306 0.1192 0.27691 100
1.29391 0.1388 0.279252 100
1.30652 0.159 0.281973 100
1.31971 0.1797 0.284821 100
1.32969 0.2004 0.286973 100
1.36253 0.2253 0.294061 100
1.40075 0.2521 0.30231 100
1.416 -0.2556 0.305601 39
1.37494 -0.2281 0.296741 100
1.33731 -0.2023 0.288619 100
1.32538 -0.1812 0.286045 100
1.30935 -0.1601 0.282585 100
1.29684 -0.1398 0.279885 100
1.28687 -0.1203 0.277733 100
1.27768 -0.1011 0.27575 100
1.27016 -0.0823 0.274125 100
1.26527 -0.0639 0.273071 100
1.26214 -0.0457 0.272396 100
1.2597 -0.0276 0.271868 100
1.26021 0.0081 0.275645 100
1.26089 0.0261 0.275795 100
1.26138 0.0442 0.275901 100
1.26265 0.0623 0.276179 100
1.2646 0.0805 0.276607 100
1.27115 0.0992 0.278038 100
1.28043 0.1184 0.280068 100
1.28736 0.1376 0.281585 100
1.29704 0.1574 0.283701 100
1.3112 0.1781 0.286799 100
1.328 0.1998 0.290474 100
1.33572 0.2205 0.292162 100
1.36727 0.2458 0.299064 100
1.4127 0.2748 0.309 100
1.39629 -0.2323 0.30541 42
1.35291 -0.2052 0.295923 100
1.33523 -0.1831 0.292056 100
1.31335 -0.161 0.287269 100
1.30856 -0.1415 0.286222 100
1.29586 -0.1214 0.283444 100
1.2857 -0.102 0.281222 100
1.2772 -0.0829 0.279363 100
1.27134 -0.0643 0.278081 100
1.26724 -0.046 0.277184 100
1.26284 -0.0278 0.276222 100
1.26171 0.0065 0.273449 100
1.26151 0.0245 0.273407 100
1.262 0.0425 0.273513 100
1.26327 0.0606 0.273788 100
1.26718 0.0789 0.274635 100
1.27471 0.0976 0.276266 100
1.28204 0.1166 0.277855 100
1.28907 0.1358 0.27938 100
1.29679 0.1553 0.281053 100
1.30813 0.1756 0.28351 100
1.32787 0.1976 0.287789 100
1.33764 0.2185 0.289907 100
1.36823 0.2436 0.296537 100
1.41759 0.2732 0.307233 52
1.38993 -0.2319 0.301239 40
1.34947 -0.2054 0.29247 100
1.33764 -0.1842 0.289907 100
1.31673 -0.1622 0.285374 100
1.30227 -0.1417 0.282239 100
1.29337 -0.1221 0.280312 100
1.28516 -0.1028 0.278533 100
1.27666 -0.0839 0.27669 100
1.26894 -0.0652 0.275016 100
1.26474 -0.0469 0.274106 100
1.26141 -0.0288 0.273385 100
1.26461 0.0054 0.27891 100
1.26344 0.0235 0.278652 100
1.2649 0.0415 0.278975 100
1.26715 0.0597 0.27947 100
1.27213 0.0782 0.280568 100
1.27867 0.0969 0.282011 100
1.28306 0.1157 0.282981 100
1.28814 0.1347 0.284101 100
1.29693 0.1543 0.286039 100
1.31011 0.1749 0.288946 100
1.31734 0.195 0.29054 100
1.34156 0.2182 0.295882 100
1.3731 0.2435 0.302838 100
1.4147 0.2717 0.312013 52
1.41617 -0.2345 0.312336 33
1.37085 -0.2069 0.302343 100
1.3358 -0.1822 0.294611 100
1.32554 -0.1616 0.292349 100
1.31109 -0.1409 0.289162 100
1.29928 -0.1209 0.286556 100
1.28912 -0.1014 0.284316 100
1.2816 -0.0824 0.282658 100
1.27476 -0.0637 0.28115 100
1.27066 -0.0454 0.280245 100
1.26724 -0.0272 0.279492 100
1.26349 0.0081 0.279353 100
1.26417 0.0262 0.279504 100
1.26661 0.0444 0.280044 100
1.26886 0.0626 0.28054 100
1.27374 0.0811 0.28162 100
1.28028 0.0999 0.283066 100
1.28751 0.119 0.284664 100
1.29649 0.1385 0.28665 100
1.30899 0.1587 0.289413 100
1.32129 0.1794 0.292133 100
1.33799 0.2012 0.295825 100
1.34961 0.2226 0.298394 100
1.38876 0.2495 0.307051 100
1.42284 -0.2472 0.314585 24
1.37109 -0.2181 0.303143 100
1.34004 -0.1936 0.296278 100
1.33096 -0.173 0.29427 100
1.31377 -0.1517 0.290471 100
1.3001 -0.1314 0.287449 100
1.29112 -0.1118 0.285462 100
1.2837 -0.0928 0.283822 100
1.27608 -0.0739 0.282138 100
1.27013 -0.0554 0.280821 100
1.26593 -0.0371 0.279893 100
1.26339 -0.019 0.279331 100
1.26241 0.0036 0.279575 100
1.26319 0.0217 0.279748 100
1.26573 0.0398 0.280311 100
1.267 0.058 0.280592 100
1.27296 0.0765 0.281911 100
1.28243 0.0955 0.284008 100
1.28877 0.1145 0.285414 100
1.29493 0.1337 0.286776 100
1.30557 0.1537 0.289133 100
1.32177 0.1748 0.292722 100
1.33085 0.1953 0.294733 100
1.36278 0.2199 0.301803 100
1.39432 0.2455 0.308787 100
1.40242 -0.2439 0.310582 31
1.36708 -0.2176 0.302755 100
1.33701 -0.1933 0.296095 100
1.32793 -0.1727 0.294084 100
1.31074 -0.1514 0.290279 100
1.29805 -0.1312 0.287468 100
1.28907 -0.1117 0.285478 100
1.28067 -0.0926 0.283619 100
1.27306 -0.0738 0.281932 100
1.2671 -0.0553 0.280613 100
1.26388 -0.037 0.2799 100
1.26232 -0.0189 0.279554 100
1.263 0.012 0.281086 100
1.26476 0.03 0.281477 100
1.26612 0.0481 0.281781 100
1.27022 0.0665 0.282694 100
1.27598 0.085 0.283976 100
1.28252 0.1039 0.285431 100
1.28877 0.1229 0.286821 100
1.29863 0.1425 0.289015 100
1.31298 0.1631 0.292209 100
1.32908 0.1844 0.295793 100
1.33709 0.2049 0.297575 100
1.36881 0.2298 0.304635 100
1.42133 0.2595 0.316322 100
1.42181 -0.2562 0.316431 36
1.37506 -0.2276 0.306025 49
1.34421 -0.2029 0.299161 100
1.32274 -0.1804 0.294381 100
1.3163 -0.1604 0.292948 100
1.30478 -0.1401 0.290384 100
1.29384 -0.1203 0.287951 100
1.28369 -0.101 0.285692 100
1.2752 -0.082 0.283802 100
1.26944 -0.0635 0.28252 100
1.2672 -0.0452 0.28202 100
1.26476 -0.0271 0.281477 100
1.26315 0.0065 0.280889 100
1.26295 0.0246 0.280845 100
1.26539 0.0428 0.281388 100
1.26861 0.0611 0.282104 100
1.27447 0.0797 0.283407 100
1.28296 0.0986 0.285295 100
1.29126 0.1179 0.28714 100
1.29917 0.1374 0.288898 100
1.31176 0.1577 0.291699 100
1.32787 0.1789 0.29528 100
1.33401 0.2188 0.296648 100
1.36554 0.244 0.303659 100
1.40039 0.271 0.311409 100
1.41982 -0.2328 0.315728 17
1.37257 -0.205 0.305222 100
1.33948 -0.1805 0.297863 100
1.32923 -0.1598 0.295584 100
1.31371 -0.1389 0.292133 100
1.30092 -0.1188 0.289289 100
1.29272 -0.0994 0.287466 100
1.28521 -0.0803 0.285794 100
1.27642 -0.0615 0.283841 100
1.27125 -0.043 0.28269 100
1.26783 -0.0247 0.281931 100
1.26178 0.0045 0.282425 100
1.26158 0.0226 0.282381 100
1.2651 0.0408 0.283167 100
1.26734 0.059 0.28367 100
1.26929 0.0773 0.284107 100
1.27593 0.0961 0.285592 100
1.28325 0.1151 0.28723 100
1.29223 0.1346 0.28924 100
1.30189 0.1544 0.291402 100
1.31223 0.1747 0.293717 100
1.32033 0.1951 0.29553 100
1.34453 0.2183 0.300947 100
1.37703 0.2438 0.308221 100
1.41382 0.2713 0.316456 100
1.40913 -0.235 0.315407 28
1.36873 -0.2082 0.306364 100
1.33663 -0.1838 0.299178 100
1.31574 -0.1618 0.294504 100
1.31008 -0.1421 0.293237 100
1.29828 -0.1221 0.290594 100
1.2891 -0.1026 0.288541 100
1.28354 -0.0837 0.287296 100
1.27876 -0.065 0.286225 100
1.27173 -0.0464 0.284653 100
1.26539 -0.0281 0.283233 100
1.26217 0.0133 0.280211 100
1.26285 0.0314 0.280363 100
1.26529 0.0496 0.280905 100
1.2693 0.0679 0.281794 100
1.27506 0.0865 0.283072 100
1.28257 0.1055 0.284741 100
1.2897 0.1246 0.286323 100
1.29858 0.1442 0.288296 100
1.3101 0.1645 0.290853 100
1.32514 0.1857 0.294191 100
1.335 0.2065 0.29638 100
1.3677 0.2316 0.30364 100
1.4086 0.2593 0.312721 100
1.44648 -0.258 0.32113 49
1.3882 -0.2272 0.308191 49
1.35638 -0.2022 0.301126 100
1.32797 -0.1786 0.294819 100
1.31967 -0.1583 0.292977 100
1.3061 -0.1378 0.289964 100
1.29526 -0.1179 0.287559 100
1.28501 -0.0985 0.285283 100
1.27554 -0.0794 0.283181 100
1.26773 -0.0608 0.281447 100
1.26549 -0.0425 0.280948 100
1.26305 -0.0244 0.280407 100
