1.8531 0.4924 0.1005 3
1.8756 0.498 0.1698 4
1.8471 0.4839 0.1001 5
1.8696 0.4894 0.1691 7
1.9147 0.4952 0.0345 3
1.8294 0.4724 0.099 8
1.8559 0.4789 0.1677 8
1.8704 0.482 0.2372 3
1.8815 0.4796 0.0339 4
1.8233 0.4641 0.0986 9
1.8228 0.4636 0.1646 9
1.8567 0.4715 0.2352 4
1.8464 0.4638 0.0332 7
1.8094 0.4538 0.0978 12
1.8186 0.4558 0.164 12
1.8525 0.4636 0.2345 8
1.8344 0.454 0.033 8
1.811 0.4475 0.0978 12
1.8086 0.4466 0.163 13
1.8214 0.4491 0.2303 9
1.8321 0.4466 0.0329 9
1.7892 0.4358 0.0965 14
1.8024 0.4384 0.1623 15
1.8171 0.4413 0.2296 9
1.8199 0.4373 0.0327 10
1.779 0.4268 0.0959 15
1.7981 0.4307 0.1618 16
1.807 0.4325 0.2281 11
1.9102 0.4551 -0.0343 3
1.8292 0.4327 0.0328 13
1.7765 0.42 0.0957 16
1.7801 0.4201 0.16 16
1.7911 0.4221 0.2259 12
1.867 0.4396 0.3038 4
1.8806 0.4414 -0.0337 5
1.8053 0.4208 0.0324 14
1.7741 0.4128 0.0955 17
1.7602 0.409 0.1581 17
1.7886 0.4152 0.2255 12
1.857 0.4304 0.3019 6
1.8782 0.434 -0.0336 6
1.7932 0.411 0.0321 16
1.7737 0.4059 0.0954 18
1.7752 0.4059 0.1593 17
1.7863 0.4078 0.225 15
1.8586 0.4236 0.3019 7
1.8662 0.424 -0.0334 9
1.8005 0.4061 0.0322 16
1.7458 0.3931 0.0938 18
1.7727 0.3989 0.159 17
1.7761 0.399 0.2235 16
1.8427 0.4132 0.2991 8
1.8676 0.4175 -0.0334 10
1.7941 0.3981 0.0321 17
1.7432 0.3865 0.0936 20
1.7722 0.3922 0.1588 18
1.7697 0.391 0.2225 16
1.8305 0.4041 0.2969 9
1.8475 0.4065 -0.033 11
1.7915 0.3913 0.032 18
1.7523 0.3824 0.094 20
1.7501 0.3813 0.1567 19
1.7729 0.3856 0.2228 17
1.8087 0.393 0.2932 10
1.8274 0.3958 -0.0326 12
1.7771 0.382 0.0317 18
1.7478 0.375 0.0937 21
1.7494 0.375 0.1565 19
1.7742 0.3797 0.2228 17
1.8178 0.3884 0.2944 10
1.8346 0.3906 -0.0327 15
1.7609 0.372 0.0314 19
1.7432 0.3677 0.0934 22
1.7449 0.3677 0.156 19
1.7522 0.3686 0.2199 17
1.8056 0.3792 0.2922 13
1.9254 0.4036 -0.1031 1
1.8399 0.385 -0.0328 18
1.7621 0.3659 0.0314 20
1.7288 0.3583 0.0925 23
1.75 0.3624 0.1564 20
1.7476 0.3613 0.2191 20
1.8127 0.3741 0.2932 14
1.9073 0.3929 -0.1021 3
1.8353 0.3774 -0.0327 16
1.7634 0.3597 0.0314 21
1.7262 0.3515 0.0923 23
1.7513 0.3563 0.1564 20
1.747 0.3548 0.2189 20
1.7869 0.3623 0.2888 13
1.9008 0.3847 -0.1016 4
1.8249 0.3686 -0.0325 21
1.7627 0.3532 0.0314 21
1.7274 0.3455 0.0923 22
1.731 0.3459 0.1544 21
1.7462 0.3483 0.2186 22
1.7804 0.3545 0.2875 14
1.8909 0.3761 0.3747 3
1.8943 0.3765 -0.1012 5
1.7987 0.3568 -0.032 18
1.7482 0.3439 0.0311 22
1.7344 0.3406 0.0926 24
1.7322 0.3399 0.1544 23
1.7377 0.3403 0.2174 21
1.7817 0.3483 0.2875 14
1.871 0.3654 0.3706 4
1.8858 0.3679 -0.1007 7
1.8078 0.352 -0.0321 17
1.7474 0.3375 0.0311 20
1.7278 0.333 0.0922 24
1.7412 0.3353 0.1551 23
1.735 0.3335 0.2169 21
1.7751 0.3405 0.2863 15
1.8665 0.3577 0.3694 5
1.8812 0.3602 -0.1004 8
1.8031 0.3446 -0.032 18
1.7565 0.3328 0.0312 23
1.723 0.3259 0.0919 26
1.7385 0.3282 0.1548 23
1.7303 0.3263 0.2162 23
1.7705 0.3333 0.2853 15
1.8639 0.3502 0.3686 6
1.8766 0.3522 -0.1001 9
1.8043 0.3383 -0.032 18
1.7498 0.3249 0.0311 24
1.7242 0.3199 0.0919 28
1.7299 0.3203 0.1539 28
1.7334 0.3203 0.2164 25
1.76 0.3249 0.2835 18
1.8477 0.3405 0.3652 7
1.8641 0.3431 -0.0993 9
1.7838 0.328 -0.0317 20
1.7509 0.3191 0.0311 23
1.7213 0.3134 0.0917 29
1.7211 0.3128 0.153 28
1.7306 0.3139 0.216 29
1.7688 0.3205 0.2847 19
1.8392 0.3326 0.3633 8
1.8652 0.3369 -0.0993 9
1.779 0.3211 -0.0316 18
1.7382 0.3109 0.0308 21
1.7224 0.3074 0.0917 29
1.7202 0.3067 0.1529 29
1.7394 0.3095 0.2169 25
1.7699 0.3143 0.2847 19
1.821 0.323 0.3595 9
1.8545 0.3287 -0.0987 11
1.788 0.3162 -0.0317 20
1.7353 0.3041 0.0308 27
1.7254 0.3018 0.0918 30
1.7252 0.3014 0.1532 32
1.717 0.2994 0.214 29
1.771 0.3081 0.2847 19
1.8317 0.3184 0.3614 8
1.8399 0.3195 -0.0979 11
1.793 0.3107 -0.0318 21
1.7422 0.2991 0.0309 25
1.7009 0.2913 0.0904 32
1.7223 0.2947 0.1529 34
1.7161 0.293 0.2138 29
1.7682 0.3013 0.2841 20
1.8309 0.3116 0.361 9
1.8351 0.312 -0.0976 11
1.7882 0.3034 -0.0317 21
1.7413 0.2926 0.0308 28
1.7019 0.2854 0.0904 33
1.7234 0.2884 0.1529 32
1.7269 0.2887 0.215 29
1.7536 0.2925 0.2816 21
1.832 0.3049 0.361 10
1.8402 0.306 -0.0978 11
1.7754 0.2949 -0.0314 24
1.7404 0.2859 0.0308 25
1.7029 0.2795 0.0904 36
1.7067 0.2795 0.1513 34
1.726 0.282 0.2147 30
1.7527 0.2861 0.2813 21
1.8292 0.2979 0.3602 10
1.8373 0.2989 -0.0976 11
1.7725 0.288 -0.0313 23
1.7275 0.2779 0.0305 26
1.7097 0.2745 0.0908 37
1.7155 0.2748 0.152 36
1.7269 0.2763 0.2147 29
1.7556 0.2803 0.2816 20
1.8069 0.2881 0.3557 12
1.8383 0.2928 -0.0976 12
1.7853 0.2837 -0.0316 25
1.7344 0.2728 0.0306 28
1.7048 0.2676 0.0904 38
1.7184 0.2694 0.1522 37
1.7082 0.2672 0.2123 29
1.7605 0.2747 0.2822 20
1.8157 0.283 0.3572 12
1.8195 0.2833 -0.0965 13
1.7843 0.2772 -0.0315 22
1.7353 0.2668 0.0306 29
1.6978 0.2604 0.09 39
1.7272 0.2643 0.1529 37
1.7131 0.2618 0.2128 30
1.7595 0.2683 0.2819 20
1.8186 0.2767 0.3576 14
1.8206 0.2766 -0.0965 13
1.7833 0.2707 -0.0315 22
1.7324 0.2598 0.0306 29
1.7007 0.2545 0.0901 40
1.7203 0.2571 0.1522 38
1.7219 0.2567 0.2138 32
1.7468 0.2598 0.2797 21
1.8196 0.2703 0.3576 13
1.8215 0.2703 -0.0965 13
1.7724 0.2624 -0.0313 24
1.7372 0.2544 0.0306 29
1.7036 0.2488 0.0902 46
1.7094 0.2491 0.1511 43
1.7247 0.251 0.214 33
1.7477 0.2537 0.2797 21
1.8167 0.2631 0.3568 14
1.8265 0.2642 -0.0967 12
1.7634 0.2547 -0.0311 24
1.7301 0.2475 0.0305 30
1.7064 0.2435 0.0903 51
1.7121 0.244 0.1513 44
1.7256 0.2453 0.214 34
1.7485 0.2479 0.2797 22
1.802 0.2552 0.3538 14
1.8293 0.2587 -0.0968 13
1.7702 0.2497 -0.0312 24
1.7231 0.2403 0.0304 30
1.7131 0.2383 0.0906 54
1.7189 0.2388 0.1518 49
1.7185 0.2382 0.213 33
1.7572 0.2429 0.281 23
1.7989 0.2483 0.353 14
1.8064 0.2491 -0.0956 14
1.7829 0.2452 -0.0314 24
1.7239 0.2343 0.0304 33
1.704 0.2313 0.0901 63
1.7138 0.232 0.1513 48
1.7076 0.2306 0.2116 33
1.758 0.2371 0.281 22
1.8076 0.2431 0.3545 14
1.8013 0.2419 -0.0953 13
1.7818 0.239 -0.0314 26
1.7346 0.2299 0.0305 34
1.6989 0.2246 0.0898 60
1.7185 0.2266 0.1517 55
1.7142 0.2257 0.2123 37
1.7451 0.2291 0.2788 23
1.8103 0.2374 0.3549 15
1.8081 0.2368 -0.0956 13
1.7667 0.2307 -0.0311 26
1.7354 0.2238 0.0305 34
1.7036 0.2191 0.09 66
1.7094 0.2196 0.1508 57
1.7209 0.2205 0.213 36
1.7478 0.2233 0.2791 22
1.8053 0.2303 0.3538 16
1.8089 0.2304 -0.0956 14
1.7655 0.2243 -0.0311 27
1.7282 0.2168 0.0304 34
1.7123 0.2142 0.0904 79
1.7121 0.2139 0.151 64
1.7217 0.2144 0.213 36
1.7506 0.2174 0.2794 23
1.7886 0.2218 0.3503 15
1.8176 0.2251 -0.096 14
1.7742 0.2191 -0.0312 28
1.7289 0.2108 0.0304 34
1.717 0.2087 0.0906 86
1.7109 0.2076 0.1508 70
1.7106 0.207 0.2116 34
1.7513 0.2113 0.2794 27
1.801 0.217 0.3526 15
1.8065 0.2173 -0.0954 14
1.769 0.2122 -0.0311 26
1.7336 0.2052 0.0305 34
1.6979 0.2004 0.0896 81
1.7195 0.2026 0.1515 74
1.7113 0.201 0.2116 34
1.7599 0.2061 0.2806 28
1.7979 0.2102 0.3519 15
1.8112 0.2115 -0.0956 14
1.7797 0.2072 -0.0313 28
1.7343 0.1991 0.0305 36
1.6946 0.194 0.0894 91
1.7241 0.1971 0.1518 66
1.7238 0.1964 0.213 34
1.7488 0.1986 0.2788 27
1.8005 0.2042 0.3522 16
1.8139 0.2054 -0.0957 13
1.7645 0.1992 -0.031 28
1.739 0.1935 0.0305 34
1.6953 0.1881 0.0894 93
1.705 0.1888 0.1501 74
1.7225 0.1902 0.2128 36
1.7416 0.1917 0.2775 30
1.8071 0.1985 0.3534 15
1.8166 0.1993 -0.0958 14
1.7712 0.1937 -0.0311 28
1.7317 0.1866 0.0304 35
1.7038 0.1833 0.0898 91
1.7057 0.1829 0.1501 70
1.7291 0.1848 0.2135 34
1.7501 0.1867 0.2788 28
1.8 0.1914 0.3519 15
1.8173 0.1929 -0.0958 15
1.7778 0.1884 -0.0312 28
1.7283 0.1804 0.0303 36
1.7004 0.1772 0.0896 83
1.7182 0.1785 0.1511 66
1.7139 0.1774 0.2116 33
1.7586 0.1817 0.28 24
1.8006 0.1854 0.3519 15
1.8259 0.1877 -0.0962 15
1.7844 0.1831 -0.0313 28
1.7369 0.1755 0.0305 34
1.6971 0.1709 0.0894 81
1.7267 0.1736 0.1518 66
1.7184 0.1721 0.2121 33
1.7612 0.1758 0.2803 22
1.8032 0.1797 0.3522 16
1.8265 0.1817 -0.0962 16
1.7969 0.1781 -0.0315 27
1.7415 0.1698 0.0305 35
1.6957 0.1648 0.0893 73
1.7213 0.167 0.1513 60
1.723 0.1665 0.2125 33
1.7461 0.1681 0.2778 22
1.8175 0.1747 0.3549 15
1.8311 0.1757 -0.0964 15
1.7697 0.1692 -0.031 28
1.746 0.1641 0.0306 34
1.7082 0.16 0.0899 65
1.7179 0.1606 0.151 53
1.7275 0.1609 0.213 33
1.7506 0.1624 0.2785 22
1.8141 0.168 0.3541 15
1.8356 0.1696 -0.0966 16
1.7722 0.1632 -0.0311 28
1.7386 0.1573 0.0305 33
1.7087 0.154 0.0899 57
1.7205 0.1548 0.1511 51
1.728 0.1548 0.213 32
1.759 0.157 0.2797 22
1.803 0.1606 0.3519 15
1.8442 0.1639 -0.097 15
1.7828 0.1579 -0.0312 28
1.7352 0.1509 0.0304 34
1.7152 0.1489 0.0902 55
1.725 0.1491 0.1515 49
1.7226 0.1483 0.2123 31
1.7674 0.1518 0.281 22
1.8035 0.1543 0.3519 15
1.8328 0.1565 -0.0964 15
1.7892 0.1524 -0.0313 28
1.7436 0.1458 0.0305 34
1.7038 0.1419 0.0896 48
1.7275 0.1432 0.1517 44
1.7192 0.1422 0.2118 32
1.7699 0.1458 0.2813 20
1.8138 0.1491 0.3538 14
1.8393 0.1509 -0.0967 15
1.7977 0.1469 -0.0315 25
1.7481 0.14 0.0306 31
1.7082 0.1362 0.0898 45
1.7299 0.1377 0.1518 40
1.7296 0.137 0.213 33
1.7605 0.1389 0.2797 21
1.8261 0.1437 0.356 13
1.8418 0.1446 -0.0968 15
1.7803 0.1392 -0.0312 26
1.7466 0.1338 0.0306 31
1.7107 0.1304 0.0899 42
1.7264 0.131 0.1515 39
1.732 0.1311 0.2133 32
1.7531 0.1321 0.2785 21
1.8227 0.1367 0.3553 15
1.8563 0.1389 -0.0976 13
1.7788 0.1328 -0.0311 24
1.7391 0.1268 0.0304 29
1.7191 0.125 0.0903 40
1.7209 0.1246 0.151 36
1.7364 0.1251 0.2138 32
1.7713 0.1273 0.2813 21
1.8231 0.1304 0.3553 14
1.8607 0.1327 -0.0978 12
1.7892 0.1273 -0.0313 28
1.7435 0.1213 0.0305 30
1.7195 0.119 0.0903 37
1.7333 0.1194 0.152 36
1.7289 0.1188 0.2128 31
1.7855 0.122 0.2835 19
1.8236 0.1243 0.3553 14
1.8532 0.126 -0.0973 12
1.7976 0.1216 -0.0314 26
1.7539 0.1159 0.0307 28
1.7159 0.1131 0.0901 36
1.7336 0.1136 0.152 33
1.7293 0.1127 0.2128 32
1.782 0.1159 0.2828 19
1.8436 0.1192 0.3591 13
1.8576 0.1198 -0.0976 12
1.814 0.1167 -0.0317 26
1.7623 0.1106 0.0308 26
1.7183 0.1072 0.0902 33
1.7479 0.1084 0.1532 31
1.7376 0.1075 0.2138 31
1.7705 0.1089 0.281 19
1.8498 0.1135 0.3602 13
1.85 0.1132 -0.0971 12
1.7884 0.1088 -0.0313 24
1.7627 0.1041 0.0308 26
1.7227 0.1011 0.0904 32
1.7304 0.1013 0.1517 34
1.7499 0.1018 0.2152 29
1.7749 0.1026 0.2816 19
1.8424 0.1062 0.3587 12
1.8624 0.1071 -0.0978 11
1.7948 0.1025 -0.0314 23
1.751 0.0973 0.0306 21
1.731 0.0956 0.0909 33
1.7367 0.0956 0.1522 32
1.7522 0.0958 0.2155 27
1.7831 0.0969 0.2828 19
1.8388 0.0996 0.358 12
1.8627 0.1006 -0.0978 11
1.8051 0.0968 -0.0316 22
1.7554 0.0914 0.0307 22
1.7393 0.0899 0.0913 33
1.7569 0.0905 0.1539 30
1.7406 0.0891 0.214 25
1.7953 0.0913 0.2847 19
1.8509 0.0938 0.3602 12
1.8571 0.0938 -0.0974 11
1.8095 0.0907 -0.0316 20
1.7597 0.0854 0.0308 22
1.7296 0.0834 0.0908 30
1.7513 0.0841 0.1534 27
1.7409 0.083 0.214 25
1.8015 0.0853 0.2856 18
1.8571 0.0876 0.3614 11
1.8694 0.0878 -0.0981 11
1.8197 0.0849 -0.0318 21
1.7699 0.0798 0.0309 20
1.7359 0.0779 0.0911 31
1.7555 0.0782 0.1537 26
1.7591 0.0777 0.2162 22
1.7939 0.079 0.2844 19
1.8692 0.0816 0.3637 8
1.8776 0.0817 -0.0985 10
1.808 0.0783 -0.0316 20
1.7822 0.0744 0.0311 21
1.7421 0.0721 0.0914 28
1.7518 0.0719 0.1534 26
1.7613 0.072 0.2164 25
1.8001 0.0729 0.2853 18
1.8832 0.076 0.3664 8
1.8979 0.0762 -0.0995 9
1.8063 0.0719 -0.0316 18
1.7704 0.0677 0.0309 21
1.7543 0.0665 0.092 24
1.754 0.0662 0.1536 28
1.7675 0.066 0.2172 21
1.8062 0.0669 0.2863 18
1.8815 0.0693 0.366 7
1.8961 0.0695 -0.0994 8
1.8305 0.0665 -0.032 20
1.7707 0.0615 0.0309 21
1.7605 0.0606 0.0923 22
1.7722 0.0606 0.1551 25
1.7598 0.0596 0.2162 24
1.8124 0.0608 0.2872 15
1.8856 0.0629 0.3667 6
1.8904 0.0627 -0.0991 8
1.8327 0.0602 -0.032 17
1.7809 0.0557 0.0311 22
1.7528 0.0542 0.0919 22
1.7764 0.0546 0.1555 24
1.7699 0.0538 0.2174 20
1.8244 0.0548 0.2891 14
1.9015 0.0568 0.3698 5
1.9006 0.0564 -0.0996 6
1.8329 0.0538 -0.032 17
1.799 0.0499 0.0314 19
1.7569 0.0482 0.0921 22
1.7746 0.0483 0.1553 23
1.7661 0.0475 0.2169 20
1.8286 0.0485 0.2897 14
1.9115 0.0504 0.3717 4
1.9187 0.0502 -0.1006 5
1.8311 0.0473 -0.032 17
1.7992 0.0437 0.0314 20
1.7651 0.0422 0.0925 22
1.7727 0.0421 0.1551 19
1.7861 0.0418 0.2194 20
1.8169 0.0419 0.2878 13
1.9254 0.044 0.3744 2
1.9309 0.0438 -0.1012 4
1.8373 0.0411 -0.0321 17
1.7953 0.0373 0.0313 19
1.7692 0.0361 0.0927 20
1.7749 0.0359 0.1553 20
1.7902 0.0356 0.2199 17
1.8288 0.0358 0.2897 11
1.941 0.0373 -0.1017 3
1.8474 0.0348 -0.0323 16
1.7975 0.0311 0.0314 18
1.7833 0.0302 0.0935 21
1.779 0.0298 0.1557 19
1.7883 0.0293 0.2196 17
1.8369 0.0295 0.291 12
1.9351 0.0304 -0.1014 2
1.8635 0.0286 -0.0325 16
1.8136 0.025 0.0317 18
1.7714 0.0238 0.0928 19
1.791 0.0238 0.1567 18
1.7944 0.0232 0.2203 17
1.8449 0.0232 0.2922 11
1.8576 0.022 -0.0324 16
1.8196 0.0187 0.0318 17
1.7755 0.018 0.0931 19
1.799 0.0176 0.1574 18
1.8123 0.0171 0.2225 16
1.8429 0.017 0.2919 11
1.8716 0.016 -0.0327 13
1.8277 0.0128 0.0319 17
1.7875 0.0119 0.0937 17
1.7891 0.0112 0.1565 17
1.8143 0.0111 0.2228 16
1.8568 0.0107 0.2941 9
1.8777 0.0095 -0.0328 12
1.8297 0.0064 0.0319 16
1.7975 0.006 0.0942 18
1.8011 0.0053 0.1576 17
1.8283 0.0048 0.2245 15
1.8687 0.0046 0.296 9
1.8857 0.0033 -0.0329 10
1.8257 0.0003 0.0319 16
1.8035 -0.0003 0.0945 17
1.8151 -0.001 0.1588 16
1.8243 -0.0013 0.224 15
1.8944 -0.002 0.3 7
1.9077 -0.0033 -0.0333 9
1.8497 -0.0065 0.0323 16
1.7955 -0.0069 0.0941 16
1.827 -0.0073 0.1598 16
1.8362 -0.008 0.2255 14
1.9161 -0.009 0.3035 7
1.9177 -0.0104 -0.0335 9
1.8637 -0.013 0.0325 15
1.8115 -0.0133 0.0949 16
1.8329 -0.0138 0.1604 15
1.854 -0.0146 0.2277 14
1.9101 -0.0157 0.3025 5
1.9176 -0.0171 -0.0335 7
1.8696 -0.0196 0.0326 14
1.8234 -0.0197 0.0956 17
1.8209 -0.02 0.1593 15
1.8659 -0.0212 0.2291 13
1.9338 -0.0226 0.3063 2
1.9456 -0.0241 -0.034 5
1.8715 -0.0261 0.0327 13
1.8333 -0.0262 0.0961 15
1.8408 -0.0267 0.1611 15
1.8757 -0.0278 0.2303 11
1.9575 -0.0311 -0.0342 3
1.8814 -0.0328 0.0328 13
1.8452 -0.0329 0.0967 15
1.8546 -0.0333 0.1623 13
1.8816 -0.0345 0.2311 9
1.8993 -0.0398 0.0332 11
1.851 -0.0394 0.097 14
1.8684 -0.0401 0.1635 12
1.8973 -0.0414 0.233 7
1.9191 -0.0469 0.0335 9
1.8549 -0.0457 0.0972 13
1.8902 -0.0472 0.1654 10
1.919 -0.0486 0.2357 6
1.951 -0.0542 0.0341 7
1.8787 -0.0525 0.0985 10
1.896 -0.0536 0.1659 9
1.9386 -0.0555 0.2381 3
1.9468 -0.0605 0.034 3
1.8985 -0.0597 0.0995 8
1.9078 -0.0603 0.167 7
1.9262 -0.0673 0.101 5
1.9434 -0.0682 0.1701 4
1.9319 -0.0742 0.1013 3
