2.3625 0.5545 0.1272 3
2.3508 0.5431 0.1264 5
2.3865 0.5435 0.0427 3
2.3332 0.5305 0.1254 9
2.3801 0.5403 0.2135 4
2.367 0.53 0.0423 6
2.3253 0.5202 0.1249 10
2.3314 0.5207 0.209 7
2.3453 0.5169 0.0419 8
2.3095 0.5082 0.1239 13
2.3177 0.5091 0.2076 7
2.3256 0.5041 0.0415 10
2.2898 0.4955 0.1228 15
2.3135 0.5002 0.2071 9
2.3176 0.4939 0.0414 11
2.27 0.4829 0.1216 14
2.3094 0.4909 0.2066 10
2.3807 0.5052 0.2988 3
2.3095 0.4837 0.0412 12
2.2619 0.4729 0.1211 15
2.2974 0.48 0.2053 14
2.3533 0.4908 0.2952 4
2.3868 0.4952 -0.0425 4
2.2955 0.4725 0.0409 14
2.2577 0.4638 0.1208 16
2.2874 0.4695 0.2043 15
2.3433 0.4802 0.2937 6
2.3631 0.4816 -0.0421 5
2.2756 0.4601 0.0405 13
2.2514 0.4548 0.1204 16
2.2773 0.4592 0.2032 15
2.3353 0.47 0.2925 8
2.3529 0.4714 -0.0419 8
2.2595 0.449 0.0402 14
2.2432 0.445 0.1198 16
2.273 0.4501 0.2027 16
2.3154 0.458 0.2898 10
2.3447 0.4613 -0.0417 9
2.2708 0.4431 0.0404 15
2.227 0.4337 0.1189 17
2.2608 0.4399 0.2015 16
2.3053 0.4477 0.2883 11
2.3443 0.4527 -0.0417 10
2.2743 0.4355 0.0404 16
2.2227 0.4248 0.1186 17
2.2623 0.432 0.2015 16
2.3049 0.4393 0.2881 12
2.3243 0.4404 -0.0413 10
2.2601 0.4246 0.0401 18
2.2261 0.4174 0.1187 18
2.2501 0.4215 0.2003 17
2.2947 0.429 0.2866 13
2.316 0.4305 -0.0411 11
2.2478 0.4142 0.0399 17
2.2354 0.4111 0.1191 21
2.232 0.41 0.1985 17
2.2903 0.4199 0.2859 13
2.3116 0.4213 -0.041 12
2.2473 0.406 0.0399 18
2.2289 0.4022 0.1187 21
2.2412 0.4037 0.1992 18
2.2664 0.4074 0.2827 14
2.3051 0.4123 -0.0409 13
2.2525 0.3992 0.0399 18
2.2145 0.3917 0.1179 19
2.2407 0.3955 0.1991 18
2.2638 0.3992 0.2822 14
2.3026 0.4035 -0.0408 14
2.2382 0.3886 0.0397 18
2.21 0.3829 0.1175 22
2.242 0.3881 0.1991 18
2.2652 0.3913 0.2822 15
2.373 0.409 0.3814 3
2.2882 0.3928 -0.0405 15
2.2395 0.3808 0.0397 18
2.2133 0.3755 0.1177 24
2.2335 0.3786 0.1982 21
2.2626 0.3827 0.2818 15
2.3588 0.3981 0.3789 4
2.4107 0.406 -0.1281 3
2.2876 0.3844 -0.0405 15
2.2349 0.372 0.0395 19
2.2146 0.3678 0.1177 25
2.221 0.3685 0.197 18
2.264 0.3748 0.2818 14
2.3524 0.3886 0.3776 5
2.3944 0.3947 -0.1272 4
2.2909 0.3768 -0.0405 16
2.2283 0.3629 0.0394 20
2.2159 0.3601 0.1177 24
2.2164 0.3598 0.1964 18
2.2457 0.3637 0.2793 15
2.3576 0.381 0.3783 5
2.374 0.3828 -0.126 4
2.2902 0.3685 -0.0405 16
2.2296 0.3551 0.0394 24
2.1954 0.3489 0.1165 28
2.2236 0.353 0.197 18
2.2391 0.3546 0.2783 15
2.3433 0.3703 0.3758 7
2.3754 0.3745 -0.126 6
2.2934 0.3608 -0.0405 16
2.2367 0.3483 0.0395 26
2.1946 0.3409 0.1164 30
2.2208 0.3446 0.1966 20
2.2462 0.3477 0.2791 16
2.3251 0.3591 0.3726 7
2.3727 0.3656 -0.1258 5
2.2789 0.3503 -0.0402 17
2.234 0.3398 0.0394 27
2.1978 0.3336 0.1165 32
2.2063 0.3345 0.1952 18
2.2434 0.3393 0.2786 16
2.3244 0.3507 0.3723 7
2.3621 0.3555 -0.1252 7
2.2722 0.3412 -0.0401 17
2.2252 0.3306 0.0393 28
2.197 0.3256 0.1164 32
2.2094 0.327 0.1954 19
2.2387 0.3306 0.2779 17
2.3412 0.3449 0.3748 8
2.3712 0.3485 -0.1256 8
2.2714 0.333 -0.0401 18
2.2105 0.3205 0.039 29
2.196 0.318 0.1163 35
2.2145 0.3199 0.1958 21
2.23 0.3214 0.2766 16
2.3326 0.3357 0.3733 8
2.3527 0.3373 -0.1246 8
2.2784 0.3263 -0.0402 18
2.2274 0.3154 0.0393 30
2.1832 0.3088 0.1156 38
2.2214 0.3134 0.1963 24
2.2252 0.3131 0.2759 16
2.3259 0.3269 0.372 9
2.3498 0.329 -0.1244 8
2.2795 0.3187 -0.0402 20
2.2166 0.3064 0.0391 32
2.1863 0.3014 0.1157 41
2.2165 0.3052 0.1958 25
2.2321 0.3066 0.2766 16
2.3172 0.3174 0.3704 9
2.3509 0.3212 -0.1244 8
2.2608 0.3081 -0.0398 20
2.2256 0.2997 0.0392 33
2.1992 0.2954 0.1163 48
2.2077 0.2961 0.1949 28
2.2371 0.2993 0.2771 17
2.3163 0.3091 0.3701 10
2.356 0.3135 -0.1246 10
2.2697 0.3012 -0.04 21
2.2068 0.2894 0.0388 33
2.1923 0.2867 0.1159 53
2.2068 0.2882 0.1947 28
2.2303 0.2905 0.2762 17
2.3154 0.3007 0.3698 10
2.3531 0.3048 -0.1244 10
2.2807 0.2946 -0.0401 22
2.2137 0.2824 0.039 34
2.1992 0.2798 0.1162 68
2.2098 0.2803 0.1949 30
2.2313 0.2827 0.2762 17
2.3282 0.2941 0.3717 11
2.3383 0.2942 -0.1235 11
2.2797 0.2864 -0.0401 21
2.2147 0.2743 0.039 34
2.1884 0.2702 0.1156 74
2.2147 0.2731 0.1952 34
2.2323 0.2745 0.2762 18
2.3293 0.2856 0.3717 11
2.3433 0.2865 -0.1237 10
2.2808 0.278 -0.0401 21
2.2137 0.2663 0.0389 36
2.1913 0.2628 0.1157 87
2.2156 0.2654 0.1952 32
2.2411 0.2676 0.2771 18
2.3067 0.2747 0.3679 11
2.3443 0.2783 -0.1237 11
2.2678 0.2684 -0.0399 22
2.2146 0.2586 0.0389 37
2.1882 0.2547 0.1155 99
2.1987 0.2556 0.1937 34
2.246 0.2603 0.2776 17
2.3155 0.2675 0.3692 11
2.3552 0.2713 -0.1242 11
2.2687 0.2605 -0.0399 22
2.2155 0.2509 0.0389 37
2.195 0.2478 0.1158 100
2.2016 0.2481 0.1938 35
2.2429 0.252 0.2771 18
2.3204 0.2599 0.3698 11
2.3601 0.2635 -0.1245 11
2.2557 0.251 -0.0396 21
2.2124 0.2427 0.0388 38
2.1999 0.2405 0.116 100
2.2084 0.2411 0.1944 34
2.232 0.2429 0.2757 18
2.3174 0.2513 0.3692 11
2.3411 0.2531 -0.1234 11
2.2566 0.2432 -0.0396 21
2.2212 0.2358 0.039 36
2.1749 0.2301 0.1146 100
2.2092 0.2334 0.1944 34
2.2407 0.2359 0.2766 17
2.3221 0.2437 0.3698 10
2.342 0.2449 -0.1234 12
2.2694 0.2365 -0.0398 20
2.218 0.2276 0.0389 37
2.1776 0.2231 0.1147 100
2.216 0.2263 0.1949 34
2.2415 0.2281 0.2766 17
2.3229 0.236 0.3698 10
2.3468 0.2371 -0.1236 11
2.2542 0.2274 -0.0395 21
2.2227 0.2207 0.039 38
2.1863 0.2167 0.1151 61
2.2088 0.2181 0.1942 31
2.2502 0.2214 0.2776 17
2.3178 0.2277 0.3689 10
2.3555 0.2301 -0.124 11
2.2669 0.2211 -0.0398 21
2.2195 0.2129 0.0389 37
2.2049 0.2108 0.1161 71
2.2055 0.2104 0.1938 33
2.2548 0.2143 0.2781 17
2.3304 0.2207 0.3707 10
2.3642 0.2231 -0.1245 11
2.2677 0.2132 -0.0398 19
2.2222 0.2054 0.039 35
2.2076 0.2032 0.1162 55
2.2182 0.2034 0.1949 31
2.2437 0.2054 0.2766 17
2.3312 0.2126 0.3707 9
2.3531 0.2133 -0.1238 11
2.2724 0.2056 -0.0398 21
2.2269 0.1976 0.039 35
2.1885 0.1934 0.1151 51
2.2228 0.196 0.1952 30
2.2444 0.1972 0.2766 18
2.3398 0.2047 0.372 9
2.3558 0.2053 -0.1239 10
2.2771 0.1976 -0.0399 20
2.2276 0.1898 0.039 34
2.1891 0.1857 0.1151 45
2.2275 0.1886 0.1956 28
2.257 0.1903 0.2781 17
2.3326 0.1959 0.3707 8
2.3685 0.1981 -0.1246 10
2.2658 0.1887 -0.0397 20
2.2442 0.1833 0.0393 31
2.2017 0.1795 0.1158 39
2.2182 0.18 0.1947 28
2.2517 0.182 0.2774 17
2.3392 0.1886 0.3717 8
2.3771 0.1904 -0.125 10
2.2784 0.1821 -0.0399 18
2.2268 0.1745 0.039 31
2.2102 0.1724 0.1162 36
2.2188 0.1723 0.1947 28
2.2622 0.1753 0.2786 16
2.3477 0.1811 0.3729 7
2.3877 0.1833 -0.1255 8
2.287 0.1748 -0.04 20
2.2354 0.1673 0.0391 31
2.2128 0.1652 0.1163 35
2.2273 0.1655 0.1954 26
2.2509 0.1665 0.2771 17
2.3561 0.1739 0.3742 7
2.3744 0.1739 -0.1248 8
2.2995 0.1681 -0.0402 20
2.2439 0.1605 0.0393 30
2.2094 0.1572 0.1161 34
2.2398 0.1586 0.1964 24
2.2554 0.1593 0.2776 16
2.3745 0.1669 0.377 7
2.3829 0.1666 -0.1252 8
2.3041 0.1603 -0.0403 18
2.2485 0.1525 0.0393 31
2.2079 0.1494 0.116 33
2.2483 0.1513 0.1971 24
2.2639 0.1516 0.2786 16
2.3672 0.1581 0.3758 6
2.3955 0.1587 -0.1258 6
2.2986 0.1519 -0.0402 19
2.257 0.1456 0.0395 29
2.2184 0.1423 0.1165 31
2.2409 0.1429 0.1964 23
2.2723 0.1446 0.2796 16
2.3716 0.15 0.3764 6
2.4019 0.1511 -0.1261 5
2.3011 0.144 -0.0402 18
2.2415 0.1367 0.0392 28
2.2268 0.135 0.1169 28
2.2354 0.1352 0.1959 21
2.2827 0.1372 0.2808 16
2.3978 0.1433 0.3804 5
2.4124 0.1433 -0.1267 4
2.3056 0.1362 -0.0403 17
2.2559 0.1297 0.0394 27
2.2393 0.1279 0.1175 28
2.2577 0.1282 0.1978 21
2.2832 0.1292 0.2808 16
2.4081 0.1355 0.382 4
2.4169 0.1347 -0.1269 4
2.3221 0.129 -0.0406 16
2.2664 0.122 0.0396 28
2.2297 0.1196 0.117 25
2.2621 0.1205 0.1982 22
2.2876 0.1211 0.2813 15
2.4283 0.1281 0.3851 5
2.4254 0.1267 -0.1273 3
2.3245 0.121 -0.0406 16
2.2748 0.1148 0.0398 23
2.2361 0.1121 0.1173 26
2.2705 0.113 0.1989 21
2.2959 0.1139 0.2822 15
2.3229 0.1128 -0.0406 15
2.2791 0.1071 0.0398 24
2.2465 0.1052 0.1179 25
2.2589 0.1049 0.1978 19
2.3082 0.1064 0.2837 15
2.3293 0.1054 -0.0407 15
2.2835 0.0997 0.0399 24
2.2568 0.0977 0.1184 22
2.2732 0.0977 0.1991 20
2.3244 0.0995 0.2857 14
2.3356 0.0975 -0.0408 13
2.2838 0.0917 0.0399 23
2.2671 0.0903 0.1189 21
2.2735 0.0901 0.1991 18
2.3228 0.0913 0.2854 13
2.3479 0.0898 -0.041 14
2.2921 0.084 0.04 20
2.2554 0.0819 0.1183 19
2.2898 0.0828 0.2005 18
2.327 0.0833 0.2859 13
2.3662 0.0822 -0.0413 12
2.3044 0.0764 0.0402 19
2.2677 0.0744 0.1189 19
2.302 0.0752 0.2015 18
2.3511 0.0759 0.2888 12
2.3625 0.0738 -0.0413 11
2.3206 0.0689 0.0405 18
2.2759 0.0668 0.1193 18
2.3082 0.0669 0.202 18
2.3573 0.0679 0.2896 11
2.3747 0.0659 -0.0415 9
2.3109 0.0601 0.0403 17
2.2881 0.0591 0.12 17
2.2965 0.0585 0.201 17
2.3714 0.0596 0.2913 9
2.3909 0.058 -0.0417 8
2.319 0.0526 0.0405 16
2.3083 0.0516 0.121 16
2.3146 0.0509 0.2025 16
2.3895 0.0521 0.2935 7
2.4071 0.05 -0.042 8
2.3352 0.0448 0.0408 16
2.2904 0.0432 0.1201 15
2.3347 0.0436 0.2043 14
2.4016 0.044 0.2949 5
2.4153 0.0417 -0.0422 5
2.3514 0.0369 0.041 14
2.3086 0.0355 0.121 17
2.3587 0.0358 0.2064 15
2.4235 0.036 0.2976 3
2.4334 0.0336 -0.0425 4
2.3615 0.0289 0.0412 13
2.3187 0.0275 0.1215 15
2.3509 0.0275 0.2057 15
2.3635 0.0206 0.0413 12
2.3387 0.0196 0.1226 15
2.3609 0.0194 0.2066 12
2.3796 0.0125 0.0415 11
2.3587 0.0115 0.1236 13
2.3928 0.0113 0.2093 9
2.4036 0.0042 0.042 8
2.3588 0.0033 0.1236 12
2.4168 0.003 0.2114 7
2.4336 -0.0038 0.0425 7
2.3727 -0.0041 0.1244 9
2.4447 -0.0051 0.2139 4
