1.8491 0.4917 0.1003 3
1.864 0.4949 0.1687 4
1.8489 0.4847 0.1002 7
1.856 0.4862 0.1679 7
1.8798 0.4865 0.0339 3
1.8312 0.4733 0.0991 9
1.8461 0.4768 0.1668 8
1.8569 0.4788 0.2355 3
1.8756 0.4784 0.0338 5
1.8213 0.4639 0.0985 10
1.8362 0.4674 0.1658 11
1.8547 0.4714 0.235 6
1.8502 0.4651 0.0333 7
1.8035 0.4527 0.0974 12
1.8127 0.4547 0.1635 13
1.837 0.4601 0.2325 8
1.8459 0.4572 0.0332 8
1.7992 0.4453 0.0971 13
1.8027 0.4455 0.1625 15
1.8425 0.4546 0.233 9
1.8261 0.4458 0.0328 10
1.7929 0.4374 0.0967 14
1.7925 0.4366 0.1614 16
1.8151 0.4415 0.2294 10
1.9085 0.4624 -0.0343 1
1.8178 0.4374 0.0326 12
1.7807 0.4282 0.096 16
1.7862 0.4288 0.1607 16
1.7991 0.4313 0.2272 11
1.898 0.4546 0.3091 2
1.9081 0.4556 -0.0342 3
1.8154 0.4305 0.0326 14
1.7685 0.419 0.0953 17
1.7876 0.4229 0.1607 17
1.7909 0.423 0.2259 12
1.8879 0.4456 0.3072 4
1.8901 0.4447 -0.0339 5
1.815 0.4234 0.0325 16
1.7604 0.41 0.0947 17
1.7834 0.415 0.1602 17
1.7963 0.4174 0.2264 15
1.8627 0.4321 0.3029 6
1.8665 0.4316 -0.0334 7
1.8106 0.4157 0.0324 16
1.7657 0.4047 0.0949 18
1.7751 0.4065 0.1593 17
1.7939 0.4102 0.2259 16
1.843 0.4208 0.2994 7
1.8602 0.4233 -0.0333 9
1.7867 0.4036 0.032 17
1.7554 0.3962 0.0943 19
1.7668 0.3982 0.1584 18
1.7856 0.4018 0.2247 16
1.8367 0.4129 0.2982 7
1.8674 0.4184 -0.0334 11
1.7861 0.3973 0.0319 18
1.7567 0.3901 0.0943 19
1.7565 0.3894 0.1574 19
1.7734 0.3928 0.223 16
1.842 0.4073 0.2988 9
1.8532 0.4085 -0.0331 12
1.7855 0.3906 0.0319 19
1.7386 0.3797 0.0933 21
1.7578 0.3836 0.1574 19
1.7728 0.3862 0.2228 17
1.8279 0.3976 0.2963 10
1.8468 0.4003 -0.033 14
1.7751 0.3818 0.0317 18
1.736 0.3728 0.0931 21
1.7552 0.3766 0.1571 19
1.7586 0.3767 0.2208 17
1.8004 0.385 0.2916 12
1.8306 0.3901 -0.0327 16
1.7764 0.3757 0.0317 20
1.747 0.3688 0.0936 23
1.7409 0.3672 0.1557 20
1.7599 0.3706 0.2208 18
1.7978 0.3779 0.291 12
1.9176 0.4023 -0.1027 2
1.83 0.3833 -0.0326 16
1.7601 0.3658 0.0314 21
1.7464 0.3623 0.0935 24
1.7383 0.3603 0.1553 20
1.7534 0.3628 0.2199 18
1.8011 0.372 0.2913 13
1.9072 0.3932 -0.1021 3
1.8352 0.3777 -0.0327 18
1.7535 0.358 0.0312 22
1.7496 0.3566 0.0936 22
1.7415 0.3546 0.1555 21
1.7391 0.3535 0.2179 21
1.7907 0.3634 0.2894 14
1.889 0.3826 -0.101 4
1.8189 0.3677 -0.0324 18
1.7567 0.3523 0.0313 20
1.7293 0.3462 0.0924 25
1.7427 0.3485 0.1555 22
1.7423 0.3478 0.2181 22
1.792 0.3571 0.2894 14
1.885 0.3753 0.3736 3
1.8884 0.3756 -0.1009 5
1.8104 0.3595 -0.0322 17
1.7619 0.3469 0.0313 24
1.7265 0.3394 0.0922 24
1.7419 0.3421 0.1553 22
1.7396 0.341 0.2177 23
1.7719 0.3467 0.286 15
1.8863 0.3687 0.3736 4
1.8838 0.3679 -0.1006 7
1.7959 0.3501 -0.0319 18
1.7572 0.3397 0.0312 22
1.7199 0.3318 0.0918 25
1.7275 0.333 0.1539 25
1.7369 0.3342 0.2172 21
1.7731 0.3405 0.286 16
1.8703 0.3588 0.3702 6
1.8811 0.3605 -0.1004 8
1.7873 0.3419 -0.0318 18
1.7446 0.3309 0.031 23
1.7269 0.3269 0.0921 28
1.7306 0.3273 0.1541 28
1.7341 0.3274 0.2167 23
1.7743 0.3343 0.286 16
1.8483 0.3479 0.3656 6
1.8824 0.354 -0.1004 9
1.7983 0.3375 -0.0319 20
1.7458 0.3248 0.031 25
1.7182 0.3191 0.0916 33
1.7356 0.322 0.1544 27
1.7255 0.3195 0.2155 25
1.7813 0.3292 0.2869 17
1.8399 0.3397 0.3637 7
1.86 0.3431 -0.0991 9
1.7995 0.3312 -0.0319 20
1.7489 0.3191 0.031 27
1.7134 0.3123 0.0913 33
1.7387 0.3163 0.1546 29
1.7266 0.3135 0.2155 28
1.7862 0.324 0.2875 17
1.8391 0.3329 0.3633 7
1.8455 0.3337 -0.0983 10
1.7927 0.3239 -0.0318 20
1.7479 0.3129 0.031 24
1.7066 0.3049 0.0909 30
1.728 0.3081 0.1536 31
1.7354 0.3091 0.2164 25
1.7582 0.3125 0.2828 19
1.8383 0.3265 0.3629 8
1.8505 0.3283 -0.0985 10
1.7919 0.3172 -0.0318 20
1.7549 0.3079 0.0311 27
1.7136 0.3 0.0912 33
1.7134 0.2996 0.1522 31
1.7346 0.3027 0.2162 31
1.7554 0.3057 0.2822 19
1.8433 0.3207 0.3637 8
1.8536 0.3222 -0.0986 11
1.7811 0.3089 -0.0316 21
1.7304 0.2973 0.0306 25
1.7087 0.293 0.0909 32
1.7065 0.2923 0.1515 34
1.7356 0.2967 0.2162 29
1.7642 0.3009 0.2835 19
1.827 0.3113 0.3602 9
1.8547 0.3157 -0.0986 12
1.7743 0.3014 -0.0314 23
1.7294 0.291 0.0306 27
1.7136 0.2877 0.0911 38
1.7252 0.2893 0.153 34
1.719 0.2877 0.214 29
1.7672 0.2951 0.2838 20
1.8164 0.303 0.358 10
1.8283 0.3046 -0.0971 12
1.7813 0.2962 -0.0315 22
1.7383 0.2862 0.0308 28
1.7028 0.2798 0.0904 38
1.7203 0.2823 0.1525 35
1.722 0.282 0.2142 30
1.7702 0.2892 0.2841 20
1.8136 0.296 0.3572 11
1.8332 0.2989 -0.0973 12
1.7922 0.2916 -0.0317 22
1.7413 0.2805 0.0308 28
1.6959 0.2725 0.09 39
1.7272 0.2773 0.153 36
1.719 0.2753 0.2138 31
1.7575 0.2809 0.2819 21
1.8224 0.2909 0.3587 13
1.8303 0.2919 -0.0971 12
1.7714 0.2818 -0.0313 24
1.7423 0.2744 0.0308 28
1.6988 0.2669 0.0901 40
1.7104 0.2685 0.1515 37
1.7239 0.27 0.2142 31
1.7468 0.2729 0.28 20
1.8156 0.2833 0.3572 13
1.8353 0.2861 -0.0973 12
1.7724 0.2757 -0.0313 24
1.7234 0.2653 0.0304 29
1.7037 0.2616 0.0903 40
1.7074 0.2619 0.1511 37
1.7287 0.2645 0.2147 32
1.7594 0.2686 0.2819 20
1.8108 0.2761 0.356 13
1.8244 0.2779 -0.0967 13
1.7872 0.2716 -0.0316 22
1.7283 0.2598 0.0305 30
1.7105 0.2566 0.0906 46
1.7142 0.2568 0.1517 37
1.714 0.2562 0.2128 32
1.7545 0.2616 0.281 21
1.804 0.2686 0.3545 14
1.8135 0.2697 -0.0961 13
1.7822 0.2644 -0.0314 23
1.7331 0.255 0.0306 30
1.6955 0.2489 0.0898 46
1.7249 0.2529 0.1525 40
1.7089 0.2499 0.2121 33
1.7592 0.2566 0.2816 22
1.8048 0.263 0.3545 14
1.8144 0.264 -0.0961 13
1.7751 0.2577 -0.0313 24
1.73 0.2484 0.0305 32
1.7023 0.2438 0.0901 51
1.7159 0.2454 0.1517 44
1.7097 0.2439 0.2121 34
1.7445 0.2483 0.2791 23
1.8135 0.2578 0.356 14
1.8173 0.258 -0.0962 13
1.774 0.2512 -0.0313 27
1.7309 0.2423 0.0305 32
1.711 0.2389 0.0905 56
1.7069 0.2381 0.1508 51
1.7224 0.2396 0.2135 37
1.7394 0.2414 0.2781 24
1.8202 0.2523 0.3572 15
1.8142 0.2511 -0.096 14
1.765 0.2437 -0.0311 24
1.7198 0.2347 0.0303 33
1.698 0.2311 0.0898 56
1.7057 0.2318 0.1506 54
1.7232 0.2336 0.2135 34
1.7599 0.2379 0.2813 25
1.8016 0.2433 0.3534 15
1.8329 0.2472 -0.0969 14
1.7738 0.2386 -0.0312 26
1.7246 0.2292 0.0304 35
1.7087 0.2265 0.0903 61
1.7184 0.2275 0.1517 55
1.7043 0.225 0.2111 34
1.7548 0.231 0.2803 23
1.7966 0.2362 0.3522 16
1.8238 0.2395 -0.0964 15
1.7785 0.2329 -0.0313 28
1.7353 0.2244 0.0305 34
1.6976 0.219 0.0897 69
1.7212 0.2217 0.1518 58
1.7149 0.2203 0.2123 36
1.7478 0.2239 0.2791 23
1.8072 0.2312 0.3541 15
1.8246 0.2331 -0.0964 15
1.7893 0.2279 -0.0315 26
1.7361 0.2184 0.0305 35
1.6924 0.2126 0.0894 73
1.714 0.2147 0.1511 64
1.7177 0.2146 0.2125 36
1.7426 0.2174 0.2781 23
1.8099 0.2251 0.3545 16
1.8314 0.2275 -0.0967 15
1.7662 0.2191 -0.0311 27
1.7368 0.2126 0.0305 34
1.705 0.2081 0.09 90
1.7068 0.2078 0.1504 64
1.7184 0.2089 0.2125 36
1.7355 0.2103 0.2769 28
1.8087 0.2189 0.3541 15
1.8262 0.2207 -0.0964 15
1.7729 0.2136 -0.0312 28
1.7276 0.2054 0.0304 36
1.6998 0.2015 0.0897 87
1.7075 0.2021 0.1504 68
1.721 0.2031 0.2128 39
1.7598 0.207 0.2806 31
1.7978 0.2112 0.3519 15
1.8329 0.215 -0.0967 15
1.7776 0.2079 -0.0312 30
1.7303 0.1996 0.0304 34
1.7044 0.196 0.0899 99
1.7181 0.1973 0.1513 78
1.706 0.1953 0.2108 37
1.7605 0.2009 0.2806 29
1.7985 0.2049 0.3519 15
1.8197 0.207 -0.096 15
1.7803 0.2019 -0.0313 26
1.7349 0.194 0.0305 34
1.6932 0.1887 0.0893 95
1.7128 0.1906 0.1508 70
1.7165 0.1904 0.2121 36
1.7612 0.1947 0.2806 28
1.8031 0.1991 0.3526 15
1.8304 0.2018 -0.0965 14
1.7731 0.1948 -0.0311 27
1.7435 0.1888 0.0306 33
1.6918 0.1826 0.0892 93
1.7214 0.1855 0.1515 66
1.7211 0.1848 0.2125 34
1.7501 0.1873 0.2788 24
1.8077 0.1932 0.3534 15
1.837 0.196 -0.0968 15
1.7698 0.1882 -0.0311 27
1.7402 0.1823 0.0305 34
1.6964 0.1771 0.0894 83
1.7022 0.1774 0.1497 74
1.7257 0.1792 0.213 33
1.7527 0.1814 0.2791 23
1.8044 0.1865 0.3526 15
1.8337 0.1892 -0.0966 16
1.7704 0.182 -0.0311 26
1.7329 0.1754 0.0304 34
1.701 0.1716 0.0896 81
1.7088 0.1721 0.1503 58
1.7263 0.1732 0.213 33
1.7494 0.1749 0.2785 21
1.8031 0.18 0.3522 16
1.8304 0.1824 -0.0964 16
1.775 0.1762 -0.0311 26
1.7414 0.1701 0.0305 34
1.7076 0.1662 0.0899 73
1.7134 0.1665 0.1506 55
1.715 0.166 0.2116 33
1.7618 0.1699 0.2803 23
1.7959 0.1729 0.3507 16
1.8271 0.1756 -0.0962 16
1.7836 0.1708 -0.0313 26
1.7341 0.1633 0.0304 34
1.7002 0.1595 0.0895 68
1.7258 0.1616 0.1517 53
1.7156 0.1601 0.2116 34
1.7584 0.1634 0.2797 23
1.8043 0.1674 0.3522 16
1.8297 0.1694 -0.0963 16
1.7881 0.1649 -0.0313 27
1.7426 0.158 0.0305 34
1.7007 0.1539 0.0895 51
1.7284 0.1558 0.1518 51
1.7241 0.1548 0.2125 32
1.7491 0.1567 0.2781 23
1.8147 0.162 0.3541 15
1.8382 0.1637 -0.0967 15
1.7767 0.1579 -0.0311 26
1.7511 0.1529 0.0307 32
1.7052 0.1483 0.0897 49
1.719 0.1489 0.151 46
1.7246 0.1491 0.2125 32
1.7614 0.1516 0.28 24
1.823 0.1566 0.3557 15
1.8407 0.1578 -0.0968 15
1.7773 0.1517 -0.0311 26
1.7396 0.1458 0.0305 32
1.7117 0.1428 0.09 47
1.7234 0.1435 0.1513 44
1.737 0.144 0.214 33
1.76 0.1453 0.2797 22
1.806 0.1488 0.3522 14
1.8452 0.1517 -0.097 15
1.7838 0.146 -0.0312 23
1.7401 0.1397 0.0305 31
1.7201 0.1375 0.0904 47
1.7259 0.1377 0.1515 41
1.7177 0.1364 0.2116 36
1.7703 0.14 0.2813 21
1.8104 0.1428 0.353 14
1.8378 0.1446 -0.0966 16
1.7942 0.1406 -0.0314 27
1.7466 0.1341 0.0306 31
1.7067 0.1304 0.0897 41
1.7423 0.1328 0.1529 40
1.726 0.131 0.2125 32
1.7748 0.1341 0.2819 21
1.8148 0.1368 0.3538 15
1.8363 0.1381 -0.0965 14
1.8027 0.1349 -0.0316 25
1.755 0.1286 0.0307 31
1.7051 0.1243 0.0896 39
1.7348 0.1262 0.1522 36
1.7304 0.1253 0.213 31
1.7693 0.1274 0.281 20
1.8309 0.1316 0.3568 14
1.8487 0.1325 -0.0971 13
1.7932 0.1279 -0.0314 28
1.7555 0.1224 0.0307 30
1.7175 0.1192 0.0902 38
1.7253 0.1194 0.1513 34
1.7329 0.1193 0.2133 32
1.7619 0.1207 0.2797 20
1.8353 0.1254 0.3576 13
1.8571 0.1266 -0.0976 12
1.7976 0.1219 -0.0314 27
1.7479 0.1158 0.0306 28
1.7179 0.1132 0.0902 36
1.7316 0.1138 0.1518 33
1.7372 0.1136 0.2138 32
1.782 0.1159 0.2828 20
1.8279 0.1185 0.356 13
1.8655 0.1206 -0.098 12
1.8 0.1158 -0.0315 22
1.7463 0.1099 0.0305 26
1.7223 0.1078 0.0904 34
1.732 0.1081 0.1518 32
1.7376 0.1078 0.2138 31
1.7824 0.1099 0.2828 20
1.8263 0.1123 0.3557 12
1.842 0.113 -0.0967 13
1.8044 0.11 -0.0316 22
1.7626 0.1047 0.0308 26
1.7186 0.1015 0.0902 33
1.7483 0.1026 0.1532 33
1.7399 0.1018 0.214 27
1.7906 0.1042 0.2841 19
1.8424 0.1066 0.3587 12
1.8544 0.1069 -0.0973 12
1.8147 0.1043 -0.0317 23
1.765 0.0984 0.0309 25
1.727 0.0959 0.0906 32
1.7407 0.0961 0.1525 32
1.7502 0.096 0.2152 29
1.7831 0.0975 0.2828 19
1.8545 0.1008 0.361 12
1.8667 0.1011 -0.098 12
1.8031 0.0973 -0.0315 22
1.7773 0.0931 0.0311 23
1.7333 0.0902 0.091 30
1.737 0.0898 0.1522 28
1.7485 0.0901 0.215 29
1.7814 0.0912 0.2825 19
1.8725 0.0955 0.3644 11
1.873 0.0952 -0.0983 10
1.8034 0.091 -0.0315 21
1.7556 0.0859 0.0307 22
1.7416 0.0846 0.0914 33
1.7433 0.0843 0.1527 25
1.7528 0.0842 0.2155 25
1.7975 0.0857 0.285 18
1.8591 0.0883 0.3618 9
1.8773 0.0889 -0.0985 11
1.8097 0.085 -0.0316 21
1.7659 0.0802 0.0309 21
1.7478 0.0788 0.0917 28
1.7555 0.0788 0.1537 25
1.7511 0.078 0.2152 22
1.7978 0.0794 0.285 19
1.8613 0.0819 0.3622 8
1.8736 0.0821 -0.0983 10
1.826 0.0794 -0.0319 21
1.7722 0.0743 0.031 21
1.7381 0.0722 0.0912 28
1.7598 0.0728 0.1541 27
1.7474 0.0717 0.2147 23
1.8099 0.0736 0.2869 16
1.8832 0.0763 0.3664 8
1.8899 0.0762 -0.0991 9
1.8263 0.073 -0.0319 18
1.7804 0.0684 0.0311 22
1.7423 0.0663 0.0914 28
1.764 0.0668 0.1544 26
1.7635 0.0662 0.2167 24
1.7983 0.0669 0.285 18
1.9011 0.0704 0.3698 7
1.8961 0.0699 -0.0994 8
1.8185 0.0664 -0.0318 18
1.7846 0.0623 0.0312 22
1.7446 0.0603 0.0915 25
1.7602 0.0605 0.1541 25
1.7756 0.0605 0.2181 23
1.8045 0.0608 0.286 16
1.9013 0.0637 0.3698 6
1.9043 0.0635 -0.0999 8
1.8207 0.0601 -0.0318 17
1.7749 0.0558 0.031 20
1.7527 0.0545 0.0919 22
1.7644 0.0545 0.1544 23
1.7778 0.0543 0.2184 21
1.8244 0.0551 0.2891 14
1.8996 0.057 0.3694 5
1.9085 0.057 -0.1001 6
1.8329 0.0541 -0.032 18
1.783 0.0498 0.0311 20
1.7649 0.049 0.0925 23
1.7686 0.0485 0.1548 21
1.776 0.0481 0.2181 22
1.8187 0.0489 0.2882 14
1.9037 0.0505 0.3702 4
1.9047 0.0502 -0.0999 5
1.8411 0.0482 -0.0321 18
1.7912 0.0441 0.0313 20
1.7591 0.0427 0.0922 21
1.7847 0.0427 0.1562 19
1.7781 0.0422 0.2184 20
1.8267 0.0427 0.2894 13
1.9313 0.0448 0.3755 2
1.9149 0.0441 -0.1004 4
1.8532 0.0421 -0.0324 17
1.7993 0.038 0.0314 19
1.7632 0.0369 0.0924 19
1.7828 0.0367 0.156 19
1.7822 0.0361 0.2189 20
1.8269 0.0367 0.2894 13
1.941 0.0379 -0.1017 3
1.8494 0.0358 -0.0323 17
1.8154 0.0323 0.0317 18
1.7733 0.031 0.0929 20
1.7829 0.0305 0.156 18
1.7982 0.0304 0.2208 18
1.8329 0.0304 0.2903 13
1.9571 0.0318 -0.1026 2
1.8455 0.0293 -0.0322 16
1.8055 0.0258 0.0315 18
1.7794 0.0248 0.0933 19
1.7751 0.0245 0.1553 18
1.8182 0.0244 0.2233 18
1.8429 0.0241 0.2919 11
1.8716 0.0232 -0.0327 15
1.8176 0.0197 0.0317 18
1.7874 0.0187 0.0937 19
1.799 0.0182 0.1574 18
1.7964 0.0179 0.2206 16
1.8587 0.0178 0.2944 11
1.8756 0.0167 -0.0327 11
1.8237 0.013 0.0318 17
1.7795 0.0121 0.0933 18
1.8051 0.012 0.1579 17
1.8024 0.0113 0.2213 16
1.8608 0.011 0.2947 9
1.8917 0.0099 -0.033 11
1.8357 0.0067 0.032 17
1.7875 0.0059 0.0937 17
1.821 0.0057 0.1593 17
1.8243 0.0051 0.224 15
1.8727 0.0046 0.2966 9
1.8897 0.0033 -0.033 11
1.8497 0.0003 0.0323 16
1.7995 -0.0003 0.0943 17
1.8191 -0.0006 0.1591 16
1.8283 -0.0013 0.2245 15
1.8885 -0.002 0.2991 8
1.8917 -0.0033 -0.033 9
1.8397 -0.0061 0.0321 15
1.8115 -0.0066 0.0949 17
1.817 -0.007 0.159 15
1.8481 -0.0077 0.2269 15
1.9062 -0.0087 0.3019 7
1.9177 -0.01 -0.0335 7
1.8457 -0.0126 0.0322 15
1.8155 -0.0127 0.0951 16
1.8329 -0.0134 0.1604 15
1.854 -0.0142 0.2277 13
1.924 -0.0151 0.3047 4
1.9256 -0.0165 -0.0336 6
1.8696 -0.0189 0.0326 15
1.8154 -0.0187 0.0951 16
1.8508 -0.0197 0.1619 14
1.8659 -0.0205 0.2291 12
1.9456 -0.0217 0.3082 2
1.9496 -0.0231 -0.034 5
1.8775 -0.0252 0.0328 14
1.8333 -0.025 0.0961 15
1.8468 -0.0258 0.1616 14
1.8757 -0.0268 0.2303 11
1.9555 -0.0297 -0.0341 3
1.8934 -0.0317 0.0331 12
1.8512 -0.0313 0.097 15
1.8467 -0.0319 0.1616 13
1.8975 -0.0335 0.233 9
1.9033 -0.0395 0.0332 11
1.865 -0.0391 0.0978 14
1.8625 -0.0397 0.163 12
1.9072 -0.0413 0.2342 7
1.9132 -0.0461 0.0334 8
1.8749 -0.0458 0.0983 12
1.8822 -0.0467 0.1647 11
1.917 -0.0479 0.2355 5
1.949 -0.0538 0.034 6
1.8827 -0.0526 0.0987 10
1.9 -0.0534 0.1663 9
1.9327 -0.055 0.2374 2
1.9488 -0.0606 0.034 3
1.9024 -0.0598 0.0998 7
1.9197 -0.0607 0.168 7
1.9222 -0.0671 0.1008 5
1.9394 -0.0681 0.1698 4
1.9219 -0.0738 0.1008 3
