2.3732 0.5523 0.1277 4
2.3857 0.5473 0.0427 2
2.3536 0.5395 0.1265 8
2.385 0.5458 0.2141 3
2.3699 0.5354 0.0424 4
2.3282 0.5251 0.1251 9
2.3558 0.5305 0.2113 5
2.3444 0.521 0.0419 7
2.3164 0.514 0.1244 11
2.34 0.5188 0.2097 7
2.3384 0.5111 0.0418 9
2.3065 0.5033 0.1237 13
2.3146 0.5047 0.2073 7
2.3148 0.4975 0.0413 10
2.2945 0.4927 0.123 15
2.3027 0.4937 0.206 10
2.3027 0.4869 0.0411 11
2.2786 0.481 0.122 15
2.2966 0.484 0.2053 13
2.3582 0.4965 0.2959 4
2.3996 0.5026 -0.0428 3
2.2966 0.4773 0.0409 13
2.2568 0.4682 0.1208 15
2.2943 0.4755 0.205 15
2.3424 0.4847 0.2937 6
2.3915 0.4922 -0.0426 5
2.2845 0.4665 0.0407 14
2.2506 0.4587 0.1204 15
2.2959 0.4675 0.205 15
2.3402 0.4757 0.2932 8
2.3599 0.4771 -0.042 8
2.2783 0.4569 0.0406 15
2.2443 0.4493 0.12 16
2.2761 0.4552 0.2031 16
2.3282 0.4648 0.2915 9
2.3537 0.4673 -0.0419 8
2.274 0.4478 0.0405 15
2.242 0.4407 0.1197 17
2.2601 0.4434 0.2015 17
2.3104 0.4529 0.2891 10
2.3475 0.4576 -0.0417 10
2.2678 0.4379 0.0403 15
2.2415 0.4325 0.1196 17
2.246 0.4325 0.2001 16
2.2906 0.4403 0.2864 11
2.3412 0.4479 -0.0416 10
2.2633 0.4293 0.0402 16
2.2214 0.4205 0.1185 18
2.2612 0.4273 0.2013 16
2.2901 0.4323 0.2861 12
2.329 0.4371 -0.0414 11
2.2589 0.4203 0.0401 17
2.2209 0.4124 0.1184 18
2.2548 0.4183 0.2006 16
2.2779 0.4218 0.2844 13
2.3128 0.4257 -0.041 12
2.2584 0.412 0.0401 18
2.2224 0.4047 0.1184 24
2.2504 0.409 0.2001 17
2.2813 0.4142 0.2847 14
2.3024 0.4155 -0.0408 12
2.2481 0.4017 0.0399 18
2.2277 0.3976 0.1186 21
2.2283 0.3969 0.198 17
2.2711 0.4037 0.2832 14
2.3019 0.4071 -0.0408 13
2.2356 0.3918 0.0396 19
2.2291 0.3898 0.1186 21
2.2395 0.3908 0.1989 18
2.2607 0.3941 0.2818 14
2.3743 0.4131 0.3817 3
2.2994 0.3984 -0.0407 14
2.2488 0.386 0.0398 19
2.2166 0.3797 0.1179 23
2.229 0.3814 0.1978 19
2.2581 0.3856 0.2813 15
2.3796 0.4055 0.3823 4
2.4041 0.4088 -0.1278 3
2.2988 0.39 -0.0407 15
2.2422 0.3768 0.0397 21
2.2081 0.3703 0.1173 25
2.2322 0.374 0.198 18
2.2594 0.3777 0.2813 15
2.3498 0.392 0.3773 5
2.3996 0.3994 -0.1275 3
2.2903 0.3804 -0.0405 15
2.2376 0.368 0.0396 21
2.2093 0.363 0.1173 25
2.2237 0.3645 0.1971 18
2.2568 0.3692 0.2808 15
2.3375 0.3819 0.3751 5
2.3951 0.3901 -0.1272 4
2.2876 0.3721 -0.0405 16
2.2309 0.3593 0.0394 27
2.2125 0.3556 0.1174 26
2.2171 0.3555 0.1964 18
2.2502 0.3604 0.2798 16
2.3349 0.3732 0.3745 6
2.3846 0.3802 -0.1265 5
2.2889 0.3642 -0.0405 16
2.2262 0.3506 0.0393 25
2.2078 0.3469 0.1171 30
2.2183 0.3482 0.1964 18
2.2397 0.3507 0.2783 16
2.3362 0.365 0.3745 7
2.374 0.3701 -0.1259 6
2.2822 0.3549 -0.0403 17
2.2314 0.3434 0.0394 28
2.1972 0.3374 0.1165 30
2.2116 0.3392 0.1958 19
2.2311 0.3414 0.2771 16
2.3316 0.3559 0.3736 7
2.3575 0.3591 -0.125 7
2.2874 0.3476 -0.0404 17
2.2266 0.3348 0.0393 27
2.1885 0.3282 0.116 31
2.2206 0.3327 0.1964 20
2.2362 0.3342 0.2776 16
2.325 0.3466 0.3723 8
2.3667 0.352 -0.1254 7
2.2728 0.3372 -0.0401 18
2.2298 0.3273 0.0393 30
2.1896 0.3206 0.116 34
2.206 0.3226 0.1951 20
2.2432 0.3273 0.2783 16
2.3145 0.3368 0.3704 9
2.3639 0.3432 -0.1252 8
2.27 0.3287 -0.04 18
2.219 0.3178 0.0391 29
2.1947 0.3135 0.1162 35
2.2052 0.3146 0.1949 22
2.2463 0.3197 0.2786 16
2.3293 0.3307 0.3726 8
2.3631 0.3346 -0.1251 8
2.277 0.3216 -0.0401 18
2.2201 0.31 0.0391 31
2.1977 0.3061 0.1163 38
2.2181 0.3086 0.1959 26
2.2258 0.3089 0.2759 16
2.3324 0.3228 0.3729 9
2.3406 0.3231 -0.1238 9
2.2742 0.3131 -0.0401 20
2.2172 0.3017 0.0391 31
2.1948 0.2979 0.1161 43
2.2172 0.3006 0.1958 29
2.2269 0.3011 0.2759 16
2.3316 0.3144 0.3726 9
2.3476 0.3157 -0.1241 10
2.2792 0.3057 -0.0401 20
2.2262 0.2951 0.0392 34
2.1879 0.2892 0.1157 50
2.2202 0.2931 0.1959 26
2.2299 0.2936 0.2762 17
2.315 0.304 0.3698 10
2.3527 0.3081 -0.1244 10
2.2664 0.296 -0.0399 21
2.2133 0.2855 0.039 35
2.1889 0.2816 0.1157 55
2.2113 0.2841 0.1951 28
2.2269 0.2853 0.2757 17
2.3122 0.2954 0.3692 10
2.3498 0.2993 -0.1241 10
2.2694 0.2883 -0.0399 21
2.2123 0.2775 0.0389 36
2.1998 0.2752 0.1162 71
2.2044 0.2754 0.1944 31
2.2378 0.2787 0.2769 16
2.321 0.2883 0.3704 11
2.3528 0.2914 -0.1242 11
2.2744 0.2809 -0.04 21
2.2172 0.2703 0.039 36
2.2067 0.2686 0.1165 82
2.2093 0.2681 0.1947 31
2.2249 0.2692 0.2752 17
2.3239 0.2808 0.3707 11
2.3399 0.2815 -0.1235 11
2.2812 0.274 -0.0401 22
2.2142 0.2625 0.0389 37
2.1798 0.258 0.115 85
2.2121 0.261 0.1949 34
2.2238 0.2616 0.2749 17
2.3268 0.2733 0.3711 10
2.3388 0.2735 -0.1234 11
2.2841 0.2667 -0.0401 21
2.223 0.256 0.0391 37
2.1866 0.2511 0.1153 100
2.213 0.2537 0.1949 34
2.2286 0.2547 0.2754 17
2.316 0.2639 0.3692 10
2.3437 0.2662 -0.1236 11
2.2711 0.2572 -0.0399 22
2.2179 0.2476 0.039 39
2.1914 0.2439 0.1156 100
2.2059 0.2451 0.1942 34
2.2335 0.2474 0.2759 16
2.3129 0.2554 0.3686 11
2.3486 0.2585 -0.1238 12
2.2581 0.2477 -0.0397 20
2.2148 0.2394 0.0389 39
2.1784 0.2347 0.1148 100
2.2028 0.237 0.1938 34
2.2383 0.24 0.2764 17
2.3177 0.2477 0.3692 10
2.3574 0.2511 -0.1242 11
2.259 0.2398 -0.0397 20
2.2056 0.2307 0.0387 37
2.1851 0.2277 0.1151 100
2.2076 0.2297 0.1942 35
2.2292 0.2312 0.2752 16
2.3265 0.2404 0.3704 11
2.3464 0.2416 -0.1236 11
2.2797 0.234 -0.04 19
2.2144 0.2238 0.0388 37
2.1879 0.2203 0.1152 94
2.2124 0.2224 0.1945 33
2.228 0.2232 0.2749 17
2.3253 0.2321 0.3701 9
2.3492 0.2337 -0.1237 11
2.2765 0.2256 -0.0399 21
2.2271 0.2172 0.0391 36
2.1827 0.2121 0.1149 68
2.2131 0.2147 0.1945 34
2.2328 0.2158 0.2754 17
2.3222 0.2236 0.3695 9
2.3559 0.226 -0.124 12
2.2574 0.2158 -0.0396 20
2.2179 0.2085 0.0389 36
2.1854 0.2047 0.115 57
2.2059 0.2062 0.1938 32
2.2414 0.2087 0.2764 16
2.3229 0.2155 0.3695 9
2.3567 0.2178 -0.124 11
2.2621 0.2083 -0.0397 19
2.2246 0.2013 0.039 36
2.204 0.1986 0.116 53
2.2146 0.1992 0.1945 29
2.2401 0.2007 0.2762 17
2.3276 0.2077 0.3701 9
2.3634 0.2101 -0.1244 10
2.2907 0.2028 -0.0401 21
2.2193 0.193 0.0389 34
2.2087 0.1917 0.1162 49
2.2232 0.1922 0.1952 29
2.2349 0.1924 0.2754 17
2.348 0.2017 0.3733 9
2.3522 0.2008 -0.1237 11
2.2894 0.1951 -0.0401 22
2.2279 0.1863 0.039 34
2.1934 0.1826 0.1153 43
2.2238 0.1844 0.1952 28
2.2414 0.1855 0.2762 17
2.3506 0.1937 0.3736 8
2.3688 0.1943 -0.1246 10
2.2761 0.1859 -0.0399 20
2.2285 0.1785 0.039 33
2.196 0.1751 0.1155 38
2.2304 0.1775 0.1958 26
2.25 0.1783 0.2771 16
2.3375 0.1844 0.3714 8
2.3774 0.1867 -0.125 10
2.2767 0.178 -0.0399 19
2.2371 0.1714 0.0392 32
2.2006 0.1678 0.1157 36
2.2191 0.1688 0.1947 28
2.2486 0.1703 0.2769 17
2.3441 0.1767 0.3723 7
2.386 0.179 -0.1254 9
2.2753 0.1699 -0.0398 17
2.2397 0.1637 0.0392 31
2.2111 0.1608 0.1162 35
2.2276 0.1616 0.1954 24
2.265 0.1636 0.2788 16
2.3525 0.169 0.3736 7
2.3986 0.1715 -0.126 8
2.2978 0.1635 -0.0402 18
2.2402 0.1559 0.0392 31
2.2196 0.1537 0.1166 35
2.2441 0.155 0.1968 24
2.2577 0.1551 0.2779 16
2.3748 0.1623 0.377 7
2.3872 0.1623 -0.1254 7
2.3044 0.1559 -0.0403 19
2.2527 0.1488 0.0394 29
2.2062 0.145 0.1159 33
2.2446 0.1471 0.1968 23
2.2602 0.1473 0.2781 16
2.3951 0.1553 0.3801 6
2.3858 0.1539 -0.1253 6
2.3089 0.1481 -0.0404 18
2.2572 0.1412 0.0395 28
2.2167 0.1379 0.1164 28
2.259 0.1401 0.198 22
2.2785 0.1406 0.2803 16
2.3798 0.146 0.3776 6
2.4082 0.1469 -0.1264 5
2.3054 0.1398 -0.0403 17
2.2637 0.1337 0.0396 28
2.2251 0.1306 0.1168 28
2.2456 0.1314 0.1968 22
2.2849 0.1329 0.281 16
2.3842 0.1379 0.3783 4
2.4107 0.1386 -0.1265 4
2.3139 0.1322 -0.0405 16
2.2582 0.1255 0.0395 28
2.2455 0.124 0.1179 28
2.248 0.1237 0.197 22
2.2933 0.1254 0.282 16
2.4064 0.1307 0.3817 4
2.4371 0.1316 -0.1279 3
2.3223 0.1246 -0.0406 16
2.2586 0.1176 0.0395 25
2.2519 0.1164 0.1182 25
2.2564 0.1163 0.1977 20
2.2838 0.1169 0.2808 15
2.3187 0.1162 -0.0405 16
2.279 0.1107 0.0398 24
2.2403 0.108 0.1175 25
2.2707 0.1091 0.1989 21
2.2842 0.1089 0.2808 15
2.3471 0.1095 -0.041 14
2.2873 0.1031 0.04 23
2.2486 0.1009 0.118 24
2.279 0.1015 0.1996 21
2.3084 0.102 0.2837 15
2.3315 0.101 -0.0407 15
2.2917 0.0956 0.04 24
2.263 0.0937 0.1187 23
2.2754 0.0934 0.1992 19
2.3246 0.095 0.2857 15
2.3338 0.0929 -0.0408 14
2.282 0.0873 0.0399 21
2.2633 0.0858 0.1187 20
2.2737 0.0858 0.1991 18
2.3348 0.0872 0.2869 13
2.3581 0.0856 -0.0412 13
2.3003 0.0799 0.0402 20
2.2735 0.0782 0.1192 19
2.2859 0.0782 0.2001 18
2.3311 0.079 0.2864 13
2.3604 0.0775 -0.0412 11
2.3045 0.072 0.0402 20
2.2698 0.0701 0.119 19
2.2961 0.0706 0.201 18
2.3433 0.0712 0.2879 12
2.3766 0.0697 -0.0415 9
2.3128 0.0642 0.0404 18
2.286 0.0627 0.1198 17
2.3083 0.0629 0.202 17
2.3614 0.0635 0.29 10
2.3788 0.0615 -0.0415 8
2.327 0.0565 0.0406 16
2.2902 0.0548 0.1201 17
2.3085 0.0548 0.202 17
2.3834 0.0558 0.2927 9
2.393 0.0535 -0.0418 8
2.3231 0.0483 0.0406 16
2.2984 0.0469 0.1205 16
2.3266 0.0467 0.2036 17
2.4015 0.0478 0.2949 5
2.4092 0.0454 -0.0421 6
2.3333 0.0399 0.0407 15
2.3125 0.0392 0.1212 15
2.3407 0.0388 0.2048 15
2.4116 0.0391 0.2961 4
2.4313 0.0373 -0.0424 4
2.3554 0.0325 0.0411 14
2.3046 0.031 0.1208 16
2.3508 0.0308 0.2057 15
2.3755 0.0245 0.0415 12
2.3207 0.0231 0.1216 15
2.3688 0.0232 0.2073 13
2.3816 0.0162 0.0416 11
2.3407 0.0151 0.1227 14
2.3789 0.0149 0.2081 10
2.3856 0.0079 0.0416 9
2.3588 0.007 0.1236 12
2.3948 0.0067 0.2095 8
2.4136 -0.0004 0.0421 7
2.3787 -0.0012 0.1247 11
2.4227 -0.0017 0.212 5
2.4396 -0.0089 0.0426 4
2.3867 -0.0092 0.1251 8
2.4206 -0.0177 0.1269 5
