1.2298 0.4222 0.1596 2
1.2183 0.4178 0.204 3
1.2049 0.409 0.1562 4
1.1861 0.4022 0.1984 4
1.1919 0.4039 0.2446 2
1.2371 0.4156 0.1142 1
1.1988 0.4023 0.1553 5
1.1706 0.3924 0.1955 6
1.197 0.401 0.2454 3
1.2026 0.3993 0.1109 2
1.1757 0.39 0.1521 6
1.1682 0.387 0.1949 9
1.1779 0.39 0.2412 4
1.1971 0.3959 0.2911 1
1.2097 0.397 0.1114 5
1.1639 0.3815 0.1504 9
1.1733 0.3842 0.1955 10
1.1718 0.3834 0.2397 6
1.1799 0.3857 0.2866 3
1.2016 0.3897 0.1105 6
1.1557 0.3744 0.1492 9
1.1539 0.3736 0.1921 10
1.16 0.3751 0.237 6
1.1646 0.3761 0.2825 4
1.2171 0.3905 0.067 1
1.1763 0.377 0.1081 8
1.1589 0.3712 0.1494 11
1.1439 0.366 0.1902 12
1.1519 0.3683 0.2351 9
1.1472 0.3664 0.278 5
1.2127 0.3847 0.0667 3
1.1662 0.3695 0.107 8
1.1469 0.3629 0.1477 11
1.1357 0.3592 0.1887 12
1.1345 0.3584 0.2313 10
1.1355 0.3582 0.2749 7
1.1718 0.3695 0.3292 1
1.2045 0.3775 0.0662 5
1.1751 0.3678 0.1077 11
1.1348 0.355 0.146 13
1.1351 0.3546 0.1883 12
1.1413 0.3563 0.2324 11
1.1423 0.3562 0.2762 7
1.1528 0.3591 0.3235 2
1.1829 0.3662 0.0649 6
1.1592 0.3584 0.1062 11
1.138 0.3514 0.1462 13
1.1401 0.3518 0.189 13
1.1238 0.3464 0.2286 12
1.1305 0.348 0.2731 10
1.1651 0.3584 0.3266 3
1.1766 0.3597 0.0645 8
1.1586 0.3538 0.106 12
1.1392 0.3476 0.1462 13
1.1318 0.345 0.1874 13
1.1268 0.3432 0.229 13
1.1205 0.3409 0.2704 11
1.1645 0.3538 0.3261 4
1.1777 0.3558 0.0645 9
1.1483 0.3465 0.1049 12
1.1404 0.3437 0.1462 16
1.1216 0.3378 0.1855 15
1.1318 0.3404 0.2297 15
1.1198 0.3364 0.2699 12
1.1435 0.3433 0.3199 6
1.232 0.368 0.0224 1
1.1694 0.3488 0.064 11
1.1399 0.3396 0.1041 16
1.1301 0.3365 0.1448 16
1.1209 0.3333 0.1852 15
1.1141 0.3311 0.2259 16
1.1172 0.3316 0.269 13
1.1298 0.3349 0.3158 8
1.2352 0.3642 0.0225 3
1.1802 0.3476 0.0645 12
1.1334 0.3336 0.1034 15
1.1256 0.3308 0.144 18
1.1126 0.3266 0.1837 18
1.1058 0.3244 0.224 16
1.1109 0.3255 0.2672 13
1.1199 0.3277 0.3127 8
1.2269 0.3571 0.0223 5
1.1546 0.3356 0.063 13
1.1346 0.3296 0.1034 15
1.1153 0.3236 0.1426 18
1.1137 0.3227 0.1837 18
1.1126 0.3222 0.2252 18
1.1082 0.3205 0.2663 15
1.1192 0.3232 0.3121 9
1.2185 0.3501 0.0221 5
1.148 0.3294 0.0626 15
1.1357 0.3257 0.1034 15
1.1221 0.3213 0.1433 19
1.1073 0.3167 0.1824 19
1.1138 0.3181 0.2252 18
1.0925 0.3118 0.2623 15
1.1277 0.3215 0.3142 9
1.2082 0.3424 0.0219 7
1.1454 0.3241 0.0624 15
1.1235 0.3177 0.1021 17
1.1157 0.3151 0.1423 21
1.1027 0.311 0.1815 21
1.1036 0.3108 0.2229 18
1.0899 0.3068 0.2614 15
1.1066 0.311 0.308 10
1.2037 0.3363 0.0218 8
1.1388 0.318 0.062 16
1.1035 0.3077 0.1002 18
1.1187 0.3115 0.1426 21
1.1 0.3061 0.1808 21
1.099 0.3054 0.2217 19
1.0947 0.304 0.2623 16
1.1002 0.3051 0.3059 11
1.1855 0.327 0.0215 10
1.1399 0.3142 0.062 19
1.1103 0.3056 0.1008 18
1.1006 0.3025 0.1401 21
1.0972 0.3014 0.1802 21
1.0943 0.3002 0.2206 19
1.0919 0.2993 0.2614 16
1.1012 0.3015 0.3059 10
1.1866 0.3231 0.0215 11
1.1294 0.3071 0.0613 17
1.1132 0.3025 0.1009 18
1.0863 0.2947 0.1382 21
1.102 0.2986 0.1808 21
1.0934 0.2961 0.2202 19
1.0798 0.292 0.2582 16
1.0967 0.2961 0.3044 11
1.1819 0.3174 0.0214 11
1.1189 0.3 0.0607 19
1.1143 0.2986 0.1009 18
1.0988 0.294 0.1397 21
1.0897 0.2912 0.1786 22
1.0888 0.2907 0.219 20
1.077 0.2872 0.2573 18
1.2367 0.3295 -0.0223 2
1.0921 0.2908 0.3028 12
1.1869 0.3143 0.0214 13
1.1199 0.2963 0.0607 19
1.0999 0.2906 0.0995 18
1.096 0.2892 0.1392 22
1.083 0.2855 0.1774 24
1.0898 0.2869 0.219 19
1.0799 0.2839 0.2578 18
1.23 0.3234 -0.0222 4
1.1043 0.2901 0.3059 13
1.1725 0.3063 0.0212 15
1.119 0.2919 0.0606 19
1.0951 0.2853 0.099 18
1.0931 0.2845 0.1387 22
1.0955 0.2847 0.1793 26
1.0831 0.2813 0.2175 19
1.079 0.2798 0.2573 19
1.2253 0.3176 -0.0221 7
1.0828 0.2804 0.2997 14
1.158 0.2982 0.0209 16
1.1297 0.2905 0.0611 22
1.0961 0.2816 0.099 18
1.0864 0.2787 0.1377 22
1.0927 0.2799 0.1786 24
1.0708 0.2741 0.2149 20
1.0743 0.2746 0.256 18
1.209 0.3088 -0.0218 7
1.0857 0.2771 0.3002 15
1.1552 0.2932 0.0208 16
1.1094 0.2811 0.06 20
1.0932 0.2766 0.0987 20
1.0797 0.273 0.1367 22
1.0898 0.2752 0.178 24
1.0775 0.2716 0.216 19
1.0602 0.2669 0.2524 19
1.1984 0.3017 -0.0216 9
1.0829 0.2724 0.2992 15
1.164 0.2909 0.0209 16
1.1046 0.2756 0.0597 22
1.0961 0.2733 0.0988 20
1.0768 0.2681 0.1362 22
1.0831 0.2693 0.1768 24
1.0841 0.2693 0.2171 20
1.0611 0.2632 0.2524 18
1.1976 0.2968 -0.0215 9
1.0857 0.2689 0.2997 15
1.1689 0.2878 0.021 16
1.1016 0.2708 0.0595 22
1.0932 0.2685 0.0985 20
1.0835 0.2657 0.137 24
1.0764 0.2636 0.1755 26
1.0794 0.2641 0.216 21
1.0677 0.2609 0.2537 19
1.187 0.2898 -0.0213 9
1.0754 0.2624 0.2966 16
1.1447 0.2776 0.0206 17
1.1006 0.2665 0.0593 22
1.0806 0.2614 0.0973 20
1.0825 0.2615 0.1367 24
1.0773 0.2598 0.1755 26
1.0688 0.2576 0.2137 21
1.061 0.2553 0.2519 20
1.1763 0.2828 -0.0211 9
1.0669 0.2563 0.294 16
1.1398 0.2722 0.0205 18
1.1093 0.2645 0.0598 23
1.0873 0.259 0.0978 21
1.0718 0.2549 0.1353 24
1.082 0.257 0.1761 27
1.0621 0.252 0.2122 21
1.0619 0.2516 0.2519 19
1.187 0.281 -0.0213 11
1.0697 0.2531 0.2945 17
1.1446 0.2691 0.0205 18
1.1102 0.2608 0.0598 26
1.0998 0.258 0.0988 21
1.0785 0.2526 0.136 24
1.0848 0.2538 0.1765 26
1.0668 0.2492 0.2129 21
1.0533 0.2457 0.2497 20
1.1762 0.2744 -0.0211 11
1.0705 0.2495 0.2945 17
1.1436 0.2649 0.0205 20
1.0858 0.2511 0.0584 27
1.0988 0.2537 0.0987 22
1.0716 0.2472 0.135 24
1.0664 0.2456 0.1733 26
1.0714 0.2466 0.2137 21
1.0503 0.2413 0.2488 20
1.1674 0.268 -0.0209 20
1.0883 0.2497 0.2992 18
1.1484 0.2617 0.0206 20
1.0925 0.2488 0.0587 46
1.0919 0.2483 0.098 22
1.0666 0.2421 0.1343 25
1.0595 0.2403 0.1721 26
1.0723 0.2428 0.2137 21
1.0473 0.2368 0.2479 20
1.1566 0.2615 -0.0207 20
1.0741 0.2426 0.2951 18
1.1356 0.2549 0.0203 21
1.0914 0.2446 0.0586 37
1.0849 0.2427 0.0973 22
1.0829 0.2421 0.1362 25
1.07 0.2388 0.1736 27
1.0635 0.2371 0.2118 22
1.0519 0.2342 0.2488 20
1.1634 0.2588 -0.0208 20
1.0636 0.2364 0.2919 18
1.1287 0.249 0.0202 18
1.0981 0.2418 0.0589 20
1.0897 0.2398 0.0976 22
1.0703 0.2351 0.1345 25
1.0709 0.2349 0.1736 29
1.0567 0.2316 0.2103 22
1.2584 0.2755 -0.0675 1
1.0585 0.2316 0.2501 22
1.1624 0.2541 -0.0208 17
1.0682 0.2333 0.293 18
1.1295 0.245 0.0202 18
1.0951 0.2372 0.0587 24
1.0905 0.236 0.0976 22
1.0633 0.2297 0.1336 25
1.0756 0.232 0.1743 27
1.0575 0.2279 0.2103 22
1.2379 0.2665 -0.0664 3
1.0421 0.2242 0.2461 20
1.1574 0.2488 -0.0207 20
1.0672 0.2292 0.2925 19
1.1382 0.2428 0.0203 18
1.0724 0.2285 0.0575 23
1.0913 0.2322 0.0976 23
1.0602 0.2252 0.1331 25
1.0609 0.2251 0.1718 27
1.0621 0.225 0.211 23
1.2564 0.2659 -0.0673 4
1.0486 0.2217 0.2474 21
1.1563 0.2445 -0.0206 20
1.0717 0.2264 0.2935 19
1.1371 0.2386 0.0203 20
1.081 0.2264 0.0579 22
1.0785 0.2255 0.0964 26
1.0707 0.2237 0.1343 25
1.0578 0.2206 0.1711 27
1.0629 0.2215 0.211 25
1.2534 0.2609 -0.0671 4
1.0493 0.2183 0.2474 21
1.1512 0.2392 -0.0205 20
1.0649 0.2211 0.2914 19
1.1222 0.2314 0.02 20
1.0818 0.2227 0.0579 23
1.0714 0.2203 0.0957 26
1.0753 0.2207 0.1348 25
1.0585 0.2169 0.1711 29
1.0598 0.217 0.2103 25
1.2464 0.255 -0.0667 6
1.0539 0.2154 0.2483 21
1.1501 0.2348 -0.0205 20
1.0486 0.2139 0.2868 20
1.1152 0.2259 0.0199 20
1.0845 0.2193 0.058 22
1.0839 0.2189 0.0967 26
1.0605 0.2138 0.1328 24
1.067 0.2148 0.1724 30
1.0509 0.2113 0.2084 27
1.2297 0.2471 -0.0657 6
1.0489 0.2106 0.247 23
1.1489 0.2304 -0.0205 20
1.057 0.2118 0.2888 20
1.1199 0.2228 0.0199 21
1.0931 0.217 0.0584 24
1.0807 0.2144 0.0964 23
1.0554 0.209 0.1321 27
1.0717 0.2118 0.173 32
1.0516 0.2077 0.2084 27
1.2149 0.2397 -0.0649 6
1.0458 0.2061 0.2461 23
1.1576 0.2279 -0.0206 20
1.0539 0.2073 0.2878 19
1.1246 0.2196 0.02 20
1.086 0.2117 0.058 26
1.0834 0.211 0.0966 25
1.06 0.2061 0.1326 25
1.0608 0.2058 0.1711 34
1.0562 0.2047 0.2091 30
1.2196 0.2362 -0.0651 6
1.0427 0.2017 0.2452 22
1.1427 0.2209 -0.0203 20
1.0641 0.2055 0.2904 21
1.1253 0.2157 0.02 21
1.077 0.206 0.0575 22
1.0744 0.2053 0.0957 27
1.0647 0.2031 0.1331 27
1.0537 0.2006 0.1699 34
1.0685 0.2032 0.2114 31
1.2205 0.2319 -0.0651 9
1.0396 0.1974 0.2443 22
1.1434 0.2169 -0.0203 20
1.0515 0.1993 0.2868 21
1.1123 0.2092 0.0198 21
1.0777 0.2023 0.0575 24
1.0751 0.2016 0.0957 26
1.0654 0.1994 0.1331 25
1.0505 0.1962 0.1693 30
1.0576 0.1974 0.2091 31
1.2173 0.2269 -0.0649 11
1.0384 0.1934 0.2438 24
1.1383 0.2118 -0.0202 20
1.0408 0.1935 0.2837 21
1.1091 0.2046 0.0197 21
1.0744 0.1978 0.0573 23
1.0797 0.1986 0.096 26
1.0621 0.1949 0.1326 27
1.0551 0.1933 0.1699 34
1.0525 0.1926 0.208 33
1.2063 0.2205 -0.0643 11
1.0525 0.1922 0.247 31
1.141 0.2082 -0.0202 20
1.0491 0.1912 0.2857 21
1.1177 0.2021 0.0198 21
1.0751 0.194 0.0573 23
1.0784 0.1944 0.0959 25
1.0511 0.1891 0.1311 27
1.0674 0.1917 0.1718 34
1.0532 0.1889 0.208 34
1.1992 0.2149 -0.0638 11
1.0512 0.1882 0.2465 30
1.1496 0.2056 -0.0204 22
1.0574 0.1889 0.2878 21
1.1184 0.1982 0.0198 21
1.0718 0.1898 0.057 23
1.0811 0.191 0.096 28
1.0557 0.1861 0.1316 27
1.0525 0.1854 0.1693 32
1.0577 0.1859 0.2087 33
1.2039 0.2114 -0.0641 13
1.0423 0.1828 0.2443 32
1.1463 0.2011 -0.0203 22
1.0542 0.1847 0.2868 23
1.125 0.1955 0.0199 22
1.0764 0.1867 0.0573 23
1.066 0.1845 0.0947 33
1.0602 0.1833 0.1321 27
1.0473 0.1807 0.1683 35
1.0544 0.1818 0.208 34
1.2046 0.2074 -0.0641 13
1.039 0.1787 0.2434 33
1.1332 0.1947 -0.0201 22
1.0491 0.1801 0.2852 23
1.1118 0.1893 0.0197 21
1.0731 0.1823 0.057 24
1.0706 0.1816 0.095 31
1.0628 0.1799 0.1324 31
1.0479 0.1771 0.1683 37
1.0551 0.1781 0.208 34
1.2171 0.2052 -0.0647 13
1.0531 0.1774 0.2465 30
1.1418 0.1921 -0.0202 25
1.0402 0.1748 0.2826 23
1.1046 0.1841 0.0195 21
1.0738 0.1785 0.057 23
1.0633 0.1766 0.0943 30
1.0536 0.1746 0.1311 28
1.0524 0.174 0.1689 43
1.0537 0.1741 0.2076 36
1.1981 0.1977 -0.0636 13
1.0518 0.1734 0.2461 33
1.1345 0.1868 -0.0201 22
1.0484 0.1724 0.2847 23
1.1092 0.1808 0.0196 21
1.0665 0.1735 0.0566 23
1.0757 0.1748 0.0953 30
1.0444 0.1693 0.1299 33
1.0569 0.171 0.1696 45
1.0543 0.1704 0.2076 36
1.1968 0.1932 -0.0635 13
1.0427 0.1681 0.2438 33
1.1431 0.1841 -0.0202 22
1.0471 0.1685 0.2842 23
1.1118 0.1773 0.0197 22
1.0671 0.1698 0.0566 26
1.0724 0.1704 0.095 32
1.0548 0.1673 0.1311 37
1.0399 0.1645 0.1668 48
1.0549 0.1667 0.2076 37
1.1975 0.189 -0.0635 13
1.0414 0.1642 0.2434 33
1.1418 0.1798 -0.0202 25
1.0439 0.1642 0.2831 24
1.1124 0.1734 0.0197 22
1.0755 0.1675 0.057 26
1.069 0.1661 0.0947 31
1.0554 0.1636 0.1311 37
1.0444 0.1617 0.1674 47
1.0555 0.163 0.2076 38
1.1922 0.1839 -0.0632 13
1.0439 0.1609 0.2438 33
1.1344 0.1748 -0.02 25
1.0406 0.1602 0.2821 23
1.1051 0.1685 0.0195 22
1.0722 0.1631 0.0568 26
1.0617 0.1611 0.094 33
1.0559 0.1601 0.1311 39
1.0469 0.1583 0.1677 52
1.0444 0.1578 0.2053 38
1.2067 0.1821 -0.064 13
1.0483 0.158 0.2447 33
1.139 0.1714 -0.0201 25
1.0392 0.1562 0.2816 25
1.0977 0.1635 0.0194 22
1.0846 0.1611 0.0575 26
1.0721 0.1591 0.0948 35
1.0584 0.1567 0.1314 42
1.0533 0.1555 0.1686 53
1.043 0.1538 0.2049 41
1.1895 0.1752 -0.063 14
1.0527 0.1549 0.2456 34
1.1337 0.1666 -0.02 22
1.0436 0.1532 0.2826 26
1.1062 0.1608 0.0195 22
1.0733 0.1556 0.0568 26
1.0628 0.1539 0.094 35
1.0413 0.1504 0.1292 45
1.0519 0.1516 0.1683 55
1.0474 0.1507 0.2057 41
1.198 0.1722 -0.0634 14
1.0455 0.1501 0.2438 34
1.1362 0.1629 -0.02 22
1.0518 0.1506 0.2847 24
1.1087 0.1572 0.0195 22
1.0659 0.1508 0.0564 26
1.0732 0.1516 0.0948 36
1.0497 0.1479 0.1302 48
1.0485 0.1474 0.1677 58
1.0538 0.1479 0.2068 39
1.1907 0.1669 -0.063 16
1.0383 0.1454 0.242 36
1.1368 0.159 -0.02 25
1.058 0.1478 0.2863 28
1.1231 0.1553 0.0198 23
1.0625 0.1465 0.0562 26
1.0579 0.1457 0.0934 41
1.058 0.1453 0.1311 46
1.0431 0.1429 0.1668 60
1.0562 0.1445 0.2072 41
1.1972 0.1636 -0.0633 14
1.0427 0.1423 0.2429 33
1.1314 0.1542 -0.0199 25
1.0413 0.1417 0.2816 24
1.1019 0.1482 0.0194 22
1.0749 0.1442 0.0568 26
1.0585 0.1418 0.0934 40
1.0625 0.142 0.1316 46
1.0495 0.1399 0.1677 69
1.0451 0.1391 0.2049 41
1.1958 0.1589 -0.0632 16
1.047 0.139 0.2438 33
1.128 0.1495 -0.0199 22
1.0418 0.1379 0.2816 24
1.0985 0.1438 0.0193 22
1.0793 0.1409 0.057 28
1.0629 0.1386 0.0938 38
1.0532 0.137 0.1304 49
1.0559 0.1369 0.1686 79
1.0455 0.1354 0.2049 45
1.1924 0.1542 -0.063 14
1.0436 0.1348 0.2429 34
1.1443 0.1476 -0.0201 25
1.0423 0.1343 0.2816 26
1.1128 0.1418 0.0196 23
1.0719 0.1362 0.0566 26
1.0752 0.1364 0.0948 40
1.0497 0.1328 0.1299 49
1.0603 0.1338 0.1693 78
1.046 0.1318 0.2049 42
1.185 0.1491 -0.0626 14
1.0441 0.1312 0.2429 33
1.1528 0.1446 -0.0203 25
1.0466 0.1311 0.2826 25
1.1054 0.1369 0.0194 23
1.0644 0.1315 0.0562 26
1.0757 0.1327 0.0948 38
1.0541 0.1296 0.1304 52
1.0431 0.1279 0.1664 86
1.0465 0.1281 0.2049 43
1.1935 0.1459 -0.063 16
1.0368 0.1266 0.2411 36
1.1295 0.1377 -0.0199 25
1.0471 0.1275 0.2826 24
1.1138 0.134 0.0196 23
1.0688 0.1284 0.0564 26
1.0603 0.127 0.0934 40
1.0545 0.1259 0.1304 52
1.0474 0.1249 0.1671 81
1.0449 0.1242 0.2045 46
1.1979 0.1422 -0.0632 16
1.045 0.1239 0.2429 34
1.1319 0.1342 -0.0199 25
1.0456 0.1238 0.2821 25
1.1103 0.1298 0.0195 23
1.0752 0.1254 0.0567 27
1.0568 0.1228 0.0931 38
1.0648 0.1236 0.1316 57
1.0518 0.1217 0.1677 84
1.0395 0.1201 0.2034 42
1.1984 0.1382 -0.0632 16
1.0493 0.1208 0.2438 34
1.1224 0.1291 -0.0197 21
1.0498 0.1205 0.2831 27
1.1028 0.1251 0.0194 23
1.0776 0.122 0.0568 28
1.0731 0.1211 0.0945 38
1.0475 0.1179 0.1294 52
1.062 0.1193 0.1693 100
1.0399 0.1165 0.2034 43
1.179 0.1318 -0.0622 16
1.0497 0.1172 0.2438 34
1.1388 0.1271 -0.02 25
1.0502 0.1171 0.2831 29
1.1071 0.1218 0.0194 22
1.0661 0.1169 0.0562 26
1.0735 0.1174 0.0945 38
1.0479 0.1144 0.1294 58
1.0585 0.1152 0.1686 100
1.0481 0.1139 0.2049 42
1.1834 0.1284 -0.0624 16
1.0423 0.1129 0.242 36
1.1332 0.1225 -0.0199 25
1.0468 0.113 0.2821 27
1.1115 0.1184 0.0195 23
1.0626 0.1128 0.056 26
1.0699 0.1134 0.0941 40
1.0542 0.1114 0.1302 57
1.0491 0.1104 0.1671 100
1.0485 0.1102 0.2049 45
1.1839 0.1242 -0.0624 16
1.0388 0.1088 0.2411 37
1.1217 0.1173 -0.0197 23
1.0491 0.1095 0.2826 26
1.1159 0.1149 0.0196 23
1.0689 0.1097 0.0563 27
1.0703 0.1095 0.0941 42
1.0506 0.1073 0.1297 57
1.0435 0.1062 0.1661 100
1.0508 0.1066 0.2053 47
1.1923 0.1207 -0.0628 16
1.0509 0.1062 0.2438 36
1.1181 0.113 -0.0196 21
1.0399 0.1049 0.28 23
1.1124 0.1104 0.0195 22
1.0713 0.1062 0.0564 28
1.0509 0.1038 0.0924 42
1.0609 0.1044 0.1309 51
1.0537 0.1035 0.1677 100
1.0453 0.1023 0.2042 45
1.1847 0.1157 -0.0624 17
1.0474 0.1021 0.2429 37
1.1404 0.1112 -0.02 25
1.0441 0.1016 0.2811 23
1.1008 0.1056 0.0193 23
1.0836 0.1036 0.057 28
1.0671 0.1016 0.0938 42
1.0632 0.1011 0.1311 48
1.0561 0.1 0.168 100
1.0457 0.0988 0.2042 45
1.1771 0.1111 -0.062 16
1.0477 0.0987 0.2429 37
1.1388 0.107 -0.02 25
1.0521 0.0987 0.2831 23
1.1131 0.1029 0.0195 23
1.068 0.0985 0.0562 28
1.0753 0.0988 0.0945 40
1.0536 0.0964 0.1299 60
1.0642 0.0972 0.1693 100
1.046 0.0952 0.2042 45
1.1815 0.1073 -0.0622 16
1.0441 0.0947 0.242 37
1.1392 0.1033 -0.02 22
1.0543 0.0954 0.2837 25
1.1134 0.0992 0.0195 23
1.0723 0.0951 0.0564 28
1.0797 0.0954 0.0948 41
1.054 0.093 0.1299 54
1.0567 0.0928 0.168 87
1.0463 0.0917 0.2042 43
1.1898 0.1041 -0.0626 16
1.0444 0.0912 0.242 36
1.1315 0.0986 -0.0198 22
1.0643 0.0926 0.2863 27
1.1118 0.0951 0.0195 23
1.0766 0.0917 0.0566 28
1.0641 0.0905 0.0934 42
1.0701 0.0906 0.1319 49
1.0452 0.0881 0.1661 86
1.0584 0.0891 0.2065 45
1.1942 0.1003 -0.0628 16
1.0448 0.0875 0.242 34
1.1199 0.0936 -0.0196 23
1.0531 0.0879 0.2831 26
1.1121 0.0912 0.0195 22
1.0729 0.0876 0.0564 26
1.0604 0.0864 0.0931 38
1.0665 0.0866 0.1314 48
1.0534 0.0851 0.1674 66
1.0489 0.0846 0.2045 46
1.1945 0.0961 -0.0628 16
1.0451 0.0839 0.242 34
1.1262 0.0902 -0.0197 23
1.0418 0.0833 0.28 25
1.1124 0.0874 0.0195 23
1.0852 0.0848 0.057 26
1.0726 0.0837 0.0941 36
1.0608 0.0824 0.1306 48
1.0576 0.0818 0.168 63
1.0433 0.0805 0.2034 43
1.1948 0.0919 -0.0628 14
1.0531 0.0808 0.2438 34
1.1325 0.0867 -0.0198 22
1.0459 0.0799 0.2811 26
1.1207 0.0841 0.0196 23
1.0775 0.0805 0.0566 26
1.0729 0.0797 0.0941 40
1.0591 0.0785 0.1304 49
1.0658 0.0786 0.1693 68
1.0514 0.0772 0.2049 42
1.1912 0.0873 -0.0626 16
1.0534 0.077 0.2438 34
1.1408 0.0834 -0.02 22
1.0559 0.077 0.2837 24
1.117 0.0797 0.0195 22
1.0718 0.0761 0.0563 27
1.0851 0.0768 0.0952 37
1.0614 0.0748 0.1306 48
1.0562 0.074 0.1677 58
1.0537 0.0737 0.2053 40
1.1955 0.0834 -0.0628 14
1.0498 0.073 0.2429 34
1.1311 0.0785 -0.0198 22
1.0735 0.0743 0.2883 27
1.1232 0.0762 0.0197 22
1.0821 0.073 0.0568 26
1.0695 0.072 0.0938 37
1.0696 0.0716 0.1316 46
1.0505 0.07 0.1668 50
1.0617 0.0705 0.2068 39
1.2037 0.0797 -0.0632 16
1.05 0.0694 0.2429 34
1.1254 0.0742 -0.0197 21
1.0544 0.0693 0.2831 29
1.1115 0.0715 0.0194 22
1.0823 0.0692 0.0568 26
1.0697 0.0682 0.0938 36
1.0718 0.068 0.1319 36
1.0528 0.0664 0.1671 53
1.062 0.0668 0.2068 38
1.204 0.0755 -0.0632 16
1.058 0.0662 0.2447 34
1.1436 0.0713 -0.02 25
1.0489 0.0653 0.2816 25
1.1078 0.0674 0.0194 22
1.1005 0.0665 0.0578 27
1.0839 0.0653 0.095 35
1.0621 0.0637 0.1306 39
1.0688 0.0637 0.1696 52
1.0544 0.0626 0.2053 38
1.2082 0.0716 -0.0634 14
1.0602 0.0626 0.2452 33
1.1478 0.0676 -0.0201 22
1.0549 0.0619 0.2831 23
1.116 0.064 0.0195 22
1.0788 0.0614 0.0566 26
1.0781 0.0612 0.0945 36
1.0623 0.06 0.1306 36
1.069 0.06 0.1696 52
1.0624 0.0594 0.2068 38
1.1985 0.0668 -0.0629 13
1.0526 0.0585 0.2434 32
1.164 0.0645 -0.0203 25
1.059 0.0585 0.2842 22
1.1202 0.0603 0.0196 22
1.071 0.0573 0.0562 23
1.0863 0.0579 0.0952 35
1.0625 0.0562 0.1306 39
1.0652 0.056 0.1689 50
1.0665 0.0559 0.2076 38
1.2207 0.0638 -0.0641 14
1.049 0.0546 0.2425 31
1.1483 0.0596 -0.0201 22
1.0592 0.0548 0.2842 22
1.1284 0.057 0.0197 22
1.0851 0.0546 0.0569 27
1.0805 0.054 0.0947 33
1.0726 0.0532 0.1319 39
1.0634 0.0526 0.1686 47
1.0706 0.0526 0.2084 37
1.2029 0.0588 -0.0631 13
1.0608 0.0517 0.2452 32
1.1505 0.0561 -0.0201 25
1.0671 0.0518 0.2863 23
1.1186 0.0528 0.0195 21
1.0913 0.0511 0.0573 28
1.0847 0.0504 0.095 32
1.0827 0.0501 0.1331 34
1.0616 0.0488 0.1683 45
1.0669 0.0488 0.2076 36
1.225 0.0558 -0.0643 13
1.0649 0.0484 0.2461 31
1.1626 0.0526 -0.0203 25
1.0634 0.0479 0.2852 21
1.1148 0.0487 0.0195 21
1.0915 0.0473 0.0573 23
1.0848 0.0468 0.095 35
1.065 0.0456 0.1309 31
1.0657 0.0452 0.1689 42
1.0671 0.0451 0.2076 37
1.2192 0.0513 -0.064 13
1.0748 0.045 0.2483 29
1.1568 0.0483 -0.0202 25
1.0674 0.0444 0.2863 21
1.1249 0.0452 0.0197 22
1.0837 0.0431 0.0568 24
1.093 0.0433 0.0957 31
1.0652 0.0419 0.1309 30
1.0856 0.0423 0.1721 40
1.0672 0.0414 0.2076 37
1.2194 0.0471 -0.064 13
1.0613 0.0408 0.2452 32
1.175 0.0449 -0.0205 25
1.0656 0.0406 0.2857 21
1.1271 0.0413 0.0197 21
1.0798 0.0392 0.0566 26
1.0971 0.0397 0.096 30
1.0772 0.0386 0.1324 31
1.066 0.0378 0.1689 40
1.0713 0.0378 0.2084 36
1.2156 0.0427 -0.0637 11
1.0595 0.037 0.2447 34
1.1531 0.0401 -0.0201 22
1.0793 0.0373 0.2894 21
1.1352 0.0377 0.0198 21
1.0859 0.0356 0.0569 24
1.0813 0.0353 0.0947 30
1.0734 0.0347 0.1319 28
1.0662 0.0341 0.1689 37
1.0773 0.0342 0.2095 32
1.2297 0.0389 -0.0645 13
1.0674 0.0335 0.2465 30
1.1613 0.0363 -0.0203 22
1.0678 0.0332 0.2863 21
1.1333 0.0336 0.0198 22
1.096 0.0321 0.0575 26
1.0774 0.0314 0.0943 30
1.0834 0.0312 0.1331 27
1.0742 0.0306 0.1702 34
1.0813 0.0306 0.2103 34
1.2298 0.0346 -0.0645 11
1.0753 0.03 0.2483 30
1.1554 0.0321 -0.0202 22
1.064 0.0293 0.2852 22
1.1154 0.0292 0.0195 21
1.1041 0.0285 0.0579 24
1.0895 0.028 0.0953 31
1.0756 0.0272 0.1321 28
1.0841 0.0271 0.1718 35
1.0736 0.0266 0.2087 33
1.2379 0.0305 -0.0649 9
1.0754 0.0263 0.2483 27
1.1555 0.028 -0.0202 22
1.0699 0.0258 0.2868 21
1.1335 0.0257 0.0198 22
1.0922 0.0244 0.0573 24
1.0995 0.0244 0.0962 28
1.0757 0.0235 0.1321 25
1.0882 0.0234 0.1724 34
1.0776 0.0229 0.2095 32
1.23 0.026 -0.0645 11
1.0618 0.0222 0.2452 23
1.1736 0.0244 -0.0205 22
1.0758 0.0222 0.2883 20
1.1296 0.0217 0.0197 20
1.0883 0.0205 0.057 23
1.1096 0.0207 0.0971 26
1.0797 0.0198 0.1326 27
1.0764 0.0194 0.1705 32
1.0796 0.0192 0.2099 30
1.2361 0.0218 -0.0648 9
1.058 0.0185 0.2443 22
1.1696 0.0202 -0.0204 22
1.0797 0.0185 0.2894 19
1.1477 0.018 0.02 21
1.1004 0.0169 0.0577 23
1.0977 0.0167 0.096 27
1.0877 0.0161 0.1336 27
1.0765 0.0156 0.1705 30
1.0836 0.0155 0.2107 29
1.2482 0.0176 -0.0654 8
1.0678 0.0149 0.2465 22
1.1737 0.0162 -0.0205 22
1.0779 0.0147 0.2888 19
1.1517 0.0141 0.0201 21
1.1004 0.0131 0.0577 23
1.0937 0.0128 0.0957 26
1.0957 0.0124 0.1345 27
1.0745 0.0118 0.1702 30
1.0895 0.0118 0.2118 27
1.2502 0.0133 -0.0655 6
1.0698 0.0112 0.247 22
1.1698 0.012 -0.0204 20
1.0683 0.0108 0.2863 19
1.1398 0.0099 0.0199 21
1.1084 0.0095 0.0581 23
1.1037 0.0091 0.0966 25
1.0858 0.0085 0.1333 24
1.0864 0.0083 0.1721 29
1.0758 0.0079 0.2091 28
1.2463 0.0089 -0.0653 6
1.0718 0.0075 0.2474 21
1.1798 0.0082 -0.0206 20
1.0837 0.0074 0.2904 19
1.1498 0.0062 0.0201 20
1.1005 0.0056 0.0577 23
1.1078 0.0052 0.0969 25
1.0838 0.0049 0.1331 27
1.0864 0.0046 0.1721 29
1.0857 0.0044 0.211 29
1.2583 0.0048 -0.0659 6
1.0737 0.0039 0.2479 23
1.1938 0.0042 -0.0208 20
1.0876 0.0036 0.2914 19
1.1558 0.0022 0.0202 21
1.1005 0.0019 0.0577 22
1.1118 0.0016 0.0973 25
1.0858 0.0011 0.1333 25
1.0884 0.001 0.1724 27
1.0818 0.0006 0.2103 24
1.2623 0.0004 -0.0662 4
1.066 0.0002 0.2461 22
1.1758 0.0002 -0.0205 20
1.0992 0 0.2945 20
1.1578 -0.0016 0.0202 20
1.1205 -0.002 0.0587 24
1.1038 -0.0023 0.0966 25
1.1017 -0.0025 0.1353 27
1.0845 -0.0028 0.1718 27
1.0896 -0.003 0.2118 24
1.2683 -0.0038 -0.0665 4
1.0796 -0.0034 0.2492 21
1.1798 -0.0039 -0.0206 20
1.0876 -0.0038 0.2914 19
1.1498 -0.0056 0.0201 20
1.1165 -0.0058 0.0585 22
1.1038 -0.006 0.0966 22
1.0977 -0.0063 0.1348 24
1.0904 -0.0067 0.1727 27
1.0896 -0.0068 0.2118 25
1.2742 -0.0082 -0.0668 3
1.0874 -0.0072 0.251 20
1.1878 -0.0081 -0.0207 20
1.0876 -0.0076 0.2914 19
1.1538 -0.0097 0.0201 20
1.1204 -0.0098 0.0587 23
1.1077 -0.0099 0.0969 22
1.0977 -0.0102 0.1348 25
1.0983 -0.0105 0.174 29
1.0797 -0.0106 0.2099 22
1.2522 -0.0125 -0.0656 1
1.0815 -0.0109 0.2497 20
1.1838 -0.0122 -0.0207 17
1.0953 -0.0115 0.2935 18
1.1617 -0.0138 0.0203 20
1.1164 -0.0136 0.0585 22
1.1157 -0.0138 0.0976 22
1.0897 -0.0139 0.1338 24
1.1081 -0.0145 0.1755 27
1.0875 -0.0144 0.2114 21
1.0853 -0.0148 0.2506 20
1.1917 -0.0164 -0.0208 17
1.101 -0.0154 0.2951 18
1.1697 -0.018 0.0204 20
1.1123 -0.0175 0.0583 22
1.1275 -0.0181 0.0987 22
1.0996 -0.0178 0.135 24
1.0942 -0.0181 0.1733 27
1.0875 -0.0184 0.2114 21
1.0794 -0.0187 0.2492 20
1.1936 -0.0206 -0.0208 15
1.1087 -0.0194 0.2971 18
1.1716 -0.0223 0.0205 18
1.1222 -0.0217 0.0588 22
1.1235 -0.022 0.0983 22
1.0995 -0.0219 0.135 25
1.0981 -0.0222 0.174 26
1.0992 -0.0224 0.2137 21
1.0891 -0.0226 0.2515 20
1.1956 -0.025 -0.0209 15
1.0932 -0.0231 0.293 18
1.1675 -0.0263 0.0204 17
1.1341 -0.0259 0.0595 22
1.1154 -0.0257 0.0976 22
1.1133 -0.026 0.1367 24
1.1059 -0.0263 0.1752 26
1.0991 -0.0263 0.2137 21
1.0851 -0.0263 0.2506 20
1.2035 -0.0294 -0.021 11
1.1066 -0.0272 0.2966 17
1.1774 -0.0306 0.0206 17
1.136 -0.0299 0.0596 23
1.1173 -0.0296 0.0978 22
1.1053 -0.0297 0.1358 22
1.1098 -0.0302 0.1758 26
1.097 -0.0301 0.2133 21
1.1045 -0.0307 0.2551 20
1.2033 -0.0336 -0.021 11
1.1142 -0.0313 0.2987 17
1.1813 -0.0349 0.0206 17
1.126 -0.0336 0.059 22
1.1292 -0.0339 0.0988 21
1.1052 -0.0336 0.1358 22
1.1195 -0.0344 0.1774 26
1.1009 -0.034 0.2141 21
1.0966 -0.0343 0.2533 19
1.2272 -0.0386 -0.0214 11
1.1161 -0.0353 0.2992 17
1.1892 -0.0392 0.0208 17
1.1438 -0.0379 0.06 22
1.141 -0.0382 0.0999 21
1.109 -0.0376 0.1362 22
1.1095 -0.0378 0.1758 26
1.1164 -0.0384 0.2171 20
1.0965 -0.0381 0.2533 18
1.2131 -0.0421 -0.0212 11
1.1314 -0.0395 0.3033 16
1.197 -0.0435 0.0209 17
1.1417 -0.0419 0.0599 20
1.1329 -0.0419 0.0992 21
1.1248 -0.0418 0.1382 24
1.1094 -0.0416 0.1758 26
1.1222 -0.0423 0.2183 21
1.1002 -0.0419 0.2542 18
1.2229 -0.0468 -0.0214 9
1.1119 -0.0427 0.2982 15
1.1929 -0.0475 0.0208 16
1.1455 -0.046 0.0601 20
1.1308 -0.0456 0.099 20
1.1286 -0.0459 0.1387 22
1.1151 -0.0458 0.1768 24
1.1122 -0.0458 0.2164 20
1.1079 -0.046 0.256 18
1.2267 -0.0512 -0.0214 7
1.1098 -0.0465 0.2976 15
1.1967 -0.0518 0.0209 15
1.1553 -0.0504 0.0606 19
1.1425 -0.0501 0.1001 20
1.1245 -0.0497 0.1382 24
1.1229 -0.05 0.178 24
1.1081 -0.0495 0.2156 20
1.1155 -0.0503 0.2578 18
1.2545 -0.0567 -0.0219 7
1.1193 -0.0508 0.3002 15
1.1985 -0.0561 0.0209 13
1.1571 -0.0544 0.0607 20
1.1463 -0.0543 0.1004 21
1.1243 -0.0536 0.1382 22
1.1424 -0.0547 0.1812 24
1.1158 -0.0538 0.2171 20
1.1114 -0.0538 0.2569 19
1.2723 -0.0618 -0.0222 6
1.1288 -0.055 0.3028 15
1.2203 -0.0612 0.0213 12
1.155 -0.0581 0.0606 19
1.1561 -0.0586 0.1013 18
1.132 -0.0577 0.1392 21
1.1304 -0.0579 0.1793 22
1.1195 -0.0577 0.2179 18
1.1054 -0.0572 0.2555 18
1.2581 -0.0653 -0.022 4
1.1402 -0.0594 0.3059 14
1.2241 -0.0654 0.0214 12
1.1587 -0.0623 0.0608 19
1.1559 -0.0624 0.1013 18
1.1437 -0.0621 0.1406 21
1.1184 -0.0612 0.1774 22
1.137 -0.0624 0.2213 19
1.1208 -0.0619 0.2591 16
1.1438 -0.0635 0.307 13
1.2178 -0.0694 0.0213 12
1.1665 -0.0669 0.0612 19
1.1398 -0.0655 0.0999 18
1.1455 -0.0662 0.1409 19
1.1379 -0.0662 0.1805 24
1.127 -0.0658 0.2194 18
1.1244 -0.066 0.26 16
1.1397 -0.0673 0.3059 14
1.2216 -0.0739 0.0214 11
1.1802 -0.0718 0.062 17
1.1534 -0.0703 0.1011 18
1.1432 -0.0701 0.1406 22
1.1514 -0.071 0.1827 19
1.1306 -0.0699 0.2202 18
1.1436 -0.0712 0.2645 16
1.1453 -0.0717 0.3075 13
1.2313 -0.0788 0.0215 10
1.1839 -0.0761 0.0622 17
1.1592 -0.0748 0.1016 18
1.141 -0.074 0.1404 21
1.1472 -0.0748 0.1821 21
1.1343 -0.0741 0.221 19
1.1376 -0.0748 0.2632 15
1.1527 -0.0762 0.3095 13
1.237 -0.0835 0.0216 8
1.1777 -0.0799 0.0619 16
1.1748 -0.0799 0.103 18
1.1526 -0.0788 0.1419 19
1.143 -0.0785 0.1815 21
1.1458 -0.0789 0.2232 18
1.1412 -0.079 0.2641 16
1.1582 -0.0806 0.3111 12
1.2586 -0.0893 0.022 7
1.1933 -0.0851 0.0627 15
1.1666 -0.0834 0.1023 16
1.1642 -0.0837 0.1433 18
1.1447 -0.0827 0.1818 19
1.1494 -0.0832 0.224 19
1.1526 -0.0838 0.2668 15
1.1695 -0.0855 0.3142 11
1.2643 -0.0942 0.0221 5
1.203 -0.09 0.0632 13
1.1623 -0.0872 0.102 16
1.1758 -0.0886 0.1448 18
1.1602 -0.0878 0.1843 18
1.1511 -0.0874 0.2244 19
1.16 -0.0884 0.2686 15
1.1692 -0.0896 0.3142 10
1.262 -0.0984 0.0221 5
1.2046 -0.0944 0.0633 13
1.1719 -0.092 0.1028 15
1.1676 -0.0921 0.1438 18
1.1638 -0.0922 0.1849 18
1.1508 -0.0914 0.2244 21
1.1655 -0.093 0.2699 14
1.1766 -0.0943 0.3163 9
1.2083 -0.0989 0.0635 11
1.1835 -0.0971 0.1039 13
1.1672 -0.0962 0.1438 16
1.1733 -0.0971 0.1865 16
1.1641 -0.0965 0.2271 20
1.1633 -0.0969 0.2695 13
1.182 -0.0988 0.3178 9
1.2971 -0.1103 0.0227 1
1.2119 -0.1035 0.0637 9
1.203 -0.1029 0.1056 13
1.1788 -0.1013 0.1453 16
1.1651 -0.1005 0.1852 15
1.1775 -0.1018 0.2297 19
1.1649 -0.1011 0.2699 13
1.1971 -0.1043 0.322 7
1.2195 -0.1082 0.0642 11
1.1967 -0.1066 0.1051 16
1.1883 -0.1063 0.1465 16
1.1766 -0.1054 0.1871 16
1.181 -0.1062 0.2305 15
1.1781 -0.1064 0.2731 11
1.2025 -0.1088 0.3235 6
1.243 -0.1147 0.0654 6
1.2003 -0.1111 0.1055 18
1.2018 -0.1115 0.1482 17
1.188 -0.1106 0.189 16
1.1885 -0.1109 0.232 15
1.1894 -0.1114 0.2758 11
1.2175 -0.1144 0.3277 4
1.2585 -0.1205 0.0663 6
1.2177 -0.1168 0.107 12
1.1955 -0.1151 0.1475 16
1.1876 -0.1148 0.189 15
1.1881 -0.115 0.232 14
1.2045 -0.117 0.2794 9
1.2248 -0.1194 0.3297 3
1.2521 -0.1243 0.0659 5
1.2312 -0.1225 0.1082 10
1.199 -0.1197 0.1479 13
1.2088 -0.1211 0.1924 13
1.2014 -0.1205 0.2347 13
1.208 -0.1216 0.2803 9
1.2517 -0.1287 0.0659 2
1.2407 -0.1278 0.1091 10
1.2223 -0.1263 0.1509 11
1.2044 -0.1249 0.1918 12
1.2088 -0.1256 0.2362 12
1.2095 -0.1261 0.2807 6
1.2382 -0.1319 0.1089 8
1.2258 -0.131 0.1514 11
1.2001 -0.1287 0.1912 12
1.2239 -0.1314 0.2393 9
1.2168 -0.1311 0.2825 4
1.2516 -0.1377 0.1102 6
1.2391 -0.1368 0.1531 9
1.2193 -0.135 0.1943 10
1.2215 -0.1355 0.2389 7
1.2299 -0.1369 0.2857 3
1.265 -0.1437 0.1114 5
1.2406 -0.1413 0.1533 8
1.2266 -0.1402 0.1955 9
1.2327 -0.1411 0.2412 6
1.2449 -0.1429 0.2893 1
1.2823 -0.1502 0.113 1
1.2519 -0.1471 0.1548 5
1.2517 -0.1473 0.1996 7
1.2459 -0.147 0.2439 5
1.2554 -0.1517 0.1553 4
1.2394 -0.15 0.1977 6
1.2571 -0.1526 0.2461 3
1.2545 -0.1563 0.2002 4
1.2936 -0.1614 0.2534 1
1.2755 -0.1634 0.2037 1
