"vld_50_2.txt": 0.00777474
"ord_n45_250_1.txt": 0.00451484
"vld_pov45_150_3.txt": 0.00240457
"vld_n45_150_2.txt": 0.00241659
"ord_pov45_100_2.txt": 0.00293008
"vld_150_3.txt": 0.00302298
"vld_150_1.txt": 0.00464572
"ord_n45_50_3.txt": 0.00764378
"vld_pov45_150_1.txt": 0.00275966
"vld_250_1.txt": 0.00283383
"vld_pov45_50_3.txt": 0.00717188
"ord_n45_50_2.txt": 0.00738674
"vld_pov45_100_2.txt": 0.00448769
"ord_pov45_150_1.txt": 0.0055773
"vld_n45_200_1.txt": 0.00458327
"vld_200_1.txt": 0.00545904
"vld_pov45_50_1.txt": 0.00949948
"ord_200_2.txt": 0.00595334
"ord_n45_150_2.txt": 0.00495587
"ord_pov45_100_3.txt": 0.00573725
"vld_n45_250_1.txt": 0.005844
"ord_n45_100_1.txt": 0.00689584
"ord_n45_200_2.txt": 0.0021758
"vld_pov45_250_1.txt": 0.00300087
"vld_n45_50_2.txt": 0.00671828
"ord_pov45_250_2.txt": 0.00538058
"vld_n45_100_1.txt": 0.0051479
"ord_n45_200_3.txt": 0.00208718
"vld_pov45_250_3.txt": 0.00249422
"ord_n45_250_3.txt": 0.00390739
"vld_n45_50_3.txt": 0.00282109
"vld_pov45_200_2.txt": 0.00267155
"ord_250_1.txt": 0.0040082
"vld_100_3.txt": 0.00536129
"vld_pov45_200_3.txt": 0.00244172
"ord_100_2.txt": 0.00698945
"vld_pov45_150_2.txt": 0.0046134
"vld_pov45_100_1.txt": 0.00510145
"vld_n45_200_2.txt": 0.00452864
"vld_250_2.txt": 0.00323564
"ord_50_2.txt": 0.00355814
"vld_200_3.txt": 0.00673335
"ord_n45_100_2.txt": 0.00760768
"vld_n45_100_2.txt": 0.00296125
"ord_pov45_100_1.txt": 0.00104782
"vld_pov45_50_2.txt": 0.00652563
"vld_n45_250_2.txt": 0.00562661
"vld_n45_100_3.txt": 0.00300706
"ord_pov45_200_1.txt": 0.0033295
"ord_150_1.txt": 0.00847143
"ord_pov45_150_3.txt": 0.0062814
"vld_n45_250_3.txt": 0.00497951
"vld_n45_50_1.txt": 0.00404444
"ord_50_1.txt": 0.00446459
"ord_pov45_50_2.txt": 0.00157141
"vld_n45_150_1.txt": 0.00206093
"ord_150_2.txt": 0.0065294
"ord_pov45_250_1.txt": 0.00341427
"ord_n45_100_3.txt": 0.00587659
"ord_250_3.txt": 0.0040744
"ord_50_3.txt": 0.00451841
"ord_n45_250_2.txt": 0.00508029
"ord_pov45_50_3.txt": 0.0010208
"vld_200_2.txt": 0.00569889
"ord_n45_200_1.txt": 0.00255967
"ord_100_3.txt": 0.00506775
"vld_250_3.txt": 0.00311067
"vld_50_3.txt": 0.0109253
"ord_n45_150_1.txt": 0.00513926
"vld_50_1.txt": 0.0105224
"vld_n45_200_3.txt": 0.00423196
"vld_pov45_200_1.txt": 0.0023798
"ord_pov45_50_1.txt": 0.0015667
"vld_n45_150_3.txt": 0.00470357
"vld_100_2.txt": 0.00733006
"ord_n45_50_1.txt": 0.00842272
"ord_200_3.txt": 0.00572044
"ord_pov45_250_3.txt": 0.00375901
"ord_pov45_200_3.txt": 0.00404678
"ord_100_1.txt": 0.00696943
"ord_150_3.txt": 0.0072198
"ord_n45_150_3.txt": 0.00415745
"vld_pov45_250_2.txt": 0.00191619
"ord_pov45_150_2.txt": 0.00417883
"ord_250_2.txt": 0.00443539
"vld_pov45_100_3.txt": 0.00333302
"ord_pov45_200_2.txt": 0.00440975
"ord_200_1.txt": 0.00530205
"vld_150_2.txt": 0.00389498
"vld_100_1.txt": 0.00291039
