"vld_50_2.txt": 0.00915996
"ord_n45_250_1.txt": 0.00442612
