"vld_50_2.txt": 0.00777474
"ord_n45_250_1.txt": 0.00451484
"vld_pov45_150_3.txt": 0.00240457
