1.45555 0.0059 -0.273361 17
1.45044 0.0265 -0.272401 27
1.4469 0.047 -0.271736 44
1.44907 0.0677 -0.272142 33
1.45388 0.0886 -0.273047 26
1.42154 0.0066 -0.259313 36
1.41643 0.0267 -0.25838 46
1.41485 0.0467 -0.258093 50
1.41702 0.067 -0.258488 49
1.42351 0.1079 -0.259672 45
1.44633 0.1303 -0.263836 41
1.40316 0.0139 -0.242136 50
1.39597 0.0336 -0.240895 100
1.39341 0.0533 -0.240453 100
1.3935 0.073 -0.24047 100
1.39922 0.0932 -0.241456 100
1.41558 0.1144 -0.244279 100
1.42661 0.1356 -0.246183 44
1.46377 0.1601 -0.252594 29
1.455 -0.0402 -0.251081 21
1.37041 0.0041 -0.238445 100
1.36529 0.0234 -0.237554 100
1.36578 0.0428 -0.23764 100
1.36706 0.0622 -0.237863 100
1.36903 0.0818 -0.238205 100
1.37859 0.1019 -0.239868 100
1.39287 0.1427 -0.242354 100
1.4045 0.1641 -0.244377 50
1.44213 0.1892 -0.250925 43
1.4508 -0.0648 -0.252433 17
1.41711 -0.0432 -0.246571 43
1.4047 -0.0229 -0.244411 52
1.36744 0.0092 -0.219863 100
1.36319 0.0285 -0.21918 100
1.36171 0.0477 -0.218942 100
1.36191 0.067 -0.218974 100
1.36477 0.0866 -0.219434 100
1.37129 0.1065 -0.220482 100
1.38244 0.1271 -0.222276 100
1.39242 0.1479 -0.223879 100
1.42253 0.1715 -0.228721 49
1.4641 0.1976 -0.235404 26
1.42747 -0.0807 -0.229515 33
1.39883 -0.0592 -0.224911 100
1.39064 -0.0391 -0.223593 100
1.34345 0.004 -0.20501 100
1.34028 0.0229 -0.204527 100
1.3389 0.0418 -0.204316 100
1.33811 0.0607 -0.204196 100
1.34019 0.0797 -0.204512 100
1.34582 0.0991 -0.205372 100
1.35323 0.1188 -0.206504 100
1.36223 0.139 -0.207876 100
1.37488 0.1599 -0.209807 100
1.38536 0.1809 -0.211406 100
1.41986 0.2058 -0.216671 48
1.43934 -0.0935 -0.219643 18
1.40197 -0.0712 -0.213941 47
1.39001 -0.051 -0.212115 100
1.37577 -0.0311 -0.209943 100
1.34858 0.0005 -0.19072 100
1.34353 0.0194 -0.190006 100
1.34016 0.0382 -0.18953 100
1.33947 0.057 -0.189432 100
1.33957 0.0759 -0.189446 100
1.34036 0.0949 -0.189558 100
1.3468 0.1144 -0.190468 100
1.35492 0.1343 -0.191616 100
1.36472 0.1547 -0.193003 100
1.38116 0.1763 -0.195327 100
1.39235 0.1976 -0.196909 100
1.42759 0.2232 -0.201894 50
1.43066 -0.1221 -0.202329 22
1.39561 -0.0993 -0.197371 100
1.38403 -0.0789 -0.195733 100
1.37106 -0.0589 -0.193899 100
1.36135 -0.0201 -0.192526 100
1.32982 0.0075 -0.17278 100
1.32457 0.0261 -0.172097 100
1.32219 0.0446 -0.171788 100
1.32239 0.0632 -0.171814 100
1.32437 0.082 -0.172071 100
1.32903 0.101 -0.172677 100
1.33339 0.1202 -0.173244 100
1.34053 0.1398 -0.174171 100
1.35223 0.1603 -0.175692 100
1.36661 0.1815 -0.17756 100
1.3797 0.203 -0.179261 100
1.41987 0.2293 -0.184479 100
1.4392 -0.1165 -0.186991 19
1.39815 -0.0934 -0.181657 52
1.38347 -0.073 -0.17975 100
1.37048 -0.053 -0.178062 100
1.36215 -0.0335 -0.17698 100
1.32374 0.0179 -0.164282 100
1.32236 0.0365 -0.164109 100
1.32275 0.055 -0.164159 100
1.32285 0.0736 -0.164171 100
1.32662 0.0925 -0.164639 100
1.33218 0.1117 -0.165329 100
1.33833 0.1312 -0.166092 100
1.34826 0.1512 -0.167324 100
1.36275 0.1722 -0.169122 100
1.37207 0.193 -0.17028 100
1.40264 0.2174 -0.174073 100
1.43966 0.2438 -0.178667 40
1.43995 -0.1317 -0.178704 34
1.40115 -0.1083 -0.173888 100
1.37078 -0.0867 -0.170119 100
1.36195 -0.0669 -0.169023 100
1.34885 -0.0473 -0.167398 100
1.33843 -0.0282 -0.166104 100
1.31871 0.0009 -0.148099 100
1.31464 0.0194 -0.147641 100
1.31225 0.0378 -0.147373 100
1.31155 0.0562 -0.147295 100
1.31066 0.0746 -0.147195 100
1.31146 0.0931 -0.147284 100
1.31503 0.1119 -0.147686 100
1.3202 0.1311 -0.148266 100
1.32815 0.1507 -0.149159 100
1.33978 0.1711 -0.150465 100
1.35498 0.1924 -0.152172 100
1.36293 0.2131 -0.153065 100
1.39414 0.2381 -0.15657 100
1.44452 0.2676 -0.162228 44
1.40656 -0.1257 -0.157965 45
1.37446 -0.1034 -0.15436 100
1.36492 -0.0835 -0.153288 100
1.352 -0.0636 -0.151838 100
1.34087 -0.0443 -0.150588 100
1.33044 -0.0252 -0.149416 100
1.31784 0.0025 -0.137581 100
1.31466 0.021 -0.137249 100
1.31326 0.0394 -0.137104 100
1.31257 0.0578 -0.137031 100
1.31267 0.0762 -0.137041 100
1.31446 0.0949 -0.137228 100
1.31694 0.1136 -0.137488 100
1.32321 0.1329 -0.138142 100
1.33206 0.1527 -0.139066 100
1.3427 0.173 -0.140177 100
1.35981 0.1946 -0.141963 100
1.36876 0.2155 -0.142898 100
1.40099 0.2407 -0.146262 100
1.44147 0.2686 -0.150488 41
1.45131 -0.1511 -0.151516 38
1.41063 -0.1269 -0.147269 52
1.37363 -0.1042 -0.143407 100
1.36001 -0.084 -0.141984 100
1.34817 -0.0643 -0.140748 100
1.33494 -0.045 -0.139367 100
1.3245 -0.026 -0.138277 100
1.29899 0.01 -0.125132 100
1.2967 0.0282 -0.124911 100
1.2952 0.0463 -0.124768 100
1.2954 0.0645 -0.124787 100
1.29839 0.0829 -0.125074 100
1.30307 0.1015 -0.125525 100
1.30745 0.1203 -0.125947 100
1.31452 0.1396 -0.126628 100
1.32437 0.1594 -0.127577 100
1.33681 0.1799 -0.128776 100
1.34109 0.1996 -0.129188 100
1.3618 0.2223 -0.131182 100
1.39484 0.2477 -0.134366 100
1.44013 0.2767 -0.138729 44
1.42431 -0.162 -0.137204 32
1.3828 -0.1377 -0.133206 100
1.36966 -0.1171 -0.13194 100
1.35035 -0.0964 -0.13008 100
1.33761 -0.0767 -0.128852 100
1.32467 -0.0573 -0.127606 100
1.31531 -0.0385 -0.126705 100
1.30874 -0.0199 -0.126072 100
1.29843 0.0146 -0.107804 100
1.29813 0.0327 -0.107779 100
1.29853 0.0509 -0.107812 100
1.30072 0.0693 -0.107994 100
1.30561 0.0879 -0.108399 100
1.3092 0.1065 -0.108697 100
1.31258 0.1253 -0.108978 100
1.31757 0.1444 -0.109392 100
1.32534 0.1641 -0.110038 100
1.34069 0.1851 -0.111312 100
1.36162 0.2074 -0.113049 100
1.37238 0.2288 -0.113943 100
1.41224 0.2558 -0.117253 100
1.46038 -0.1769 -0.121249 22
1.40317 -0.1501 -0.1165 100
1.3654 -0.1268 -0.113364 100
1.35314 -0.1065 -0.112346 100
1.33859 -0.0866 -0.111138 100
1.32773 -0.0672 -0.110236 100
1.32056 -0.0483 -0.10964 100
1.31418 -0.0297 -0.109111 100
1.29188 0.0045 -0.0898837 100
1.28868 0.0225 -0.0896616 100
1.28729 0.0405 -0.0895644 100
1.28759 0.0585 -0.0895852 100
1.28759 0.0766 -0.0895852 100
1.28739 0.0947 -0.0895714 100
1.29098 0.1131 -0.0898212 100
1.29716 0.1319 -0.0902516 100
1.30514 0.1512 -0.0908068 100
1.31183 0.1706 -0.0912719 100
1.32121 0.1906 -0.0919243 100
1.33517 0.2117 -0.092896 100
1.34285 0.2322 -0.0934304 100
1.37089 0.2569 -0.0953808 100
1.41019 0.2847 -0.0981155 100
1.41997 -0.1657 -0.0987957 41
1.38046 -0.1416 -0.0960471 100
1.35143 -0.1196 -0.0940274 100
1.34305 -0.0999 -0.0934443 100
1.32939 -0.0802 -0.0924934 100
1.31941 -0.0611 -0.0917994 100
1.31013 -0.0424 -0.0911539 100
1.30066 -0.0239 -0.0904945 100
1.29075 0.0059 -0.0763002 100
1.28955 0.0239 -0.0762294 100
1.28905 0.0419 -0.0761999 100
1.28935 0.06 -0.0762176 100
1.28935 0.0781 -0.0762176 100
1.29115 0.0963 -0.0763238 100
1.29364 0.1147 -0.0764713 100
1.29993 0.1336 -0.0768431 100
1.30682 0.1529 -0.0772502 100
1.3174 0.1728 -0.0778757 100
1.32868 0.1932 -0.0785426 100
1.34166 0.2143 -0.0793097 100
1.35134 0.2353 -0.0798821 100
1.38428 0.261 -0.0818294 100
1.4313 0.2907 -0.0846088 100
1.4309 -0.175 -0.0845852 38
1.38648 -0.1499 -0.0819593 100
1.35663 -0.1275 -0.0801948 100
1.34835 -0.1077 -0.0797051 100
1.33277 -0.0877 -0.0787845 100
1.32089 -0.0684 -0.0780823 100
1.31281 -0.0496 -0.0776043 100
1.30332 -0.031 -0.0770437 100
1.28784 0.0045 -0.0546026 100
1.28565 0.0224 -0.0545094 100
1.28425 0.0404 -0.0544501 100
1.28455 0.0583 -0.0544628 100
1.28555 0.0764 -0.0545052 100
1.28634 0.0945 -0.0545391 100
1.28794 0.1127 -0.0546068 100
1.29514 0.1316 -0.0549118 100
1.30513 0.151 -0.0553354 100
1.31282 0.1705 -0.0556616 100
1.32121 0.1904 -0.0560174 100
1.3362 0.2117 -0.0566528 100
1.34589 0.2325 -0.0570637 100
1.38076 0.2585 -0.0585421 100
1.41922 0.2862 -0.060173 100
1.46219 -0.2066 -0.0619945 49
1.40444 -0.1785 -0.0595461 100
1.36407 -0.154 -0.0578347 100
1.35119 -0.1335 -0.0572882 100
1.332 -0.1128 -0.0564749 100
1.32051 -0.0933 -0.0559878 100
1.31172 -0.0743 -0.055615 100
1.30163 -0.0555 -0.0551872 100
1.29434 -0.0371 -0.0548779 100
1.29074 -0.0189 -0.0547254 100
1.28987 0.0009 -0.0540153 100
1.28677 0.0188 -0.0538856 100
1.28338 0.0367 -0.0537434 100
1.28268 0.0546 -0.0537141 100
1.28387 0.0726 -0.0537643 100
1.28467 0.0906 -0.0537978 100
1.28527 0.1087 -0.0538229 100
1.28867 0.127 -0.0539651 100
1.29367 0.1458 -0.0541743 100
1.30046 0.1649 -0.0544588 100
1.30995 0.1847 -0.0548563 100
1.32104 0.2051 -0.0553207 100
1.33483 0.2263 -0.0558981 100
1.34532 0.2474 -0.0563374 100
1.37889 0.2736 -0.0577433 100
1.41316 0.3009 -0.0591784 100
1.45992 -0.1862 -0.0611365 38
1.40077 -0.1588 -0.0586595 100
1.3641 -0.1354 -0.057124 100
1.35192 -0.1152 -0.0566136 100
1.33343 -0.095 -0.0558395 100
1.32164 -0.0756 -0.0553458 100
1.31065 -0.0567 -0.0548856 100
1.30126 -0.0381 -0.0544923 100
1.29467 -0.0199 -0.0542162 100
1.28195 0.0099 -0.0518997 100
1.27665 0.0277 -0.0516853 100
1.27416 0.0454 -0.0515841 100
1.27436 0.0633 -0.0515922 100
1.27536 0.0812 -0.0516327 100
1.27905 0.0994 -0.0517823 100
1.28255 0.1177 -0.0519239 100
1.28475 0.136 -0.0520129 100
1.28974 0.1548 -0.0522152 100
1.29734 0.1741 -0.0525226 100
1.30763 0.1941 -0.0529393 100
1.32152 0.2151 -0.0535016 100
1.3371 0.2368 -0.0541326 100
1.3464 0.2579 -0.0545088 100
1.38087 0.2846 -0.0559044 100
1.43333 0.3163 -0.0580281 51
1.45261 -0.1962 -0.0588088 49
1.40765 -0.1702 -0.0569885 100
1.37507 -0.1468 -0.0556698 100
1.3422 -0.1243 -0.0543389 100
1.33181 -0.1046 -0.0539182 100
1.31822 -0.0851 -0.0533681 100
1.30523 -0.0659 -0.0528422 100
1.29504 -0.0473 -0.0524296 100
1.28964 -0.0291 -0.0522111 100
1.28463 0.0018 -0.0307922 100
1.27943 0.0196 -0.0306676 100
1.27513 0.0373 -0.0305646 100
1.27443 0.0551 -0.0305478 100
1.27353 0.0728 -0.0305262 100
1.27543 0.0907 -0.0305718 100
1.28003 0.109 -0.030682 100
1.28333 0.1273 -0.0307611 100
1.28743 0.1458 -0.0308593 100
1.29513 0.165 -0.0310438 100
1.30463 0.1847 -0.0312715 100
1.31572 0.205 -0.0315375 100
1.32162 0.2248 -0.0316789 100
1.34391 0.2479 -0.0322132 100
1.3786 0.2742 -0.0330447 100
1.41079 0.3011 -0.0338163 100
1.42979 -0.1842 -0.0342716 46
1.3845 -0.1588 -0.0331861 100
1.35381 -0.1362 -0.0324505 100
1.34361 -0.1163 -0.032206 100
1.32712 -0.0963 -0.0318106 100
1.31342 -0.0769 -0.0314824 100
1.30233 -0.0581 -0.0312164 100
1.29303 -0.0396 -0.0309935 100
1.28843 -0.0215 -0.0308833 100
1.27077 0.0131 -0.0183179 100
1.26947 0.0308 -0.0182991 100
1.26997 0.0486 -0.0183063 100
1.26917 0.0663 -0.0182948 100
1.27107 0.0842 -0.0183222 100
1.27377 0.1022 -0.0183611 100
1.27817 0.1206 -0.0184245 100
1.28337 0.1391 -0.0184995 100
1.28927 0.158 -0.0185845 100
1.29577 0.1772 -0.0186782 100
1.30806 0.1975 -0.0188555 100
1.32286 0.2187 -0.0190688 100
1.33156 0.2392 -0.0191942 100
1.36146 0.2643 -0.0196252 100
1.39286 0.2906 -0.0200777 100
1.44035 0.3216 -0.0207624 40
1.43135 -0.2113 -0.0206326 37
1.37966 -0.184 -0.0198875 100
1.35026 -0.161 -0.0194637 100
1.34146 -0.1409 -0.0193369 100
1.32536 -0.1206 -0.0191048 100
1.31096 -0.1008 -0.0188973 100
1.29927 -0.0817 -0.0187286 100
1.29037 -0.0631 -0.0186004 100
1.28407 -0.0448 -0.0185096 100
1.27857 -0.0268 -0.0184303 100
1.2729 0.0124 -0.00198947 100
1.2716 0.0302 -0.00198744 100
1.2701 0.0479 -0.00198509 100
1.2693 0.0657 -0.00198384 100
1.2693 0.0835 -0.00198384 100
1.27 0.1014 -0.00198494 100
1.2744 0.1197 -0.00199181 100
1.2815 0.1385 -0.00200291 100
1.2864 0.1572 -0.00201057 100
1.293 0.1764 -0.00202088 100
1.3023 0.1962 -0.00203542 100
1.3152 0.217 -0.00205558 100
1.3308 0.2387 -0.00207996 100
1.3401 0.2598 -0.0020945 100
1.3754 0.2867 -0.00214967 100
1.4084 0.3141 -0.00220125 100
1.4404 -0.1985 -0.00225126 30
1.3855 -0.1713 -0.00216546 100
1.3549 -0.1483 -0.00211763 100
1.3449 -0.1282 -0.002102 100
1.3276 -0.1079 -0.00207496 100
1.315 -0.0883 -0.00205527 100
1.3022 -0.0692 -0.00203526 100
1.293 -0.0506 -0.00202088 100
1.2856 -0.0323 -0.00200932 100
1.26996 0.0071 0.00992458 100
1.26776 0.0248 0.00990739 100
1.26626 0.0425 0.00989567 100
1.26556 0.0603 0.0098902 100
1.26556 0.078 0.0098902 100
1.26636 0.0959 0.00989645 100
1.26786 0.1139 0.00990817 100
1.27206 0.1322 0.00994099 100
1.27806 0.1509 0.00998788 100
1.28376 0.1699 0.0100324 100
1.29316 0.1896 0.0101059 100
1.30416 0.2099 0.0101918 100
1.31586 0.2307 0.0102833 100
1.32526 0.2515 0.0103567 100
1.35306 0.2764 0.010574 100
1.38316 0.3028 0.0108092 100
1.43526 0.3353 0.0112163 50
1.40436 -0.1886 0.0109749 48
1.36216 -0.1635 0.0106451 100
1.34946 -0.1429 0.0105458 100
1.33036 -0.122 0.0103966 100
1.31496 -0.1021 0.0102762 100
1.30236 -0.0828 0.0101778 100
1.29336 -0.0641 0.0101074 100
1.28616 -0.0457 0.0100512 100
1.27866 -0.0275 0.00999257 100
1.26786 0.0102 0.0187164 100
1.26556 0.0278 0.0186825 100
1.26506 0.0455 0.0186751 100
1.26526 0.0632 0.018678 100
1.26526 0.0809 0.018678 100
1.26706 0.0988 0.0187046 100
1.26946 0.1168 0.01874 100
1.27466 0.1352 0.0188168 100
1.28066 0.154 0.0189054 100
1.28626 0.1729 0.018988 100
1.29366 0.1923 0.0190972 100
1.30766 0.213 0.0193039 100
1.32426 0.2348 0.0195489 100
1.33165 0.2553 0.0196581 100
1.36025 0.2805 0.0200803 100
1.40405 0.31 0.0207268 100
1.40955 -0.194 0.020808 47
1.37345 -0.1695 0.0202751 100
1.34485 -0.147 0.019853 100
1.33685 -0.1272 0.0197349 100
1.31956 -0.107 0.0194795 100
1.30496 -0.0875 0.019264 100
1.29506 -0.0687 0.0191179 100
1.28686 -0.0503 0.0189969 100
1.27946 -0.0322 0.0188876 100
1.26373 0.0077 0.0263389 100
1.26143 0.0253 0.026291 100
1.26003 0.0429 0.0262618 100
1.25923 0.0605 0.0262451 100
1.25933 0.0782 0.0262472 100
1.26013 0.0959 0.0262639 100
1.26363 0.1139 0.0263368 100
1.26782 0.1322 0.0264243 100
1.27382 0.1508 0.0265493 100
1.27952 0.1697 0.0266681 100
1.28692 0.189 0.0268223 100
1.29892 0.2093 0.0270724 100
1.31172 0.2302 0.0273391 100
1.32501 0.2517 0.0276162 100
1.33311 0.2726 0.027785 100
1.3644 0.2989 0.0284372 100
1.40969 0.3295 0.0293812 52
1.43419 -0.2111 0.0298917 31
1.3954 -0.1855 0.0290832 100
1.34031 -0.1592 0.0279351 100
1.32251 -0.1384 0.0275641 100
1.30742 -0.1183 0.0272495 100
1.29492 -0.099 0.026989 100
1.28522 -0.0802 0.0267869 100
1.27892 -0.044 0.0266556 100
1.27342 -0.026 0.026541 100
1.26321 0.009 0.04477 100
1.25991 0.0266 0.0446531 100
1.25941 0.0442 0.0446354 100
1.25871 0.0618 0.0446106 100
1.25971 0.0794 0.044646 100
1.26251 0.0973 0.0447452 100
1.267 0.1155 0.0449046 100
1.2712 0.1338 0.0450533 100
1.2771 0.1524 0.0452623 100
1.28279 0.1713 0.0454642 100
1.29219 0.191 0.0457971 100
1.30518 0.2115 0.0462576 100
1.31787 0.2325 0.0467074 100
1.32727 0.2533 0.0470403 100
1.35685 0.2786 0.0480888 100
1.38993 0.3057 0.0492611 100
1.4352 0.3367 0.0508656 43
1.44189 -0.2231 0.0511029 38
1.39842 -0.1965 0.0495622 100
1.36634 -0.1725 0.0484252 100
1.33476 -0.1497 0.047306 100
1.32487 -0.1299 0.0469553 100
1.31158 -0.1101 0.0464843 100
1.29898 -0.0908 0.046038 100
1.28819 -0.072 0.0456555 100
1.2811 -0.0537 0.045404 100
1.2747 -0.0356 0.0451773 100
1.26078 0.0079 0.0554295 100
1.25848 0.0255 0.0553284 100
1.25808 0.043 0.0553109 100
1.25729 0.0605 0.0552757 100
1.25739 0.0781 0.0552801 100
1.25918 0.0958 0.0553592 100
1.26268 0.1138 0.0555129 100
1.26788 0.1321 0.0557413 100
1.27387 0.1507 0.0560048 100
1.28156 0.1698 0.056343 100
1.28895 0.1891 0.0566681 100
1.30004 0.2092 0.0571556 100
1.31373 0.2303 0.0577573 100
1.33201 0.2527 0.0585611 100
1.343 0.2742 0.0590442 100
1.38296 0.3025 0.0608011 100
1.44091 0.3363 0.0633486 50
1.43312 -0.2179 0.063006 30
1.39745 -0.1926 0.061438 100
1.36428 -0.1687 0.0599798 100
1.33371 -0.1461 0.0586358 100
1.32372 -0.1263 0.0581965 100
1.30844 -0.1065 0.0575245 100
1.29485 -0.0872 0.0569272 100
1.28696 -0.0687 0.0565802 100
1.28076 -0.0505 0.0563079 100
1.27237 -0.0324 0.0559389 100
1.25998 0.007 0.0714078 100
1.25778 0.0246 0.0712833 100
1.25628 0.0421 0.0711984 100
1.25658 0.0597 0.0712154 100
1.25758 0.0774 0.071272 100
1.26038 0.0952 0.0714304 100
1.26487 0.1134 0.071685 100
1.27116 0.1318 0.0720415 100
1.27715 0.1505 0.072381 100
1.28384 0.1695 0.0727601 100
1.29422 0.1893 0.0733486 100
1.30511 0.2283 0.0739653 100
1.31948 0.2498 0.0747801 100
1.32667 0.2704 0.0751875 100
1.35493 0.296 0.0767888 100
1.40225 0.3269 0.0794708 100
1.42501 -0.2255 0.0807609 30
1.38847 -0.1999 0.07869 100
1.35253 -0.1755 0.076653 100
1.32907 -0.1536 0.0753233 100
1.32208 -0.1341 0.0749272 100
1.3089 -0.1143 0.0741803 100
1.29442 -0.0949 0.0733599 100
1.28474 -0.0761 0.072811 100
1.27865 -0.0579 0.0724659 100
1.27136 -0.0397 0.0720528 100
1.26377 -0.0218 0.0716228 100
1.25539 0.0162 0.0794619 100
1.25399 0.0338 0.0793734 100
1.25349 0.0513 0.0793418 100
1.25359 0.0689 0.0793482 100
1.25549 0.0866 0.0794682 100
1.26018 0.1046 0.0797651 100
1.26457 0.1228 0.080043 100
1.26966 0.1412 0.0803652 100
1.27645 0.1601 0.0807948 100
1.28403 0.1793 0.0812748 100
1.29521 0.1994 0.0819823 100
1.30798 0.2201 0.0827909 100
1.32345 0.2418 0.0837701 100
1.33273 0.2628 0.0843575 100
1.36896 0.2898 0.0866506 100
1.41058 0.3193 0.0892848 100
1.43852 -0.2322 0.0910536 38
1.39321 -0.205 0.0881857 100
1.35439 -0.18 0.0857283 100
1.34191 -0.1593 0.0849387 100
1.32415 -0.1384 0.0838143 100
1.30908 -0.1184 0.0828604 100
1.29561 -0.0989 0.0820076 100
1.28593 -0.0801 0.0813949 100
1.27894 -0.0617 0.0809527 100
1.27076 -0.0435 0.0804347 100
1.26517 -0.0257 0.0800809 100
1.25534 0.0149 0.0945737 100
1.25305 0.0325 0.0944009 100
1.25145 0.0499 0.0942807 100
1.25265 0.0676 0.0943708 100
1.25454 0.0853 0.0945136 100
1.25823 0.1032 0.0947915 100
1.26262 0.1214 0.0951221 100
1.26671 0.1397 0.0954301 100
1.27259 0.1584 0.0958733 100
1.28117 0.1777 0.0965194 100
1.29333 0.1979 0.0974359 100
1.3062 0.2186 0.098405 100
1.31089 0.2383 0.0987581 100
1.32893 0.2608 0.100118 100
1.36035 0.2868 0.102484 100
1.39904 0.3155 0.105399 100
1.44929 -0.2332 0.109185 43
1.39614 -0.2046 0.105181 100
1.36134 -0.1801 0.102559 100
1.33203 -0.1573 0.100351 100
1.32215 -0.1374 0.099607 100
1.3061 -0.1173 0.0983975 100
1.29264 -0.0979 0.0973833 100
1.28496 -0.0792 0.0968049 100
1.27997 -0.0609 0.0964292 100
1.27269 -0.0428 0.0958808 100
1.26621 -0.0248 0.0953925 100
1.25578 0.0084 0.11459 100
1.2515 0.0259 0.114199 100
1.24901 0.0434 0.113972 100
1.25031 0.061 0.11409 100
1.25429 0.0789 0.114454 100
1.25807 0.0968 0.114799 100
1.26455 0.1152 0.11539 100
1.27072 0.1338 0.115953 100
1.2757 0.1524 0.116408 100
1.28128 0.1714 0.116916 100
1.28865 0.1908 0.117589 100
1.30159 0.2114 0.11877 100
1.31912 0.2333 0.12037 100
1.33635 0.2557 0.121942 100
1.3482 0.2777 0.123023 100
1.38604 0.3058 0.126476 100
1.42169 -0.2238 0.129729 41
1.37728 -0.197 0.125677 100
1.34342 -0.173 0.122587 100
1.33276 -0.1526 0.121615 100
1.31593 -0.132 0.120079 100
1.3008 -0.1121 0.118698 100
1.29034 -0.093 0.117743 100
1.28257 -0.0743 0.117035 100
1.27351 -0.0559 0.116208 100
1.26714 -0.0378 0.115626 100
1.26255 -0.0199 0.115208 100
1.25456 0.0026 0.127233 100
1.25238 0.0202 0.127011 100
1.24999 0.0378 0.126769 100
1.24939 0.0553 0.126708 100
1.25049 0.073 0.126819 100
1.25427 0.0909 0.127202 100
1.25785 0.1089 0.127566 100
1.26213 0.1272 0.128 100
1.26819 0.1458 0.128615 100
1.27586 0.1648 0.129392 100
1.28531 0.1844 0.130351 100
1.29536 0.2045 0.13137 100
1.3062 0.225 0.132469 100
1.32341 0.2472 0.134215 100
1.33455 0.2687 0.135345 100
1.37147 0.2962 0.139088 100
1.41285 0.326 0.143286 100
1.39833 -0.2092 0.141813 49
1.36361 -0.1845 0.138291 100
1.33446 -0.1615 0.135335 100
1.3257 -0.1415 0.134447 100
1.30968 -0.1213 0.132823 100
1.29635 -0.1017 0.13147 100
1.2858 -0.0827 0.130401 100
1.27884 -0.0642 0.129695 100
1.27068 -0.046 0.128867 100
1.26422 -0.028 0.128211 100
1.25734 0.0124 0.146958 100
1.25208 0.0299 0.146343 100
1.24959 0.0474 0.146053 100
1.24979 0.065 0.146076 100
1.25178 0.0828 0.146308 100
1.25446 0.1007 0.146622 100
1.25694 0.1186 0.146912 100
1.26201 0.137 0.147504 100
1.26886 0.1558 0.148305 100
1.27552 0.1748 0.149083 100
1.28376 0.1944 0.150046 100
1.29369 0.2145 0.151207 100
1.30621 0.2355 0.15267 100
1.32429 0.258 0.154783 100
1.33322 0.2792 0.155828 100
1.36898 0.3068 0.160007 100
1.42738 0.341 0.166833 100
1.41715 -0.235 0.165637 23
1.38001 -0.209 0.161295 100
1.34435 -0.1843 0.157128 100
1.33392 -0.1638 0.155909 100
1.31733 -0.143 0.15397 100
1.30333 -0.123 0.152333 100
1.29111 -0.1036 0.150905 100
1.28048 -0.0847 0.149663 100
1.27264 -0.0662 0.148746 100
1.26648 -0.0481 0.148026 100
1.25167 0.0088 0.15313 100
1.24938 0.0264 0.152851 100
1.24988 0.044 0.152911 100
1.25216 0.0617 0.153191 100
1.25415 0.0795 0.153434 100
1.25792 0.0975 0.153895 100
1.26328 0.1158 0.154551 100
1.26953 0.1344 0.155316 100
1.27539 0.1532 0.156032 100
1.28293 0.1725 0.156955 100
1.29326 0.1924 0.158218 100
1.30705 0.2133 0.159906 100
1.32452 0.2353 0.162043 100
1.33475 0.2566 0.163294 100
1.36899 0.2831 0.167484 100
1.41535 0.3135 0.173155 100
1.40919 -0.2289 0.172402 34
1.3817 -0.2046 0.169038 100
1.34408 -0.1797 0.164436 100
1.32184 -0.1579 0.161716 100
1.31599 -0.1384 0.160999 100
1.30199 -0.1185 0.159287 100
1.28959 -0.0991 0.157769 100
1.27996 -0.0802 0.156591 100
1.27301 -0.0618 0.155741 100
1.26586 -0.0436 0.154867 100
1.2603 -0.0257 0.154187 100
1.25794 0.0044 0.159443 100
1.25377 0.0221 0.158915 100
1.25337 0.0397 0.158864 100
1.25466 0.0574 0.159028 100
1.25774 0.0753 0.159418 100
1.26051 0.0933 0.15977 100
1.262 0.1113 0.159958 100
1.26627 0.1296 0.160499 100
1.27421 0.1486 0.161505 100
1.28194 0.1678 0.162486 100
1.28928 0.1872 0.163416 100
1.2993 0.2074 0.164686 100
1.31488 0.2289 0.166661 100
1.32331 0.2496 0.167729 100
1.35278 0.2749 0.171464 100
1.3876 0.3023 0.175878 100
1.41319 -0.2174 0.179122 41
1.37282 -0.1915 0.174004 100
1.34087 -0.1678 0.169955 100
1.33125 -0.1476 0.168735 100
1.31637 -0.1273 0.166849 100
1.30218 -0.1074 0.165051 100
1.28968 -0.0882 0.163467 100
1.28085 -0.0695 0.162348 100
1.2748 -0.0512 0.161581 100
1.26845 -0.033 0.160776 100
1.25584 0.0051 0.175159 100
1.25267 0.0227 0.174717 100
1.25129 0.0403 0.174523 100
1.25258 0.058 0.174703 100
1.25555 0.0759 0.175117 100
1.25832 0.0939 0.175504 100
1.26119 0.1299 0.175905 100
1.26614 0.1484 0.176595 100
1.27278 0.1674 0.177521 100
1.28021 0.1868 0.178557 100
1.29021 0.2068 0.179952 100
1.30378 0.2278 0.181845 100
1.31903 0.2497 0.183972 100
1.32804 0.2708 0.185229 100
1.36291 0.298 0.190091 100
1.39827 0.3264 0.195023 100
1.40985 -0.2242 0.196639 44
1.36182 -0.1969 0.189939 100
1.33488 -0.1739 0.186182 100
1.32735 -0.154 0.185132 100
1.31259 -0.1335 0.183074 100
1.29952 -0.1137 0.181251 100
1.28615 -0.0944 0.179386 100
1.27743 -0.0756 0.17817 100
1.27139 -0.0573 0.177327 100
1.26515 -0.0392 0.176457 100
1.25961 -0.0213 0.175684 100
1.25922 0.0018 0.18679 100
1.25714 0.0195 0.186482 100
1.25477 0.0372 0.18613 100
1.25309 0.0548 0.18588 100
1.25517 0.0727 0.186188 100
1.25803 0.0907 0.186614 100
1.2616 0.1088 0.187142 100
1.26684 0.1273 0.18792 100
1.27079 0.1458 0.188507 100
1.27455 0.1645 0.189064 100
1.28296 0.184 0.190312 100
1.29305 0.2041 0.191808 100
1.30472 0.2249 0.19354 100
1.32095 0.2469 0.195946 100
1.33193 0.2684 0.197575 100
1.36773 0.2958 0.202887 100
1.41561 0.3271 0.209988 100
1.40236 -0.2022 0.208022 42
1.3618 -0.1767 0.202006 100
1.33361 -0.154 0.197824 100
1.32579 -0.1342 0.196665 100
1.31076 -0.114 0.194435 100
1.29641 -0.0944 0.192307 100
1.28573 -0.0754 0.190722 100
1.27871 -0.0569 0.189681 100
1.27149 -0.0386 0.18861 100
1.26397 -0.0205 0.187494 100
1.25721 0.0107 0.1999 100
1.25494 0.0284 0.199539 100
1.25345 0.0461 0.199304 100
1.25365 0.0638 0.199335 100
1.25365 0.0816 0.199335 100
1.25533 0.0995 0.199602 100
1.25879 0.1177 0.200152 100
1.26491 0.1364 0.201125 100
1.26975 0.155 0.201895 100
1.27725 0.1743 0.203088 100
1.28644 0.1941 0.204548 100
1.29829 0.2147 0.206433 100
1.31172 0.236 0.208568 100
1.31903 0.2566 0.20973 100
1.34826 0.2821 0.214379 100
1.37799 0.3086 0.219105 100
1.43083 -0.2169 0.227506 25
1.38085 -0.1894 0.219561 100
1.34313 -0.165 0.213562 100
1.33059 -0.1444 0.211568 100
1.3138 -0.1238 0.208898 100
1.30056 -0.1041 0.206794 100
1.28802 -0.0848 0.2048 100
1.27923 -0.066 0.203402 100
1.27409 -0.0477 0.202586 100
1.26876 -0.0296 0.201738 100
1.25916 0.0018 0.218638 100
1.25601 0.0196 0.21809 100
1.25473 0.0374 0.217868 100
1.25502 0.0552 0.217919 100
1.25709 0.0732 0.218278 100
1.25985 0.0913 0.218757 100
1.26438 0.1096 0.219544 100
1.2696 0.1282 0.220451 100
1.27364 0.1469 0.221152 100
1.27926 0.166 0.222128 100
1.28862 0.1858 0.223753 100
1.30153 0.2065 0.225994 100
1.31601 0.228 0.228509 100
1.32537 0.249 0.230134 100
1.35946 0.2754 0.236053 100
1.39404 0.303 0.242058 100
1.40902 -0.2136 0.244659 34
1.37374 -0.1884 0.238534 100
1.33906 -0.1643 0.232512 100
1.32842 -0.1439 0.230664 100
1.31167 -0.1233 0.227756 100
1.29946 -0.1036 0.225635 100
1.28704 -0.0843 0.223479 100
1.27719 -0.0655 0.221768 100
1.27207 -0.0471 0.220879 100
1.27069 -0.0291 0.220639 100
1.2558 0.0171 0.219852 100
1.25442 0.0349 0.219611 100
1.25383 0.0527 0.219507 100
1.25688 0.0707 0.220042 100
1.26171 0.089 0.220887 100
1.26427 0.1072 0.221335 100
1.26762 0.1256 0.221922 100
1.27264 0.1444 0.222801 100
1.28121 0.1638 0.224301 100
1.29156 0.1837 0.226112 100
1.30151 0.204 0.227854 100
1.3151 0.2253 0.230233 100
1.32446 0.2463 0.231872 100
1.35962 0.2728 0.238028 100
1.39134 0.2998 0.243581 100
1.40296 -0.2121 0.245616 44
1.36277 -0.1863 0.23858 100
1.3349 -0.1632 0.2337 100
1.32623 -0.1431 0.232182 100
1.3085 -0.1224 0.229078 100
1.2953 -0.1027 0.226767 100
1.28476 -0.0835 0.224922 100
1.27796 -0.0649 0.223732 100
1.27383 -0.0466 0.223008 100
1.26841 -0.0283 0.222059 100
1.26241 0.0159 0.233912 100
1.26015 0.0338 0.233493 100
1.26153 0.0517 0.233748 100
1.26359 0.0698 0.23413 100
1.26448 0.0879 0.234294 100
1.26507 0.106 0.234404 100
1.26841 0.1244 0.235023 100
1.27441 0.1433 0.236134 100
1.28306 0.1627 0.237738 100
1.29339 0.1827 0.239651 100
1.30627 0.2035 0.242037 100
1.31787 0.2245 0.244187 100
1.33498 0.2469 0.247357 100
1.34786 0.2691 0.249744 100
1.39024 0.2981 0.257596 100
1.39948 -0.2048 0.259309 43
1.35828 -0.1791 0.251675 100
1.33036 -0.1563 0.246501 100
1.3216 -0.1363 0.244879 100
1.30764 -0.1161 0.242292 100
1.29742 -0.0966 0.240397 100
1.2868 -0.0775 0.23843 100
1.27795 -0.0588 0.23679 100
1.27274 -0.0404 0.235825 100
1.26821 -0.0223 0.234987 100
1.25992 0.0078 0.242286 100
1.25667 0.0257 0.241663 100
1.25825 0.0436 0.241965 100
1.26139 0.0616 0.242569 100
1.26335 0.0797 0.242947 100
1.26316 0.0977 0.242909 100
1.26561 0.116 0.243382 100
1.26974 0.1346 0.244175 100
1.27749 0.1538 0.245667 100
1.288 0.1737 0.247687 100
1.30096 0.1942 0.25018 100
1.31569 0.2156 0.253013 100
1.32424 0.2363 0.254655 100
1.35556 0.2618 0.26068 100
1.38748 0.2884 0.266817 100
1.43128 -0.2264 0.275239 45
1.38276 -0.1987 0.265911 100
1.34928 -0.1744 0.259471 100
1.32325 -0.1519 0.254467 100
1.31638 -0.1322 0.253145 100
1.30342 -0.1123 0.250652 100
1.29104 -0.0928 0.248273 100
1.28142 -0.0738 0.246422 100
1.27347 -0.0552 0.244892 100
1.26924 -0.037 0.24408 100
1.26571 -0.0189 0.2434 100
1.26442 0.0162 0.249991 100
1.26305 0.0341 0.24972 100
1.26344 0.0521 0.249797 100
1.26462 0.0701 0.25003 100
1.26648 0.0883 0.250398 100
1.271 0.1068 0.251291 100
1.27629 0.1255 0.252338 100
1.28316 0.1446 0.253696 100
1.28885 0.1638 0.254821 100
1.29719 0.1836 0.256469 100
1.312 0.2047 0.259398 100
1.31877 0.225 0.260736 100
1.34261 0.2487 0.26545 100
1.38244 0.2764 0.273324 100
1.41785 0.3044 0.280326 52
1.39676 -0.2017 0.276156 50
1.35654 -0.1763 0.268204 100
1.34418 -0.1553 0.26576 100
1.32377 -0.1339 0.261726 100
1.30788 -0.1136 0.258583 100
1.29562 -0.094 0.256159 100
1.28699 -0.075 0.254452 100
1.27904 -0.0563 0.252881 100
1.27276 -0.038 0.25164 100
1.26923 -0.0198 0.250942 100
1.26118 0.0126 0.260977 100
1.26089 0.0306 0.260916 100
1.26236 0.0486 0.26122 100
1.26353 0.0667 0.261463 100
1.26637 0.0849 0.262051 100
1.27097 0.1035 0.263004 100
1.27724 0.1223 0.2643 100
1.28517 0.1416 0.265942 100
1.29242 0.1798 0.267441 100
1.30339 0.2002 0.269711 100
1.31602 0.2214 0.272325 100
1.32542 0.2424 0.27427 100
1.35754 0.2683 0.280917 100
1.38819 0.295 0.287259 100
1.4304 -0.238 0.295993 48
1.37644 -0.2089 0.284828 52
1.34128 -0.1841 0.277553 100
1.33002 -0.1633 0.275223 100
1.31563 -0.1425 0.272244 100
1.3028 -0.1224 0.269589 100
1.29262 -0.1029 0.267482 100
1.28507 -0.0839 0.265922 100
1.27636 -0.0651 0.264118 100
1.27029 -0.0466 0.262862 100
1.26588 -0.0284 0.26195 100
1.26442 0.0018 0.27036 100
1.26324 0.0199 0.27011 100
1.26383 0.0379 0.270235 100
1.26422 0.056 0.270319 100
1.26628 0.0743 0.270758 100
1.27195 0.0928 0.271971 100
1.27928 0.1118 0.273539 100
1.28447 0.1307 0.274647 100
1.29033 0.15 0.275901 100
1.3008 0.1701 0.278139 100
1.3138 0.1909 0.28092 100
1.32945 0.2126 0.284265 100
1.33698 0.2334 0.285875 100
1.37023 0.2594 0.292985 100
1.41736 0.2893 0.303063 52
1.40543 -0.2139 0.300512 33
1.36944 -0.1885 0.292817 100
1.33884 -0.1648 0.286273 100
1.33023 -0.1445 0.284433 100
1.31458 -0.1238 0.281087 100
1.30246 -0.104 0.278494 100
1.29405 -0.0847 0.276696 100
1.28437 -0.0657 0.274626 100
1.27537 -0.0469 0.272702 100
1.26901 -0.0286 0.271343 100
1.26406 0.0174 0.276259 100
1.26367 0.0355 0.276174 100
1.26406 0.0536 0.276259 100
1.26514 0.0718 0.276494 100
1.26895 0.0902 0.277326 100
1.27735 0.1091 0.279163 100
1.28448 0.1283 0.280721 100
1.2923 0.1477 0.282429 100
1.30373 0.168 0.284927 100
1.31672 0.1888 0.287767 100
1.33333 0.2107 0.291397 100
1.34486 0.2322 0.293916 100
1.38286 0.2592 0.302222 100
1.43767 0.2907 0.314199 46
1.39664 -0.2173 0.305232 39
1.3559 -0.1912 0.296329 100
1.34281 -0.1698 0.293468 100
1.32463 -0.1483 0.289496 100
1.30998 -0.1278 0.286294 100
1.29796 -0.1079 0.283668 100
1.29152 -0.0888 0.282259 100
1.28478 -0.0699 0.280785 100
1.27589 -0.0511 0.278842 100
1.26963 -0.0327 0.277476 100
1.26742 0.0175 0.288776 100
1.268 0.0356 0.28891 100
1.27229 0.0539 0.289887 100
1.27922 0.0726 0.291464 100
1.28292 0.0912 0.292308 100
1.28741 0.11 0.29333 100
1.2916 0.129 0.294286 100
1.29852 0.1484 0.295863 100
1.31178 0.169 0.298884 100
1.3268 0.1902 0.302305 100
1.33567 0.211 0.304327 100
1.36726 0.236 0.311525 100
1.41952 0.2659 0.323432 100
1.41962 -0.2229 0.323454 26
1.37623 -0.196 0.313568 100
1.34483 -0.172 0.306415 100
1.32085 -0.1498 0.30095 100
1.315 -0.1301 0.299617 100
1.3031 -0.1102 0.296907 100
1.29374 -0.0908 0.294774 100
1.28799 -0.0719 0.293464 100
1.28204 -0.0532 0.292109 100
1.27483 -0.0347 0.290465 100
1.26825 0.0164 0.29848 100
1.26689 0.0345 0.298159 100
1.2663 0.0527 0.298022 100
1.26844 0.071 0.298526 100
1.27506 0.0897 0.300084 100
1.27954 0.1085 0.301138 100
1.28188 0.1272 0.301687 100
1.28966 0.1467 0.30352 100
1.30008 0.1668 0.305971 100
1.31118 0.1874 0.308583 100
1.3287 0.2093 0.312707 100
1.33921 0.2307 0.315181 100
1.37425 0.257 0.323428 100
1.43753 0.2902 0.338319 48
1.40579 -0.207 0.330851 32
1.36598 -0.1812 0.321481 100
1.33454 -0.1576 0.314081 100
1.3249 -0.1373 0.311813 100
1.30913 -0.1167 0.308102 100
1.29804 -0.097 0.30549 100
1.29044 -0.0778 0.303703 100
1.28558 -0.059 0.302558 100
1.28042 -0.0404 0.301344 100
1.27399 -0.0219 0.299832 100
1.2785 0.0122 0.307227 100
1.27919 0.0305 0.307391 100
1.28064 0.0489 0.307741 100
1.28181 0.0674 0.308022 100
1.28366 0.0859 0.308466 100
1.28628 0.1046 0.309097 100
1.29338 0.1239 0.310802 100
1.3032 0.1437 0.313162 100
1.3137 0.1639 0.315685 100
1.32673 0.1849 0.318816 100
1.33373 0.2054 0.320499 100
1.36057 0.2295 0.326947 100
1.40802 0.2583 0.33835 100
1.41891 -0.2073 0.340966 26
1.38206 -0.1818 0.332111 100
1.34676 -0.1575 0.32363 100
1.33616 -0.1369 0.321083 100
1.32041 -0.1162 0.317298 100
1.30835 -0.0963 0.3144 100
1.29688 -0.0768 0.311643 100
1.28998 -0.0578 0.309984 100
1.28677 -0.0392 0.309213 100
1.28327 -0.0207 0.308372 100
1.27783 0.0074 0.318825 100
1.27656 0.0257 0.318511 100
1.27618 0.044 0.318414 100
1.27734 0.0624 0.318704 100
1.27928 0.081 0.319188 100
1.2819 0.0996 0.319842 100
1.28627 0.1186 0.320931 100
1.29325 0.138 0.322674 100
1.30276 0.1579 0.325047 100
1.31499 0.1786 0.328097 100
1.32973 0.2 0.331777 100
1.33934 0.2212 0.334173 100
1.37252 0.2469 0.342453 100
1.42336 0.2772 0.355138 52
1.39756 -0.1911 0.348698 34
1.35855 -0.1659 0.338967 100
1.34623 -0.1448 0.335892 100
1.32867 -0.1237 0.33151 100
1.31479 -0.1034 0.328049 100
1.30344 -0.0837 0.325216 100
1.29374 -0.0644 0.322795 100
1.28772 -0.0456 0.321295 100
1.28336 -0.027 0.320205 100
1.27802 0.0055 0.322175 100
1.27685 0.0239 0.321882 100
1.27637 0.0422 0.32176 100
1.27666 0.0606 0.321833 100
1.27763 0.0791 0.322078 100
1.28131 0.0978 0.323007 100
1.28471 0.1167 0.323862 100
1.29072 0.1359 0.325378 100
1.30032 0.1559 0.327798 100
1.3106 0.1762 0.330389 100
1.32631 0.1978 0.334349 100
1.33494 0.2187 0.336524 100
1.36529 0.2439 0.344175 100
1.40766 0.2723 0.354857 51
1.39496 -0.1894 0.351655 38
1.36267 -0.1651 0.343515 100
1.33397 -0.1422 0.33628 100
1.32708 -0.1222 0.334544 100
1.31409 -0.102 0.331269 100
1.30274 -0.0823 0.328409 100
1.29305 -0.063 0.325964 100
1.28606 -0.0442 0.324204 100
1.2817 -0.0256 0.323104 100
1.27592 0.0175 0.321884 100
1.27554 0.0358 0.321786 100
1.27689 0.0542 0.322128 100
1.2799 0.0727 0.322887 100
1.28262 0.0914 0.323572 100
1.28708 0.1103 0.324697 100
1.29415 0.1296 0.326482 100
1.30191 0.1493 0.328439 100
1.31229 0.1696 0.331057 100
1.32722 0.1909 0.334824 100
1.33788 0.212 0.337514 100
1.37221 0.2377 0.346174 100
1.40886 0.2649 0.35542 100
1.43746 -0.2151 0.362636 100
1.39209 -0.188 0.351188 48
1.35892 -0.1637 0.342822 100
1.32916 -0.1408 0.335313 100
1.31936 -0.1206 0.332842 100
1.3054 -0.1005 0.32932 100
1.29493 -0.081 0.326678 100
1.28824 -0.062 0.32499 100
1.2831 -0.0433 0.323694 100
1.27874 -0.0248 0.322593 100
1.27637 0.0078 0.324592 100
1.27608 0.0262 0.324518 100
1.27657 0.0446 0.324641 100
1.27686 0.063 0.324715 100
1.2788 0.0816 0.325208 100
1.28335 0.1004 0.326366 100
1.28955 0.1196 0.327944 100
1.29653 0.1391 0.329718 100
1.30322 0.1588 0.331419 100
1.31436 0.1794 0.334253 100
1.33094 0.2012 0.338467 100
1.34247 0.2228 0.3414 100
1.37939 0.2493 0.350791 100
1.43687 0.2811 0.365406 41
1.40178 -0.1991 0.356484 35
1.36776 -0.1742 0.347833 100
1.33627 -0.1507 0.339823 100
1.32754 -0.1304 0.337605 100
1.31184 -0.1098 0.333612 100
1.29963 -0.09 0.330507 100
1.29101 -0.0707 0.328313 100
1.28606 -0.0519 0.327056 100
1.28083 -0.0332 0.325725 100
1.27622 0.0149 0.324789 100
1.27593 0.0333 0.324715 100
1.27632 0.0516 0.324813 100
1.27738 0.07 0.325085 100
1.28019 0.0886 0.3258 100
1.28378 0.1074 0.326712 100
1.28892 0.1265 0.328019 100
1.29764 0.1462 0.330239 100
1.30617 0.1661 0.332409 100
1.3144 0.1863 0.334506 100
1.32322 0.207 0.33675 100
1.34997 0.231 0.343557 100
1.38195 0.2569 0.351696 100
1.44213 0.2896 0.367012 37
1.42653 -0.2035 0.363041 38
1.3868 -0.1776 0.352929 48
1.35249 -0.1536 0.344198 100
1.32642 -0.1314 0.337564 100
1.31838 -0.1115 0.335517 100
1.30529 -0.0915 0.332187 100
1.29483 -0.0721 0.329524 100
1.28785 -0.0532 0.327748 100
1.28262 -0.0346 0.326416 100
1.27654 0.0094 0.323927 100
1.27625 0.0278 0.323853 100
1.27674 0.0462 0.323976 100
1.27693 0.0646 0.324025 100
1.2779 0.0832 0.324271 100
1.28052 0.1019 0.324935 100
1.28575 0.1209 0.326263 100
1.2936 0.1405 0.328255 100
1.3032 0.1605 0.33069 100
1.31338 0.181 0.333273 100
1.32995 0.2028 0.337479 100
1.33955 0.224 0.339914 100
1.3726 0.2499 0.348301 100
1.41389 0.2784 0.358779 48
1.41883 -0.2182 0.360033 23
1.37938 -0.1919 0.350023 100
1.34148 -0.1669 0.340406 100
1.32326 -0.1261 0.335782 100
1.31609 -0.1064 0.333962 100
1.30581 -0.0866 0.331354 100
1.29428 -0.0672 0.328428 100
1.28633 -0.0482 0.326411 100
1.28304 -0.0296 0.325574 100
