1.88254 0.0235 -0.256238 100
1.89384 0.0504 -0.257775 100
1.90384 0.0775 -0.259137 47
1.93426 0.1061 -0.263278 34
1.93387 -0.1135 -0.263224 30
1.90355 -0.0849 -0.259097 47
1.89364 -0.0577 -0.257748 49
1.88631 -0.0309 -0.25675 100
1.88185 0.0252 -0.253148 100
1.90415 0.0524 -0.256148 51
1.91515 0.0797 -0.257628 41
1.9315 -0.1258 -0.259828 29
1.90048 -0.0969 -0.255655 44
1.88869 -0.0696 -0.254068 100
1.88453 -0.0428 -0.253508 100
1.84463 0.0175 -0.229901 100
1.85812 0.0438 -0.231583 100
1.87023 0.0705 -0.233092 100
1.87996 0.0973 -0.234304 100
1.90516 0.1256 -0.237445 46
1.89256 -0.1351 -0.235875 44
1.88333 -0.1078 -0.234725 100
1.86686 -0.0805 -0.232672 100
1.85584 -0.0539 -0.231299 100
1.84949 -0.0277 -0.230507 100
1.84789 0.013 -0.220537 100
1.85444 0.0391 -0.221319 100
1.86566 0.0656 -0.222658 100
1.87738 0.0924 -0.224056 100
1.91163 0.121 -0.228145 50
1.88621 -0.1301 -0.225111 44
1.87589 -0.1029 -0.223879 100
1.86228 -0.0759 -0.222255 100
1.85216 -0.0495 -0.221046 100
1.82218 0.0227 -0.197915 100
1.82964 0.0486 -0.198725 100
1.83769 0.0747 -0.1996 100
1.85131 0.1014 -0.201079 100
1.86165 0.1282 -0.202202 100
1.89535 0.1574 -0.205863 100
1.94277 -0.1955 -0.211013 51
1.89585 -0.1638 -0.205917 45
1.86125 -0.1345 -0.202159 100
1.84903 -0.1075 -0.200831 100
1.83739 -0.0809 -0.199568 100
1.83043 -0.0548 -0.198812 100
1.82308 -0.0289 -0.198013 100
1.81446 0.0191 -0.185289 100
1.82401 0.0448 -0.186264 100
1.83605 0.071 -0.187493 100
1.85276 0.0977 -0.1892 100
1.86421 0.1246 -0.190368 100
1.89763 0.1805 -0.193782 47
1.87813 -0.152 -0.191791 52
1.86619 -0.1247 -0.190571 100
1.8458 -0.0973 -0.188489 100
1.83605 -0.071 -0.187493 100
1.83088 -0.045 -0.186965 100
1.80492 0.0234 -0.157748 100
1.81239 0.0489 -0.158401 100
1.82056 0.0746 -0.159115 100
1.8362 0.101 -0.160482 100
1.84855 0.1277 -0.161562 100
1.8893 0.1571 -0.165123 100
1.93552 0.1883 -0.169163 48
1.93662 -0.2336 -0.169258 47
1.89119 -0.2013 -0.165288 49
1.84716 -0.1705 -0.16144 100
1.83241 -0.1433 -0.160151 100
1.81936 -0.1167 -0.159011 100
1.81179 -0.0908 -0.158349 100
1.8089 -0.0653 -0.158096 100
1.80771 -0.0399 -0.157992 100
1.79282 0.01 -0.136318 100
1.79352 0.0351 -0.136372 100
1.7998 0.0604 -0.136849 100
1.81177 0.0862 -0.137759 100
1.82433 0.1123 -0.138714 100
1.84148 0.1392 -0.140018 100
1.85624 0.1665 -0.14114 100
1.90031 0.1972 -0.144491 100
1.9039 -0.2016 -0.144764 44
1.86083 -0.1708 -0.141489 100
1.84607 -0.1435 -0.140367 100
1.83101 -0.1166 -0.139222 100
1.81955 -0.0904 -0.13835 100
1.81267 -0.0646 -0.137827 100
1.80738 -0.0392 -0.137425 100
1.78527 0.01 -0.115492 100
1.79195 0.0351 -0.115924 100
1.80024 0.0605 -0.11646 100
1.81221 0.0863 -0.117235 100
1.82598 0.1383 -0.118126 100
1.83676 0.165 -0.118823 100
1.86899 0.1943 -0.120908 100
1.92957 0.2279 -0.124827 47
1.90781 -0.2254 -0.123419 37
1.85612 -0.193 -0.120075 100
1.83975 -0.1653 -0.119017 100
1.82199 -0.138 -0.117868 100
1.80882 -0.1115 -0.117015 100
1.79625 -0.0855 -0.116202 100
1.78627 -0.06 -0.115556 100
1.78034 0.0137 -0.112689 100
1.78403 0.0387 -0.112923 100
1.79032 0.0639 -0.113321 100
1.80179 0.1148 -0.114048 100
1.81686 0.1413 -0.115001 100
1.83563 0.1687 -0.116189 100
1.85 0.1961 -0.117099 100
1.89561 0.2278 -0.119986 100
1.91716 -0.2563 -0.12135 31
1.86696 -0.223 -0.118173 100
1.83223 -0.1929 -0.115974 100
1.82285 -0.1662 -0.11538 100
1.80609 -0.1392 -0.114319 100
1.79381 -0.1131 -0.113542 100
1.78732 -0.0876 -0.113132 100
1.78433 -0.0624 -0.112942 100
1.78303 -0.0374 -0.11286 100
1.779 0.0127 -0.0844043 100
1.78259 0.0377 -0.0845749 100
1.78589 0.0629 -0.0847313 100
1.79079 0.0882 -0.0849635 100
1.80037 0.1139 -0.0854184 100
1.81656 0.1405 -0.0861862 100
1.83823 0.1682 -0.0872146 100
1.85361 0.1958 -0.0879444 100
1.90426 0.2281 -0.0903471 100
1.8686 -0.2235 -0.0886553 48
1.85072 -0.1951 -0.087807 100
1.80946 -0.1652 -0.0858497 100
1.79768 -0.1388 -0.0852905 100
1.78839 -0.1129 -0.0848497 100
1.78289 -0.0875 -0.0845891 100
1.7779 -0.0623 -0.0843521 100
1.7756 -0.0373 -0.0842431 100
1.77027 0.0142 -0.0759807 100
1.77796 0.0391 -0.0763109 100
1.78416 0.0643 -0.0765768 100
1.79415 0.0897 -0.0770056 100
1.80664 0.1157 -0.0775416 100
1.82382 0.1424 -0.0782791 100
1.8495 0.1705 -0.0793812 100
1.86878 0.1986 -0.0802088 100
1.92733 0.2322 -0.0827216 50
1.87148 -0.244 -0.0803246 49
1.85479 -0.2155 -0.0796084 100
1.83281 -0.187 -0.0786651 100
1.81333 -0.1595 -0.0778289 100
1.79844 -0.1329 -0.07719 100
1.78915 -0.1071 -0.0767912 100
1.78446 -0.0818 -0.0765896 100
1.77946 -0.0566 -0.0763752 100
1.77507 -0.0316 -0.0761866 100
1.76632 0.0034 -0.0490909 100
1.76812 0.0281 -0.0491409 100
1.77352 0.053 -0.0492909 100
1.78061 0.0782 -0.0494882 100
1.78831 0.1036 -0.0497021 100
1.79961 0.1295 -0.0500161 100
1.8096 0.1557 -0.0502939 100
1.84309 0.1846 -0.0512246 100
1.89097 0.2161 -0.0525553 100
1.93735 0.2489 -0.0538444 43
1.89597 -0.2493 -0.0526942 46
1.84469 -0.2164 -0.051269 100
1.82859 -0.1886 -0.0508217 100
1.8091 -0.1611 -0.05028 100
1.79431 -0.1345 -0.0498688 100
1.78301 -0.1086 -0.0495549 100
1.77342 -0.0831 -0.0492882 100
1.76732 -0.0581 -0.0491187 100
1.76502 -0.0333 -0.0490548 100
1.76137 0.0135 -0.0431377 100
1.76507 0.0382 -0.0432283 100
1.77137 0.0631 -0.0433826 100
1.77827 0.0882 -0.0435515 100
1.78686 0.1137 -0.0437621 100
1.80006 0.1398 -0.0440853 100
1.81586 0.1665 -0.0444721 100
1.82925 0.1936 -0.0448002 100
1.87104 0.2244 -0.0458236 100
1.93012 0.2589 -0.0472706 47
1.85174 -0.2491 -0.0453511 100
1.84115 -0.1955 -0.0450915 100
1.82075 -0.1676 -0.0445921 100
1.80396 -0.1407 -0.0441807 100
1.78876 -0.1144 -0.0438086 100
1.77927 -0.0889 -0.043576 100
1.77137 -0.0637 -0.0433826 100
1.76707 -0.0389 -0.0432773 100
1.75895 0.0126 -0.013135 100
1.76455 0.0373 -0.0131768 100
1.77185 0.0622 -0.0132313 100
1.78185 0.0875 -0.013306 100
1.79335 0.1132 -0.0133919 100
1.80755 0.1395 -0.0134979 100
1.81645 0.1657 -0.0135644 100
1.84875 0.1948 -0.0138056 100
1.89245 0.2262 -0.0141319 100
1.89575 -0.2707 -0.0141565 45
1.84275 -0.2369 -0.0137608 100
1.82605 -0.2089 -0.0136361 100
1.80295 -0.1807 -0.0134636 100
1.78935 -0.1541 -0.013362 100
1.78035 -0.1283 -0.0132948 100
1.77095 -0.1028 -0.0132246 100
1.76225 -0.0776 -0.0131597 100
1.75815 -0.0528 -0.013129 100
1.75775 -0.0282 -0.0131261 100
1.75489 0.0034 -0.0192004 100
1.75769 0.0279 -0.019231 100
1.76209 0.0527 -0.0192791 100
1.77119 0.0777 -0.0193787 100
1.78089 0.1031 -0.0194848 100
1.79329 0.129 -0.0196205 100
1.81119 0.1557 -0.0198163 100
1.82279 0.1824 -0.0199432 100
1.86279 0.2128 -0.0203808 100
1.90719 0.2449 -0.0208666 100
1.89119 -0.2516 -0.0206915 50
1.84389 -0.2191 -0.0201741 100
1.81299 -0.1898 -0.019836 100
1.80449 -0.1634 -0.019743 100
1.78969 -0.1369 -0.0195811 100
1.77739 -0.111 -0.0194465 100
1.76679 -0.0856 -0.0193306 100
1.75989 -0.0606 -0.0192551 100
1.75749 -0.0359 -0.0192288 100
1.75673 0.0233 0.0155592 100
1.76623 0.0481 0.0156433 100
1.77343 0.0731 0.0157071 100
1.78263 0.1234 0.0157886 100
1.79673 0.1497 0.0159135 100
1.81533 0.1768 0.0160782 100
1.83853 0.205 0.0162837 100
1.85333 0.2329 0.0164147 100
1.91253 -0.2938 0.0169391 39
1.85893 -0.259 0.0164643 100
1.81873 -0.2276 0.0161083 100
1.80683 -0.2005 0.0160029 100
1.78653 -0.173 0.0158231 100
1.77583 -0.147 0.0157284 100
1.76673 -0.1214 0.0156478 100
1.76133 -0.0963 0.0155999 100
1.75743 -0.0715 0.0155654 100
1.75533 -0.0469 0.0155468 100
1.75267 0.0171 0.0286132 100
1.76127 0.0418 0.0287536 100
1.76546 0.0666 0.0288221 100
1.77336 0.0917 0.0289511 100
1.78886 0.1176 0.0292041 100
1.80706 0.1441 0.0295012 100
1.81576 0.1704 0.0296432 100
1.84905 0.1995 0.0301868 100
1.89465 0.2313 0.0309311 100
1.86785 -0.2731 0.0304936 49
1.84875 -0.244 0.0301819 100
1.82016 -0.2144 0.029715 100
1.79916 -0.1865 0.0293722 100
1.78466 -0.1599 0.0291355 100
1.77366 -0.134 0.028956 100
1.76446 -0.1085 0.0288058 100
1.75777 -0.0835 0.0286964 100
1.75477 -0.0588 0.0286475 100
1.75447 -0.0343 0.0286426 100
1.75189 0.0236 0.056607 100
1.75938 0.0482 0.0568492 100
1.76658 0.0731 0.0570818 100
1.77837 0.0984 0.0574628 100
1.79176 0.1243 0.0578956 100
1.80776 0.1507 0.0584123 100
1.82835 0.1782 0.0590776 100
1.84564 0.2059 0.0596363 100
1.89811 0.2386 0.0613318 100
1.86803 -0.2809 0.0603597 48
1.85293 -0.2523 0.0598721 100
1.82155 -0.2222 0.058858 100
1.79966 -0.1941 0.0581507 100
1.78327 -0.1672 0.0576211 100
1.77048 -0.1411 0.0572077 100
1.76228 -0.1157 0.0569429 100
1.75578 -0.0907 0.056733 100
1.75089 -0.066 0.0565747 100
1.74759 -0.0415 0.0564681 100
1.74578 0.0143 0.0624803 100
1.75648 0.039 0.062863 100
1.76167 0.0637 0.063049 100
1.77067 0.0888 0.0633709 100
1.78216 0.1144 0.0637822 100
1.79835 0.1407 0.0643616 100
1.81014 0.1671 0.0647837 100
1.84742 0.1966 0.0661177 100
1.89709 0.2287 0.0678953 100
1.96404 0.2647 0.0702917 50
1.92637 -0.3074 0.0689433 100
1.86231 -0.2706 0.0666507 100
1.82323 -0.2389 0.0652522 100
1.81254 -0.2118 0.0648695 100
1.79345 -0.1842 0.0641864 100
1.77986 -0.1577 0.0636999 100
1.76697 -0.1317 0.0632385 100
1.75867 -0.1064 0.0629417 100
1.75598 -0.0816 0.0628451 100
1.75298 -0.057 0.0627378 100
1.74958 -0.0324 0.0626162 100
1.7483 0.0199 0.0954281 100
1.75778 0.0445 0.0959459 100
1.76397 0.0694 0.0962838 100
1.77286 0.0945 0.0967688 100
1.78634 0.1203 0.0975046 100
1.80731 0.1471 0.0986492 100
1.81799 0.1735 0.0992323 100
1.85015 0.2027 0.100987 100
1.89578 0.2346 0.103478 100
1.882 -0.2834 0.102726 100
1.83337 -0.2499 0.100072 100
1.80192 -0.2201 0.0983549 100
1.79293 -0.1936 0.0978643 100
1.78055 -0.1671 0.0971885 100
1.76777 -0.1411 0.0964909 100
1.75659 -0.1155 0.0958805 100
1.75209 -0.0906 0.0956352 100
1.7482 -0.066 0.0954226 100
1.7449 -0.0415 0.0952428 100
1.74322 0.0226 0.11338 100
1.75369 0.0472 0.114061 100
1.76178 0.0721 0.114587 100
1.77156 0.0974 0.115223 100
1.78203 0.123 0.115904 100
1.79501 0.1491 0.116748 100
1.81367 0.1763 0.117962 100
1.82684 0.2034 0.118818 100
1.87045 0.2348 0.121655 100
1.94699 0.2721 0.126633 50
1.88781 -0.2699 0.122784 49
1.84291 -0.2372 0.119863 100
1.80838 -0.2071 0.117618 100
1.8002 -0.1807 0.117086 100
1.78463 -0.1539 0.116073 100
1.76966 -0.1277 0.115099 100
1.75828 -0.1022 0.11436 100
1.7516 -0.0772 0.113925 100
1.74751 -0.0526 0.113659 100
1.74312 -0.028 0.113373 100
1.74264 0.0073 0.136765 100
1.74832 0.0318 0.137211 100
1.7547 0.0566 0.137712 100
1.76368 0.0816 0.138416 100
1.77434 0.107 0.139253 100
1.78661 0.1329 0.140215 100
1.79349 0.1587 0.140755 100
1.81492 0.1863 0.142437 100
1.84184 0.2151 0.14455 100
1.89408 0.2482 0.14865 100
1.89338 -0.2816 0.148595 40
1.83984 -0.2473 0.144393 100
1.82329 -0.2191 0.143094 100
1.80136 -0.1909 0.141373 100
1.78501 -0.1639 0.14009 100
1.77125 -0.1377 0.13901 100
1.76099 -0.1121 0.138204 100
1.75351 -0.087 0.137618 100
1.74852 -0.0622 0.137226 100
1.74324 -0.0376 0.136812 100
1.75031 0.0135 0.152056 100
1.753 0.0381 0.15229 100
1.76127 0.063 0.153008 100
1.77113 0.0883 0.153865 100
1.7797 0.1138 0.154609 100
1.79185 0.1398 0.155665 100
1.81058 0.1669 0.157292 100
1.82393 0.1939 0.158452 100
1.86647 0.225 0.162148 100
1.92146 0.259 0.166925 100
1.8581 -0.2591 0.161421 100
1.81805 -0.2276 0.157942 100
1.80719 -0.2005 0.156998 100
1.78597 -0.1728 0.155155 100
1.77232 -0.1464 0.153969 100
1.76127 -0.1207 0.153008 100
1.7528 -0.0954 0.152273 100
1.74901 -0.0706 0.151944 100
1.74483 -0.0459 0.15158 100
1.75032 0.019 0.173519 100
1.75291 0.0437 0.173775 100
1.76007 0.0686 0.174486 100
1.76883 0.0938 0.175354 100
1.78127 0.1196 0.176587 100
1.79629 0.1459 0.178077 100
1.81291 0.1729 0.179724 100
1.8351 0.2011 0.181924 100
1.85182 0.2293 0.183581 100
1.87919 -0.2655 0.186294 100
1.8353 -0.2331 0.181944 100
1.80276 -0.2033 0.178718 100
1.7955 -0.177 0.177998 100
1.77997 -0.1503 0.176459 100
1.76704 -0.1242 0.175176 100
1.75758 -0.0988 0.174239 100
1.75291 -0.0739 0.173775 100
1.74873 -0.0491 0.173361 100
1.75225 0.0098 0.185087 100
1.75593 0.0345 0.185476 100
1.7622 0.0594 0.186138 100
1.77214 0.0847 0.187188 100
1.78268 0.1103 0.188302 100
1.7969 0.1365 0.189804 100
1.8146 0.1635 0.191674 100
1.82694 0.1905 0.192976 100
1.86761 0.2213 0.197273 100
1.91863 0.2547 0.202661 100
1.84702 -0.2498 0.195098 100
1.8335 -0.2218 0.19367 100
1.80774 -0.193 0.190949 100
1.78746 -0.1655 0.188806 100
1.77473 -0.1392 0.187461 100
1.76757 -0.1137 0.186705 100
1.76001 -0.0884 0.185907 100
1.75414 -0.0634 0.185287 100
1.75086 -0.0387 0.18494 100
1.75313 0.0185 0.212007 100
1.75769 0.0432 0.21256 100
1.76683 0.0683 0.213664 100
1.77368 0.0935 0.214493 100
1.78311 0.1191 0.215633 100
1.7981 0.1455 0.217446 100
1.82054 0.1731 0.220159 100
1.83483 0.2005 0.221888 100
1.87911 0.2321 0.227243 100
1.9357 0.2667 0.234086 45
1.88785 -0.2655 0.228299 50
1.83612 -0.232 0.222044 100
1.80952 -0.2029 0.218827 100
1.80038 -0.1763 0.217722 100
1.7838 -0.1494 0.215717 100
1.7708 -0.1233 0.214144 100
1.75948 -0.0977 0.212776 100
1.75372 -0.0727 0.212079 100
1.75253 -0.048 0.211935 100
1.75738 0.0096 0.234851 100
1.76204 0.0345 0.235474 100
1.76828 0.0595 0.236308 100
1.77423 0.0848 0.237103 100
1.78473 0.1105 0.238507 100
1.80079 0.137 0.240653 100
1.82052 0.1643 0.243289 100
1.84272 0.1925 0.246256 100
1.85759 0.2206 0.248243 100
1.86314 -0.2479 0.248984 100
1.84867 -0.2195 0.247051 100
1.822 -0.1904 0.243487 100
1.80267 -0.1627 0.240904 100
1.78999 -0.1362 0.239209 100
1.7778 -0.1101 0.23758 100
1.7663 -0.0844 0.236043 100
1.75837 -0.0592 0.234983 100
1.7551 -0.0343 0.234546 100
1.75897 0.0059 0.252498 100
1.76659 0.0308 0.253593 100
1.77293 0.056 0.254502 100
1.78094 0.0813 0.255653 100
1.79243 0.1072 0.257301 100
1.80856 0.1338 0.259617 100
1.81836 0.1603 0.261024 100
1.85142 0.1896 0.26577 100
1.90567 0.2223 0.273557 100
1.93497 -0.3021 0.277762 100
1.87815 -0.2662 0.269606 100
1.82866 -0.2329 0.262502 100
1.81302 -0.205 0.260257 100
1.79391 -0.1773 0.257514 100
1.78045 -0.1507 0.255582 100
1.77055 -0.1247 0.254161 100
1.76313 -0.0992 0.253095 100
1.75649 -0.074 0.252143 100
1.75432 -0.0492 0.251831 100
1.76404 0.0146 0.265432 100
1.77067 0.0396 0.266429 100
1.77779 0.0649 0.2675 100
1.79054 0.0906 0.26942 100
1.80498 0.1169 0.271592 100
1.82585 0.1441 0.274732 100
1.83939 0.1712 0.27677 100
1.88112 0.2019 0.283049 100
1.89536 -0.2797 0.285192 46
1.84414 -0.2457 0.277485 100
1.812 -0.2154 0.272649 100
1.80201 -0.1886 0.271146 100
1.78669 -0.1616 0.26884 100
1.77492 -0.1353 0.267069 100
1.76671 -0.1097 0.265834 100
1.76216 -0.0845 0.26515 100
1.7592 -0.0595 0.264703 100
1.75494 -0.0346 0.264063 100
1.76403 0.0162 0.278604 100
1.77055 0.0414 0.279633 100
1.77974 0.0668 0.281084 100
1.79238 0.0927 0.283081 100
1.80572 0.1191 0.285187 100
1.82458 0.1463 0.288166 100
1.84009 0.1738 0.290616 100
1.88859 0.2054 0.298275 100
1.90479 -0.2826 0.300834 33
1.86054 -0.2492 0.293845 100
1.81668 -0.2172 0.286918 100
1.80285 -0.1896 0.284734 100
1.78853 -0.1626 0.282472 100
1.77589 -0.1361 0.280476 100
1.76868 -0.1104 0.279337 100
1.76512 -0.0851 0.278775 100
1.76315 -0.0599 0.278463 100
1.76186 -0.0349 0.27826 100
1.76957 0.0188 0.281998 100
1.78004 0.044 0.283666 100
1.79011 0.0695 0.285272 100
1.80177 0.0955 0.287129 100
1.81707 0.122 0.289568 100
1.83386 0.1492 0.292243 100
1.84936 0.1767 0.294714 100
1.89775 0.2084 0.302425 100
1.93489 -0.2783 0.308343 100
1.87484 -0.2427 0.298774 100
1.83001 -0.2107 0.29163 100
1.81796 -0.1834 0.28971 100
1.79959 -0.1559 0.286782 100
1.78587 -0.1294 0.284595 100
1.7756 -0.1035 0.282958 100
1.767 -0.078 0.281589 100
1.76394 -0.0529 0.281101 100
1.76355 -0.028 0.281038 100
1.76916 0 0.315111 100
1.77093 0.0251 0.315426 100
1.77831 0.0504 0.316742 100
1.78924 0.0762 0.318688 100
1.80174 0.1023 0.320915 100
1.8169 0.129 0.323615 100
1.83551 0.1565 0.32693 100
1.85185 0.1844 0.329841 100
1.90098 0.2165 0.338591 100
1.89852 -0.246 0.338152 40
1.85274 -0.2134 0.329998 100
1.81927 -0.1834 0.324036 100
1.8108 -0.1567 0.322528 100
1.79712 -0.1299 0.320091 100
1.78491 -0.1036 0.317916 100
1.77634 -0.0778 0.316391 100
1.77034 -0.0524 0.315321 100
1.76896 -0.0273 0.315076 100
1.77779 0.0183 0.323023 100
1.78527 0.0437 0.324382 100
1.79235 0.0693 0.325669 100
1.802 0.0953 0.327421 100
1.81823 0.122 0.330371 100
1.83889 0.1496 0.334125 100
1.85237 0.1771 0.336574 100
1.89674 0.2085 0.344637 100
1.87874 -0.2356 0.341365 44
1.83781 -0.204 0.333929 100
1.82472 -0.1764 0.331551 100
1.80642 -0.1489 0.328226 100
1.79353 -0.1222 0.325884 100
1.78517 -0.0963 0.324364 100
1.7775 -0.0706 0.32297 100
1.77041 -0.0452 0.321683 100
1.7798 0.0168 0.344827 100
1.7853 0.0422 0.345893 100
1.79433 0.0679 0.347642 100
1.807 0.0941 0.350096 100
1.82123 0.1208 0.352854 100
1.84087 0.1484 0.356658 100
1.8553 0.1761 0.359454 100
1.89329 -0.2446 0.366815 48
1.84774 -0.2121 0.35799 100
1.8338 -0.1842 0.355289 100
1.81269 -0.1561 0.351199 100
1.79708 -0.1291 0.348175 100
1.78785 -0.1029 0.346387 100
1.78324 -0.0773 0.345493 100
1.77921 -0.0518 0.344713 100
1.77774 -0.0265 0.344428 100
1.79349 0.0179 0.347802 100
1.80095 0.0436 0.349249 100
1.81096 0.0696 0.35119 100
1.82451 0.0962 0.353818 100
1.84355 0.1235 0.357511 100
1.8574 0.151 0.360195 100
1.90206 0.1819 0.368858 100
1.9004 -0.2433 0.368534 29
1.85376 -0.2106 0.359491 100
1.83786 -0.1824 0.356407 100
1.81872 -0.1544 0.352694 100
1.80596 -0.1274 0.35022 100
1.7928 -0.1009 0.347668 100
1.78524 -0.075 0.346203 100
1.78308 -0.0495 0.345784 100
1.78627 0.015 0.373517 100
1.7986 0.0407 0.376096 100
1.80868 0.0667 0.378204 100
1.82229 0.0932 0.381049 100
1.83452 0.12 0.383607 100
1.87074 0.1492 0.391181 100
1.91919 0.1806 0.401312 47
1.89609 -0.2484 0.396482 32
1.85067 -0.2157 0.386985 100
1.83589 -0.1876 0.383894 100
1.81592 -0.1594 0.379719 100
1.8032 -0.1325 0.377058 100
1.79214 -0.106 0.374745 100
1.78558 -0.0802 0.373374 100
1.7846 -0.0547 0.373169 100
1.78617 -0.0293 0.373496 100
1.80718 0.0064 0.37167 100
1.8108 0.0322 0.372415 100
1.81903 0.0583 0.374108 100
1.83176 0.0848 0.376726 100
1.84116 0.1115 0.37866 100
1.86977 0.1399 0.384543 100
1.91933 0.1711 0.394736 100
1.89553 -0.2317 0.389841 34
1.85272 -0.1998 0.381037 100
1.8396 -0.172 0.378338 100
1.82226 -0.1442 0.374772 100
1.81041 -0.1174 0.372335 100
1.80101 -0.0911 0.370401 100
1.79327 -0.0651 0.36881 100
1.79111 -0.0395 0.368366 100
1.8025 0.018 0.393276 100
1.81676 0.0441 0.396388 100
1.83356 0.0707 0.400055 100
1.85779 0.0983 0.405342 100
1.86698 0.1255 0.407345 100
1.91602 -0.2657 0.418046 50
1.86512 -0.2315 0.40694 100
1.83698 -0.2015 0.400801 100
1.82887 -0.1742 0.399032 100
1.81256 -0.1466 0.395472 100
1.80367 -0.1199 0.393532 100
1.79927 -0.0939 0.392573 100
1.79741 -0.0681 0.392168 100
1.79917 -0.0424 0.392551 100
1.82078 0.0221 0.403233 100
1.83982 0.0487 0.407449 100
1.84676 0.0753 0.408985 100
1.86794 0.1029 0.413677 100
1.919 0.1333 0.424985 50
1.88923 -0.2245 0.41839 36
1.84939 -0.193 0.409568 100
1.83728 -0.1653 0.406887 100
1.82078 -0.1376 0.403233 100
1.81083 -0.1108 0.401028 100
1.80536 -0.0846 0.399817 100
1.80438 -0.0587 0.399601 100
1.80301 -0.0329 0.399298 100
1.81824 0.0013 0.423921 100
1.83362 0.0276 0.427509 100
1.8418 0.0541 0.429416 100
1.86527 0.0816 0.434888 100
1.91163 0.1111 0.445696 47
1.91436 -0.2201 0.446332 38
1.86673 -0.1876 0.435229 100
1.85261 -0.1594 0.431936 100
1.82359 -0.1306 0.42517 100
1.81736 -0.104 0.423717 100
1.81181 -0.0776 0.422423 100
1.81171 -0.0516 0.4224 100
1.84408 0.0135 0.427583 100
1.85343 0.0402 0.429752 100
1.86726 0.0673 0.432959 100
1.87983 0.0947 0.435873 100
1.86453 -0.1752 0.432327 100
1.83755 -0.1461 0.42607 100
1.82966 -0.1191 0.42424 100
1.82333 -0.0925 0.422772 100
1.82031 -0.0401 0.422072 100
1.83594 0.0205 0.456724 100
1.86166 0.0475 0.463122 100
1.87728 0.075 0.467008 100
1.92163 0.1044 0.478041 45
1.90533 -0.2042 0.473985 33
1.86826 -0.1731 0.464763 100
1.8569 -0.1452 0.461939 100
1.84419 -0.1175 0.458776 100
1.83585 -0.0905 0.4567 100
1.83206 -0.0639 0.455759 100
1.83177 -0.0376 0.455686 100
1.84039 0.0196 0.471771 100
1.85928 0.0465 0.476613 100
1.88466 0.0743 0.483119 100
1.93959 0.1045 0.497199 34
1.90791 -0.212 0.489079 97
1.86529 -0.1802 0.478153 49
1.85212 -0.152 0.474776 100
1.84233 -0.1246 0.472268 100
1.83323 -0.0974 0.469934 100
1.82858 -0.0708 0.468742 100
1.83129 -0.0445 0.469437 100
1.8422 0.0116 0.469166 100
1.85441 0.0384 0.472275 100
1.87699 0.0659 0.478026 100
1.88755 0.0935 0.480716 100
1.89937 -0.1876 0.483727 44
1.86119 -0.1568 0.474003 100
1.84859 -0.129 0.470795 100
1.83861 -0.1017 0.468253 100
1.83105 -0.0749 0.466328 100
1.82902 -0.0484 0.465809 100
1.83838 0.0166 0.467515 100
1.84963 0.0433 0.470374 100
1.86727 0.0706 0.47486 100
1.88161 0.0983 0.478508 100
1.90467 -0.1856 0.484373 31
1.86639 -0.1548 0.474638 48
1.85379 -0.127 0.471434 100
1.84178 -0.0995 0.468378 100
1.83228 -0.0726 0.465963 100
1.82821 -0.0461 0.464928 100
1.83645 0.0212 0.467022 100
1.86794 0.0484 0.475033 100
1.88645 0.0761 0.47974 52
1.9385 0.1061 0.492975 33
1.90719 -0.2098 0.485014 27
1.8693 -0.1784 0.475378 48
1.85699 -0.1503 0.472248 100
1.84439 -0.1226 0.469043 100
1.83422 -0.0955 0.466456 100
1.8285 -0.0688 0.465001 100
1.82831 -0.0425 0.464952 100
1.83218 0.0092 0.467971 100
1.85708 0.0361 0.474331 100
1.87094 0.0633 0.477869 100
1.90853 0.0921 0.487471 51
1.89429 -0.197 0.483834 42
1.85912 -0.1663 0.47485 100
1.84865 -0.1386 0.472178 100
1.8377 -0.1112 0.469381 100
1.83034 -0.0844 0.4675 100
1.8284 -0.0579 0.467005 100
1.83286 -0.0317 0.468144 100
