1.89051 0.0167 -0.264348 100
1.85044 0.0251 -0.230952 100
1.86185 0.0514 -0.232377 100
1.87485 0.0781 -0.233999 100
1.88547 0.1051 -0.235324 100
1.88746 -0.1222 -0.235572 100
1.87604 -0.095 -0.234148 100
1.86434 -0.0682 -0.232686 100
1.85709 -0.0418 -0.231782 100
1.85109 0.0091 -0.218964 100
1.85378 0.0351 -0.219281 100
1.864 0.0615 -0.220491 100
1.87781 0.0883 -0.222124 100
1.88734 0.1153 -0.223251 100
1.88615 -0.1007 -0.22311 100
1.87056 -0.0735 -0.221266 100
1.86242 -0.0471 -0.220303 100
1.82324 0.0122 -0.198351 100
1.82682 0.0378 -0.19874 100
1.83408 0.0637 -0.19953 100
1.84491 0.0899 -0.200709 100
1.85843 0.1167 -0.202179 100
1.87046 0.1438 -0.203488 100
1.87007 -0.1211 -0.203445 100
1.85167 -0.0938 -0.201444 100
1.84094 -0.0675 -0.200276 100
1.83368 -0.0415 -0.199486 100
1.82194 0.0077 -0.181897 100
1.82761 0.0333 -0.182464 100
1.83786 0.0593 -0.183487 100
1.8498 0.0857 -0.184679 100
1.86732 0.1127 -0.186427 100
1.87946 0.14 -0.187639 100
1.86921 -0.13 -0.186616 100
1.85 -0.1026 -0.184699 100
1.83727 -0.0761 -0.183427 100
1.82821 -0.05 -0.182523 100
1.81041 0.0168 -0.127541 100
1.81301 0.0422 -0.127724 100
1.81919 0.0678 -0.128159 100
1.82707 0.0938 -0.128715 100
1.84453 0.1206 -0.129944 100
1.86947 0.1485 -0.131701 100
1.88613 0.1764 -0.132875 100
1.86907 -0.1653 -0.131673 100
1.84233 -0.1369 -0.12979 100
1.82717 -0.1101 -0.128722 100
1.82059 -0.0842 -0.128258 100
1.8156 -0.0585 -0.127907 100
1.81321 -0.033 -0.127738 100
1.80951 0.0215 -0.1398 100
1.81499 0.0471 -0.140223 100
1.82307 0.0729 -0.140847 100
1.83583 0.0992 -0.141833 100
1.85218 0.1261 -0.143096 100
1.86514 0.1533 -0.144098 100
1.90353 0.1834 -0.147063 100
1.85976 -0.17 -0.143682 100
1.847 -0.1427 -0.142696 100
1.83294 -0.1158 -0.14161 100
1.82137 -0.0895 -0.140716 100
1.8135 -0.0636 -0.140108 100
1.81021 -0.0381 -0.139853 100
1.78617 0.0062 -0.117107 100
1.78886 0.0313 -0.117284 100
1.79525 0.0565 -0.117703 100
1.80522 0.0821 -0.118357 100
1.8149 0.108 -0.118992 100
1.82817 0.1345 -0.119862 100
1.84105 0.1614 -0.120706 100
1.88226 0.1916 -0.123408 100
1.86959 -0.2068 -0.122577 100
1.85641 -0.1791 -0.121713 100
1.83386 -0.1511 -0.120235 100
1.8169 -0.1241 -0.119122 100
1.80642 -0.098 -0.118436 100
1.79764 -0.0723 -0.11786 100
1.79155 -0.047 -0.117461 100
1.78759 0.0184 -0.108786 100
1.79218 0.0435 -0.109065 100
1.79538 0.0687 -0.10926 100
1.80316 0.0942 -0.109733 100
1.81864 0.1205 -0.110675 100
1.8387 0.1477 -0.111896 100
1.85237 0.1748 -0.112728 100
1.89539 0.2056 -0.115346 100
1.85457 -0.1832 -0.112862 100
1.84199 -0.156 -0.112096 100
1.82213 -0.1287 -0.110888 100
1.80676 -0.1023 -0.109952 100
1.79807 -0.0766 -0.109424 100
1.79298 -0.0513 -0.109114 100
1.78949 -0.0262 -0.108901 100
1.78175 0.0075 -0.0894975 100
1.78345 0.0324 -0.0895828 100
1.78785 0.0575 -0.0898035 100
1.79184 0.0827 -0.0900042 100
1.80043 0.1083 -0.0904356 100
1.81971 0.135 -0.0914038 100
1.82859 0.1614 -0.0918503 100
1.86295 0.1907 -0.093576 100
1.92757 0.2245 -0.0968218 100
1.85516 -0.2069 -0.0931847 100
1.83998 -0.1793 -0.0924222 100
1.82041 -0.1517 -0.0914389 100
1.80642 -0.1251 -0.0907366 100
1.79504 -0.0992 -0.0901647 100
1.78725 -0.0737 -0.0897734 100
1.78305 -0.0486 -0.0895627 100
1.78128 0.0037 -0.0783128 100
1.78308 0.0287 -0.0783918 100
1.78448 0.0537 -0.0784533 100
1.78857 0.0789 -0.0786334 100
1.79826 0.1045 -0.0790594 100
1.81355 0.1309 -0.0797314 100
1.82044 0.1571 -0.0800345 100
1.84392 0.1851 -0.0810667 100
1.88987 0.2165 -0.0830871 100
1.85151 -0.1898 -0.0814005 100
1.83902 -0.1625 -0.0808515 100
1.81824 -0.1351 -0.0799379 100
1.80596 -0.1088 -0.0793976 100
1.79437 -0.0829 -0.0788881 100
1.78637 -0.0575 -0.0785368 100
1.78398 -0.0324 -0.0784314 100
1.76706 0.0025 -0.0577116 100
1.76786 0.0271 -0.0577377 100
1.77126 0.0518 -0.0578487 100
1.78035 0.0769 -0.0581458 100
1.78915 0.1023 -0.058433 100
1.79854 0.128 -0.0587399 100
1.81343 0.1545 -0.0592262 100
1.82503 0.1811 -0.0596049 100
1.86111 0.2109 -0.0607833 100
1.91848 0.2445 -0.0626569 100
1.85781 -0.2132 -0.0606756 100
1.84372 -0.1855 -0.0602153 100
1.81823 -0.1574 -0.0593829 100
1.80034 -0.1306 -0.0587986 100
1.78895 -0.1048 -0.0584265 100
1.78125 -0.0795 -0.0581752 100
1.77425 -0.0544 -0.0579467 100
1.76886 -0.0296 -0.0577704 100
1.76832 0.0238 -0.0411571 100
1.77282 0.0486 -0.0412618 100
1.78202 0.0737 -0.0414759 100
1.79381 0.0993 -0.0417504 100
1.80721 0.1253 -0.0420622 100
1.82221 0.1519 -0.0424113 100
1.8418 0.1795 -0.0428673 100
1.855 0.2069 -0.0431745 100
1.8511 -0.2235 -0.0430837 100
1.8361 -0.1957 -0.0427347 100
1.81481 -0.1679 -0.0422391 100
1.79801 -0.1411 -0.0418482 100
1.78582 -0.1151 -0.0415643 100
1.77722 -0.0897 -0.0413642 100
1.77032 -0.0646 -0.0412036 100
1.76812 -0.0398 -0.0411524 100
1.76089 0.0098 -0.019266 100
1.76359 0.0345 -0.0192955 100
1.76789 0.0592 -0.0193426 100
1.77389 0.0842 -0.0194082 100
1.78449 0.1097 -0.0195242 100
1.79879 0.1358 -0.0196806 100
1.81659 0.1627 -0.0198754 100
1.82909 0.1896 -0.0200121 100
1.87099 0.2203 -0.0204705 100
1.93408 0.2552 -0.0211609 100
1.85569 -0.2304 -0.0203032 100
1.83979 -0.2024 -0.0201292 100
1.81659 -0.1742 -0.0198754 100
1.79789 -0.1471 -0.0196708 100
1.78479 -0.121 -0.0195275 100
1.77429 -0.0954 -0.0194126 100
1.76749 -0.0703 -0.0193382 100
1.76329 -0.0455 -0.0192923 100
1.762 0.0061 -0.00244791 100
1.7647 0.0308 -0.00245167 100
1.7711 0.0556 -0.00246056 100
1.7802 0.0808 -0.0024732 100
1.7879 0.1061 -0.0024839 100
1.7992 0.132 -0.0024996 100
1.8181 0.1589 -0.00252585 100
1.8445 0.1872 -0.00256253 100
1.8576 0.2148 -0.00258073 100
1.852 -0.2364 -0.00257295 100
1.8382 -0.2086 -0.00255378 100
1.8131 -0.1802 -0.00251891 100
1.7955 -0.1532 -0.00249446 100
1.7825 -0.127 -0.00247639 100
1.7721 -0.1015 -0.00246195 100
1.7663 -0.0764 -0.00245389 100
1.7642 -0.0517 -0.00245097 100
1.7628 -0.0271 -0.00244903 100
1.75777 0.0172 0.0210636 100
1.76037 0.0418 0.0210948 100
1.76357 0.0665 0.0211331 100
1.76947 0.0914 0.0212038 100
1.78007 0.1169 0.0213308 100
1.79317 0.1429 0.0214878 100
1.80797 0.1695 0.0216651 100
1.81837 0.1961 0.0217898 100
1.85017 0.2257 0.0221708 100
1.90036 0.2587 0.0227723 100
1.86797 -0.2285 0.0223841 100
1.82717 -0.1977 0.0218952 100
1.81487 -0.1708 0.0217478 100
1.79617 -0.1438 0.0215238 100
1.78197 -0.1176 0.0213536 100
1.77247 -0.0922 0.0212398 100
1.76457 -0.0671 0.0211451 100
1.76037 -0.0424 0.0210948 100
1.75671 0.0123 0.0317309 100
1.76131 0.0369 0.0318139 100
1.76561 0.0616 0.0318916 100
1.77261 0.0866 0.032018 100
1.78121 0.112 0.0321733 100
1.79241 0.1378 0.0323756 100
1.8112 0.1647 0.0327151 100
1.8366 0.1929 0.0331738 100
1.8506 0.2205 0.0334267 100
1.90189 0.2536 0.0343531 100
1.8453 -0.231 0.033331 100
1.8295 -0.2031 0.0330456 100
1.80821 -0.1753 0.0326609 100
1.79361 -0.1486 0.0323973 100
1.77951 -0.1225 0.0321426 100
1.76801 -0.0969 0.0319349 100
1.76121 -0.0719 0.0318121 100
1.75911 -0.0473 0.0317742 100
1.7545 0.0006 0.0420548 100
1.7553 0.0252 0.0420739 100
1.75879 0.0498 0.0421578 100
1.76489 0.0747 0.042304 100
1.77469 0.1 0.0425388 100
1.78409 0.1255 0.0427641 100
1.79708 0.1517 0.0430756 100
1.81568 0.1789 0.0435213 100
1.83087 0.2063 0.0438855 100
1.87646 0.238 0.0449782 100
1.87266 -0.2515 0.0448872 100
1.82538 -0.2192 0.0437537 100
1.81138 -0.1919 0.0434182 100
1.79398 -0.1647 0.0430013 100
1.78009 -0.1384 0.0426682 100
1.76989 -0.1127 0.0424238 100
1.76229 -0.0875 0.0422417 100
1.75839 -0.0627 0.0421482 100
1.7551 -0.038 0.0420691 100
1.75293 0.0104 0.0612122 100
1.75463 0.0349 0.0612715 100
1.75793 0.0596 0.0613867 100
1.76193 0.0844 0.0615263 100
1.76952 0.1096 0.0617915 100
1.78081 0.1353 0.0621859 100
1.79271 0.1614 0.0626011 100
1.8121 0.1887 0.0632782 100
1.83908 0.2175 0.0642204 100
1.85367 0.2456 0.06473 100
1.84498 -0.2182 0.0644263 100
1.81409 -0.1889 0.063348 100
1.8056 -0.1626 0.0630513 100
1.78781 -0.1358 0.0624301 100
1.77452 -0.1099 0.061966 100
1.76592 -0.0846 0.0616659 100
1.75993 -0.0597 0.0614565 100
1.75563 -0.035 0.0613064 100
1.74656 0 0.0922916 100
1.74836 0.0244 0.0923866 100
1.75385 0.0489 0.0926768 100
1.75905 0.0737 0.0929512 100
1.76674 0.0987 0.0933575 100
1.77722 0.1242 0.0939116 100
1.78821 0.15 0.094492 100
1.80488 0.1768 0.0953732 100
1.81417 0.2033 0.095864 100
1.84383 0.2327 0.0974312 100
1.89675 0.2663 0.100228 100
1.8624 -0.2367 0.0984127 100
1.82386 -0.206 0.0963758 100
1.81267 -0.1792 0.0957848 100
1.7931 -0.152 0.0947506 100
1.77812 -0.1258 0.0939591 100
1.76674 -0.1002 0.0933575 100
1.75895 -0.0752 0.0929459 100
1.75485 -0.0505 0.0927296 100
1.75036 -0.0259 0.0924921 100
1.74579 0.0098 0.105938 100
1.75447 0.0344 0.106464 100
1.75876 0.0591 0.106725 100
1.76675 0.0842 0.107209 100
1.77633 0.1096 0.107791 100
1.78961 0.1356 0.108597 100
1.80837 0.1625 0.109735 100
1.83073 0.1904 0.111092 100
1.84381 0.2179 0.111886 100
1.88813 0.25 0.114575 100
1.94083 -0.3041 0.117773 100
1.88354 -0.2682 0.114296 100
1.83762 -0.2354 0.11151 100
1.80797 -0.206 0.109711 100
1.79979 -0.1795 0.109214 100
1.78422 -0.1528 0.108269 100
1.77024 -0.1266 0.107421 100
1.76186 -0.1013 0.106913 100
1.75707 -0.0763 0.106622 100
1.75198 -0.0515 0.106313 100
1.74659 -0.0269 0.105986 100
1.74674 0.0189 0.120617 100
1.75332 0.0435 0.121072 100
1.75851 0.0682 0.12143 100
1.76629 0.0933 0.121967 100
1.77677 0.1187 0.12269 100
1.79094 0.1448 0.123669 100
1.80859 0.1717 0.124888 100
1.83184 0.1997 0.126493 100
1.8496 0.2279 0.127719 100
1.90556 0.2618 0.131584 100
1.84341 -0.2372 0.127292 100
1.82974 -0.2095 0.126348 100
1.8066 -0.1813 0.12475 100
1.79014 -0.1545 0.123614 100
1.77717 -0.1284 0.122718 100
1.7658 -0.1028 0.121933 100
1.75811 -0.0777 0.121402 100
1.75203 -0.0529 0.120982 100
1.74764 -0.0284 0.120679 100
1.74471 0.0131 0.136012 100
1.75428 0.0377 0.136758 100
1.75956 0.0625 0.13717 100
1.76744 0.0875 0.137784 100
1.77601 0.1128 0.138453 100
1.78917 0.1388 0.139479 100
1.80891 0.1658 0.141018 100
1.83224 0.1938 0.142836 100
1.84919 0.2218 0.144158 100
1.90123 0.255 0.148215 100
1.88877 -0.2725 0.147243 100
1.83902 -0.2392 0.143365 100
1.80452 -0.2091 0.140676 100
1.79436 -0.1825 0.139883 100
1.7798 -0.1559 0.138748 100
1.76784 -0.13 0.137815 100
1.75956 -0.1047 0.13717 100
1.75288 -0.0797 0.13665 100
1.74879 -0.055 0.136331 100
1.7454 -0.0305 0.136067 100
1.75114 0.016 0.165006 100
1.75373 0.0406 0.16525 100
1.75901 0.0655 0.165747 100
1.76588 0.0906 0.166394 100
1.77633 0.1161 0.167379 100
1.78848 0.1422 0.168524 100
1.8051 0.169 0.170091 100
1.8283 0.1971 0.172276 100
1.84324 0.225 0.173684 100
1.89122 0.2578 0.178205 100
1.84383 -0.228 0.17374 100
1.828 -0.2 0.172248 100
1.8059 -0.172 0.170166 100
1.78927 -0.1451 0.168599 100
1.77713 -0.119 0.167454 100
1.76767 -0.0935 0.166563 100
1.75791 -0.0682 0.165644 100
1.75274 -0.0434 0.165156 100
1.74869 0.0037 0.18072 100
1.75048 0.0283 0.180905 100
1.75485 0.053 0.181357 100
1.76291 0.078 0.18219 100
1.77355 0.1035 0.18329 100
1.78479 0.1293 0.184452 100
1.79872 0.1557 0.185891 100
1.81911 0.1833 0.187998 100
1.83523 0.211 0.189663 100
1.88337 0.2433 0.194639 100
1.93698 -0.2918 0.20018 100
1.87382 -0.2555 0.193652 100
1.82578 -0.2229 0.188687 100
1.81195 -0.1954 0.187258 100
1.79265 -0.1679 0.185264 100
1.78091 -0.1416 0.184051 100
1.77077 -0.1158 0.183002 100
1.76032 -0.0903 0.181923 100
1.75346 -0.0653 0.181213 100
1.74918 -0.0405 0.180771 100
1.7559 0.0163 0.196889 100
1.75848 0.0411 0.197178 100
1.76275 0.0659 0.197657 100
1.76961 0.0911 0.198426 100
1.78104 0.1168 0.199708 100
1.79505 0.143 0.201279 100
1.80876 0.1697 0.202817 100
1.8191 0.1964 0.203976 100
1.85269 0.2264 0.207742 100
1.89661 0.2589 0.212667 100
1.86044 -0.2284 0.208611 100
1.82198 -0.1977 0.204299 100
1.80966 -0.1707 0.202917 100
1.77716 -0.1425 0.199273 100
1.76812 -0.1168 0.198259 100
1.76067 -0.0668 0.197423 100
1.7555 -0.0419 0.196844 100
1.75283 0.0145 0.214443 100
1.76047 0.0393 0.215378 100
1.76663 0.0643 0.216131 100
1.77457 0.0896 0.217102 100
1.78598 0.1154 0.218499 100
1.80306 0.142 0.220587 100
1.82559 0.1697 0.223344 100
1.83889 0.197 0.224971 100
1.88326 0.2286 0.230399 100
1.84445 -0.243 0.225651 100
1.82787 -0.2147 0.223623 100
1.80703 -0.1866 0.221073 100
1.79164 -0.1595 0.219191 100
1.77884 -0.1332 0.217624 100
1.76762 -0.1074 0.216252 100
1.75899 -0.082 0.215196 100
1.75501 -0.0571 0.21471 100
1.75363 -0.0324 0.21454 100
1.75685 0.0192 0.230435 100
1.76439 0.0441 0.231423 100
1.77053 0.0691 0.232229 100
1.77827 0.0945 0.233244 100
1.79066 0.1204 0.234869 100
1.80464 0.1469 0.236703 100
1.82418 0.1743 0.239265 100
1.83736 0.2016 0.240995 100
1.88258 0.2334 0.246925 100
1.85918 -0.2368 0.243856 100
1.84549 -0.2087 0.242061 100
1.8216 -0.1801 0.238927 100
1.7982 -0.1523 0.235858 100
1.78134 -0.1257 0.233647 100
1.77401 -0.1002 0.232684 100
1.76825 -0.0749 0.23193 100
1.76022 -0.0498 0.230877 100
1.75576 -0.025 0.230292 100
1.758 0.0111 0.237731 100
1.76157 0.036 0.238214 100
1.76791 0.061 0.239071 100
1.77376 0.0863 0.239862 100
1.78426 0.112 0.241283 100
1.79833 0.1383 0.243186 100
1.81508 0.1653 0.24545 100
1.82836 0.1926 0.247246 100
1.87077 0.2237 0.252982 100
1.91665 0.2566 0.259186 100
1.84838 -0.2273 0.249953 100
1.83262 -0.1992 0.247822 100
1.80953 -0.171 0.2447 100
1.79298 -0.1439 0.242462 100
1.7799 -0.1177 0.240693 100
1.7685 -0.0919 0.239152 100
1.76167 -0.0667 0.238227 100
1.75849 -0.0418 0.237798 100
1.76612 0.0037 0.25196 100
1.7683 0.0536 0.25227 100
1.77334 0.0788 0.252991 100
1.78295 0.1044 0.254361 100
1.79512 0.1305 0.256098 100
1.80898 0.1572 0.258075 100
1.82928 0.185 0.26097 100
1.84324 0.2127 0.262962 100
1.88729 0.2447 0.269247 100
1.84314 -0.2384 0.262948 100
1.82661 -0.2101 0.260589 100
1.80473 -0.1818 0.257468 100
1.79027 -0.1549 0.255406 100
1.78037 -0.1288 0.253993 100
1.77206 -0.1032 0.252807 100
1.76839 -0.0779 0.252284 100
1.76632 -0.0529 0.251988 100
1.76592 -0.028 0.251931 100
1.76297 0.0202 0.259013 100
1.76941 0.0453 0.259958 100
1.77554 0.0705 0.260859 100
1.78524 0.0961 0.262284 100
1.79958 0.1224 0.264391 100
1.81739 0.1494 0.267008 100
1.826 0.176 0.268272 100
1.85687 0.2055 0.272808 100
1.91277 0.239 0.28102 100
1.9563 -0.2866 0.287416 100
1.87962 -0.2484 0.276151 100
1.83381 -0.216 0.269421 100
1.81887 -0.1883 0.267226 100
1.80156 -0.1609 0.264682 100
1.7888 -0.1343 0.262807 100
1.77762 -0.1083 0.261164 100
1.7701 -0.0828 0.26006 100
1.76614 -0.0576 0.259478 100
1.76476 -0.0327 0.259275 100
1.7672 0.0037 0.284769 100
1.76898 0.0288 0.285055 100
1.77234 0.0539 0.285596 100
1.78132 0.0793 0.287044 100
1.79287 0.1053 0.288905 100
1.80502 0.1316 0.290862 100
1.82367 0.1589 0.293869 100
1.84875 0.1874 0.297909 100
1.86168 0.2153 0.299993 100
1.85556 -0.2173 0.299007 100
1.82298 -0.1874 0.293757 100
1.8136 -0.1606 0.292246 100
1.79889 -0.1337 0.289875 100
1.78675 -0.1074 0.287919 100
1.77619 -0.0816 0.286216 100
1.77026 -0.0563 0.285262 100
1.76691 -0.0312 0.284721 100
1.76853 0.0016 0.28908 100
1.77129 0.0267 0.289532 100
1.77573 0.0519 0.290258 100
1.78462 0.0774 0.29171 100
1.79527 0.1034 0.293452 100
1.80939 0.1299 0.295759 100
1.83001 0.1575 0.29913 100
1.85715 0.1863 0.303566 100
1.87502 0.215 0.306486 100
1.854 -0.2252 0.30305 100
1.83524 -0.1966 0.299985 100
1.81422 -0.1684 0.296549 100
1.79764 -0.1412 0.293839 100
1.7857 -0.1149 0.291887 100
1.77524 -0.089 0.290177 100
1.7704 -0.0636 0.289387 100
1.76912 -0.0385 0.289177 100
1.77544 0.0126 0.31973 100
1.78784 0.038 0.321964 100
1.79306 0.0636 0.322903 100
1.8028 0.0895 0.324658 100
1.81914 0.1162 0.3276 100
1.83105 0.143 0.329744 100
1.87209 0.1729 0.337135 100
1.92238 0.2051 0.346192 100
1.84738 -0.2116 0.332686 100
1.82563 -0.183 0.328769 100
1.81028 -0.1556 0.326005 100
1.7966 -0.1288 0.323541 100
1.78636 -0.1026 0.321698 100
1.77879 -0.0769 0.320333 100
1.77278 -0.0515 0.319252 100
1.77131 -0.0264 0.318986 100
1.77751 0.0016 0.336063 100
1.78223 0.0269 0.336955 100
1.78753 0.0525 0.337958 100
1.79746 0.0784 0.339834 100
1.80994 0.1047 0.342194 100
1.82399 0.1316 0.34485 100
1.83676 0.1588 0.347265 100
1.87832 0.1893 0.355124 100
1.8629 -0.2236 0.352207 100
1.82369 -0.1927 0.344795 100
1.81151 -0.1654 0.342491 100
1.79598 -0.1382 0.339556 100
1.78694 -0.112 0.337847 100
1.78046 -0.0862 0.336621 100
1.77456 -0.0606 0.335506 100
1.77034 -0.0353 0.334707 100
1.78703 0.0054 0.355252 100
1.79851 0.031 0.357533 100
1.80969 0.057 0.359756 100
1.82146 0.0833 0.362096 100
1.8398 0.1104 0.365742 100
1.85176 0.1376 0.36812 100
1.8907 0.1676 0.375861 100
1.94631 -0.2794 0.386916 100
1.83333 -0.2102 0.364455 100
1.82136 -0.1826 0.362076 100
1.80714 -0.1553 0.359249 100
1.79635 -0.1286 0.357104 100
1.78811 -0.1025 0.355466 100
1.78546 -0.0769 0.35494 100
1.78536 -0.0515 0.35492 100
1.78585 -0.026 0.355018 100
1.78955 0.0083 0.352845 100
1.80593 0.0341 0.356076 100
1.81506 0.0601 0.357875 100
1.82781 0.0866 0.36039 100
1.84724 0.1404 0.36422 100
1.86077 0.1681 0.366889 100
1.90512 0.1995 0.375633 100
1.84282 -0.1916 0.363349 100
1.83252 -0.1642 0.361318 100
1.81407 -0.1365 0.357681 100
1.7922 -0.1093 0.353368 100
1.78866 -0.0835 0.352671 100
1.7867 -0.0579 0.352284 100
1.78631 -0.0324 0.352207 100
1.7982 0.0231 0.379926 100
1.81131 0.0492 0.382696 100
1.82521 0.0756 0.385631 100
1.84252 0.1027 0.38929 100
1.85652 0.1301 0.392246 100
1.89751 0.1603 0.400908 100
1.85338 -0.202 0.391585 100
1.84037 -0.174 0.388835 100
1.82599 -0.1464 0.385797 100
1.81415 -0.1194 0.383295 100
1.80681 -0.093 0.381745 100
1.80104 -0.0669 0.380525 100
1.79683 -0.0411 0.379636 100
1.79936 0.0093 0.389321 100
1.81373 0.0353 0.392429 100
1.82282 0.0616 0.394396 100
1.83836 0.0884 0.397758 100
1.86045 0.1162 0.402538 100
1.87814 0.1442 0.406365 100
1.86759 -0.1972 0.404081 100
1.83611 -0.1674 0.397272 100
1.82644 -0.1403 0.395178 100
1.81354 -0.1132 0.392387 100
1.80621 -0.0869 0.390801 100
1.79936 -0.0608 0.389321 100
1.79418 -0.0349 0.3882 100
1.8153 0.0143 0.413941 100
1.82476 0.0405 0.416098 100
1.83763 0.0671 0.419032 100
1.84436 0.0938 0.420566 100
1.86425 0.1215 0.425102 100
1.85079 -0.182 0.422034 100
1.84046 -0.1544 0.419677 100
1.82486 -0.1269 0.41612 100
1.81472 -0.1001 0.413808 100
1.81101 -0.0739 0.412963 100
1.80799 -0.0479 0.412274 100
1.82915 0.0052 0.421111 100
1.84348 0.0317 0.424409 100
1.86043 0.0586 0.428313 100
1.87505 0.086 0.431678 100
1.84942 -0.1873 0.425778 100
1.83821 -0.1596 0.423198 100
1.82555 -0.1322 0.420281 100
1.81648 -0.1055 0.418194 100
1.81093 -0.0791 0.416916 100
1.80888 -0.0531 0.416445 100
1.81044 -0.0272 0.416803 100
1.8319 0.0086 0.44425 100
1.84133 0.035 0.446536 100
1.85425 0.0619 0.449671 100
1.86193 0.0889 0.451532 100
1.89167 0.1175 0.458744 100
1.8595 -0.147 0.450943 100
1.85056 -0.1196 0.448775 100
1.83647 -0.0923 0.445358 100
1.82986 -0.0657 0.443755 100
1.82763 -0.0393 0.443213 100
1.83515 0.0053 0.456188 100
1.84553 0.0319 0.45877 100
1.8566 0.0588 0.46152 100
1.87018 0.0862 0.464897 100
1.85048 -0.1534 0.46 100
1.84272 -0.1261 0.45807 100
1.83166 -0.0989 0.45532 100
1.82603 -0.0723 0.453921 100
1.82583 -0.046 0.453873 100
1.83055 0.0132 0.458085 100
1.8389 0.0397 0.460173 100
1.85461 0.0667 0.464105 100
1.86907 0.0942 0.467723 100
1.86402 -0.1585 0.46646 100
1.85141 -0.1307 0.463304 100
1.83948 -0.1033 0.460318 100
1.83007 -0.0764 0.457964 100
1.82502 -0.0499 0.456701 100
1.82806 0.0053 0.459822 100
1.83552 0.0318 0.4617 100
1.84658 0.0586 0.464481 100
1.86016 0.0859 0.467896 100
1.87432 0.1136 0.471458 100
1.85511 -0.1393 0.466628 100
1.84619 -0.1119 0.464384 100
1.83397 -0.0847 0.46131 100
1.82621 -0.0579 0.459359 100
1.82389 -0.0316 0.458773 100
1.8278 0.0125 0.456722 100
1.84779 0.0392 0.461716 100
1.85681 0.0662 0.46397 100
1.88766 0.0945 0.471679 100
1.85739 -0.1696 0.464116 100
1.84594 -0.1418 0.461255 100
1.83314 -0.1143 0.458055 100
1.82683 -0.0875 0.45648 100
1.82392 -0.0611 0.455752 100
1.8246 -0.0348 0.455922 100
1.82739 0.021 0.457967 100
1.84921 0.0479 0.463437 100
1.86192 0.0751 0.466621 100
1.87434 0.1026 0.469733 100
1.8527 -0.1379 0.464312 100
1.84184 -0.1105 0.461589 100
1.8335 -0.0835 0.459499 100
1.82564 -0.0569 0.45753 100
1.82438 -0.0305 0.457214 100
