1.90141 0.0027 -0.180937 100
1.91017 0.0295 -0.18177 100
1.90579 -0.0461 -0.181353 100
1.90434 0.012 -0.170959 100
1.91888 0.039 -0.172265 100
1.90852 -0.0561 -0.171335 100
1.90315 -0.0293 -0.170852 100
1.86469 0.0056 -0.153526 100
1.86738 0.0317 -0.153748 100
1.87276 0.0581 -0.154191 100
1.88572 0.085 -0.155257 100
1.90027 0.1124 -0.156455 100
1.88442 -0.0912 -0.155151 100
1.87256 -0.0643 -0.154174 100
1.86529 -0.0379 -0.153575 100
1.8661 0.0196 -0.14724 100
1.87158 0.0459 -0.147672 100
1.88075 0.0725 -0.148396 100
1.90149 0.1 -0.150032 100
1.89511 -0.106 -0.149529 100
1.88056 -0.0788 -0.14838 100
1.87148 -0.0521 -0.147665 100
1.8347 0.0051 -0.125689 100
1.8354 0.0308 -0.125737 100
1.83979 0.0566 -0.126038 100
1.84787 0.0827 -0.126591 100
1.86044 0.1094 -0.127453 100
1.89246 0.1645 -0.129646 100
1.8766 -0.1367 -0.12856 100
1.86643 -0.1097 -0.127863 100
1.85376 -0.083 -0.126995 100
1.84378 -0.0567 -0.126311 100
1.8364 -0.0308 -0.125805 100
1.8373 0.0055 -0.116642 100
1.84199 0.0313 -0.11694 100
1.84738 0.0573 -0.117282 100
1.85836 0.0838 -0.117979 100
1.87393 0.1108 -0.118967 100
1.8892 0.1384 -0.119937 100
1.8893 -0.15 -0.119943 100
1.86724 -0.1219 -0.118543 100
1.85487 -0.095 -0.117757 100
1.84698 -0.0686 -0.117257 100
1.84279 -0.0426 -0.116991 100
1.81891 0.0245 -0.102615 100
1.8224 0.0501 -0.102812 100
1.83149 0.076 -0.103325 100
1.84527 0.1024 -0.104102 100
1.85355 0.129 -0.10457 100
1.87751 0.1571 -0.105921 100
1.93173 0.1889 -0.10898 100
1.87811 -0.1727 -0.105955 100
1.85345 -0.1443 -0.104564 100
1.83838 -0.1172 -0.103713 100
1.82779 -0.0909 -0.103116 100
1.8209 -0.065 -0.102728 100
1.81671 -0.0394 -0.102491 100
1.81768 0.0064 -0.0917759 100
1.82038 0.0318 -0.091912 100
1.82677 0.0574 -0.0922347 100
1.83876 0.0835 -0.0928399 100
1.85234 0.1101 -0.0935257 100
1.86462 0.137 -0.0941459 100
1.90228 0.1665 -0.096047 100
1.8812 -0.1885 -0.094983 100
1.86672 -0.1608 -0.0942518 100
1.84785 -0.1332 -0.0932987 100
1.83556 -0.1065 -0.0926785 100
1.82488 -0.0803 -0.0921389 100
1.81888 -0.0546 -0.0918364 100
1.81748 -0.0292 -0.0917658 100
1.79549 0.0072 -0.0736872 100
1.79619 0.0322 -0.0737159 100
1.80158 0.0574 -0.0739373 100
1.81058 0.083 -0.0743064 100
1.82127 0.1089 -0.0747451 100
1.83346 0.1352 -0.0752454 100
1.84135 0.1616 -0.0755693 100
1.87172 0.1906 -0.0768159 100
1.92348 0.223 -0.07894 100
1.87942 -0.1943 -0.0771317 100
1.84615 -0.165 -0.0757662 100
1.83825 -0.1385 -0.0754422 100
1.82307 -0.1119 -0.0748189 100
1.81048 -0.0858 -0.0743023 100
1.80048 -0.0602 -0.0738922 100
1.79619 -0.0351 -0.0737159 100
1.79571 0.0223 -0.0653186 100
1.80421 0.0476 -0.0656275 100
1.8143 0.0732 -0.0659947 100
1.82709 0.0992 -0.06646 100
1.84248 0.1259 -0.0670198 100
1.86447 0.1535 -0.0678195 100
1.88405 0.1816 -0.068532 100
1.86187 -0.2021 -0.067725 100
1.84958 -0.1747 -0.0672779 100
1.82989 -0.1471 -0.0665618 100
1.8168 -0.1206 -0.0660856 100
1.8083 -0.0947 -0.0657766 100
1.79951 -0.0691 -0.0654567 100
1.79631 -0.0439 -0.0653404 100
1.78693 0.0137 -0.0589008 100
1.79163 0.0388 -0.0590556 100
1.79792 0.0641 -0.0592632 100
1.80682 0.0897 -0.0595564 100
1.82031 0.1159 -0.0600011 100
1.8385 0.1429 -0.0606007 100
1.85119 0.1699 -0.0610191 100
1.89537 0.2007 -0.0624752 100
1.87638 -0.218 -0.0618493 100
1.8375 -0.1875 -0.0605678 100
1.82601 -0.1605 -0.0601889 100
1.81112 -0.1338 -0.059698 100
1.79882 -0.1076 -0.0592928 100
1.79113 -0.082 -0.0590391 100
1.78813 -0.0569 -0.0589403 100
1.78573 -0.0318 -0.0588612 100
1.78624 0.0203 -0.048721 100
1.79173 0.0454 -0.048871 100
1.79593 0.0706 -0.0489855 100
1.80473 0.0962 -0.0492254 100
1.82022 0.1225 -0.049648 100
1.83622 0.1494 -0.0500843 100
1.84591 0.1762 -0.0503488 100
1.8781 0.2057 -0.0512267 100
1.8759 -0.2161 -0.0511667 100
1.84192 -0.1862 -0.0502397 100
1.83342 -0.1595 -0.0500079 100
1.81852 -0.1326 -0.0496017 100
1.80723 -0.1065 -0.0492936 100
1.79653 -0.0807 -0.0490018 100
1.78943 -0.0553 -0.0488082 100
1.78704 -0.0303 -0.0487428 100
1.78278 0.0184 -0.0210673 100
1.78438 0.0433 -0.0210862 100
1.78558 0.0682 -0.0211004 100
1.79247 0.0935 -0.0211819 100
1.80497 0.1195 -0.0213296 100
1.81607 0.1457 -0.0214608 100
1.82777 0.1723 -0.021599 100
1.84507 0.1999 -0.0218034 100
1.89367 0.2319 -0.0223777 100
1.86577 -0.2038 -0.022048 100
1.83857 -0.1749 -0.0217266 100
1.81787 -0.1474 -0.021482 100
1.80287 -0.1209 -0.0213048 100
1.79337 -0.0952 -0.0211925 100
1.78748 -0.0699 -0.0211228 100
1.78128 -0.0448 -0.0210496 100
1.77782 0.0155 -0.0169683 100
1.78542 0.0405 -0.0170408 100
1.78972 0.0656 -0.0170819 100
1.79862 0.0911 -0.0171668 100
1.81112 0.1171 -0.0172861 100
1.82632 0.1437 -0.0174312 100
1.83902 0.1706 -0.0175524 100
1.88021 0.2009 -0.0179456 100
1.93181 0.2337 -0.0184381 100
1.87931 -0.25 -0.017937 100
1.86382 -0.2215 -0.0177891 100
1.83692 -0.1924 -0.0175324 100
1.81552 -0.1646 -0.0173281 100
1.80062 -0.1379 -0.0171859 100
1.79242 -0.1121 -0.0171076 100
1.78682 -0.0868 -0.0170542 100
1.78182 -0.0616 -0.0170065 100
1.77752 -0.0366 -0.0169654 100
1.76888 0.0201 -0.00803933 100
1.77338 0.0448 -0.00805979 100
1.78058 0.0699 -0.00809251 100
1.78748 0.0951 -0.00812387 100
1.79588 0.1207 -0.00816204 100
1.80898 0.1469 -0.00822158 100
1.82468 0.1738 -0.00829294 100
1.84098 0.2013 -0.00836702 100
1.88868 0.2332 -0.0085838 100
1.88608 -0.2379 -0.00857199 100
1.83948 -0.206 -0.0083602 100
1.82528 -0.1787 -0.00829566 100
1.80668 -0.1515 -0.00821113 100
1.79258 -0.1252 -0.00814705 100
1.78218 -0.0995 -0.00809978 100
1.77438 -0.0743 -0.00806433 100
1.77028 -0.0494 -0.0080457 100
1.767 0.0062 0.00321229 100
1.7687 0.0308 0.00321538 100
1.7731 0.0557 0.00322338 100
1.7812 0.0808 0.0032381 100
1.7879 0.1061 0.00325028 100
1.7972 0.1318 0.00326719 100
1.8151 0.1586 0.00329973 100
1.8386 0.1865 0.00334245 100
1.8507 0.2139 0.00336445 100
1.8941 0.2457 0.00344335 100
1.8545 -0.2159 0.00337136 100
1.8414 -0.1884 0.00334754 100
1.8189 -0.1605 0.00330664 100
1.801 -0.1337 0.0032741 100
1.7888 -0.1077 0.00325192 100
1.7801 -0.0823 0.0032361 100
1.7731 -0.0572 0.00322338 100
1.7687 -0.0324 0.00321538 100
1.76688 0.0185 0.00803025 100
1.77268 0.068 0.00805661 100
1.77958 0.0932 0.00808796 100
1.78708 0.1186 0.00812205 100
1.79818 0.1445 0.0081725 100
1.81488 0.1714 0.0082484 100
1.82628 0.1982 0.00830021 100
1.86398 0.2287 0.00847155 100
1.92008 0.2628 0.00872651 100
1.86768 -0.2549 0.00848836 100
1.83138 -0.224 0.00832339 100
1.82038 -0.1969 0.00827339 100
1.80598 -0.1699 0.00820795 100
1.79228 -0.1434 0.00814568 100
1.78208 -0.1176 0.00809933 100
1.77258 -0.0922 0.00805615 100
1.76668 -0.0672 0.00802934 100
1.76448 -0.0425 0.00801934 100
1.7658 0.0173 0.0186595 100
1.7714 0.042 0.0187186 100
1.7806 0.0671 0.0188159 100
1.7885 0.0924 0.0188993 100
1.798 0.1181 0.0189997 100
1.8161 0.1448 0.019191 100
1.8398 0.1725 0.0194414 100
1.8531 0.1999 0.0195819 100
1.90079 0.2319 0.020086 100
1.8652 -0.2501 0.0197098 100
1.8318 -0.2196 0.0193569 100
1.8207 -0.1926 0.0192396 100
1.8053 -0.1655 0.0190769 100
1.7905 -0.139 0.0189205 100
1.7793 -0.1131 0.0188021 100
1.7717 -0.0879 0.0187218 100
1.7668 -0.0629 0.01867 100
1.7655 -0.0382 0.0186563 100
1.75779 0.0012 0.0269646 100
1.76159 0.0258 0.0270229 100
1.76709 0.0505 0.0271072 100
1.77319 0.0755 0.0272008 100
1.78199 0.1008 0.0273358 100
1.79429 0.1266 0.0275244 100
1.80829 0.153 0.0277392 100
1.82689 0.1802 0.0280245 100
1.84408 0.2079 0.0282883 100
1.89558 0.2405 0.0290782 100
1.85738 -0.2476 0.0284923 100
1.84178 -0.2194 0.028253 100
1.81979 -0.1911 0.0279156 100
1.80339 -0.164 0.027664 100
1.78949 -0.1376 0.0274508 100
1.77929 -0.1118 0.0272944 100
1.77069 -0.0865 0.0271625 100
1.76569 -0.0616 0.0270858 100
1.76339 -0.0369 0.0270505 100
1.75942 0.0012 0.044989 100
1.76222 0.0258 0.0450606 100
1.76672 0.0506 0.0451756 100
1.77082 0.0755 0.0452804 100
1.77762 0.1006 0.0454542 100
1.78792 0.1263 0.0457175 100
1.80001 0.1524 0.0460268 100
1.81861 0.1796 0.0465023 100
1.8308 0.2067 0.0468141 100
1.87139 0.2378 0.0478519 100
1.91927 0.2711 0.0490763 100
1.85599 -0.2622 0.0474583 100
1.8446 -0.2344 0.0471669 100
1.8218 -0.2057 0.0465841 100
1.80361 -0.1781 0.0461188 100
1.78902 -0.1515 0.0457456 100
1.77802 -0.1256 0.0454644 100
1.76962 -0.1002 0.0452497 100
1.76382 -0.0752 0.0451015 100
1.76072 -0.0504 0.0450222 100
1.76087 0.0025 0.0630496 100
1.76467 0.0271 0.0631855 100
1.77107 0.052 0.0634146 100
1.77916 0.0771 0.0637044 100
1.78596 0.1024 0.0639477 100
1.79725 0.1283 0.0643521 100
1.81923 0.1554 0.0651393 100
1.83083 0.1822 0.0655544 100
1.8718 0.2127 0.0670215 100
1.91917 0.2453 0.0687176 100
1.8704 -0.263 0.0669714 100
1.83223 -0.2316 0.0656045 100
1.82043 -0.2043 0.0651822 100
1.80324 -0.1769 0.0645668 100
1.78855 -0.1503 0.0640408 100
1.77756 -0.1244 0.0636471 100
1.76907 -0.099 0.063343 100
1.76237 -0.0739 0.0631032 100
1.75817 -0.0491 0.062953 100
1.75751 0.0209 0.0699283 100
1.764 0.0456 0.0701867 100
1.7712 0.0705 0.070473 100
1.77999 0.0958 0.0708228 100
1.79048 0.1215 0.0712403 100
1.80557 0.1479 0.0718406 100
1.81426 0.1741 0.0721865 100
1.84644 0.2033 0.0734667 100
1.891 0.2349 0.0752398 100
1.85144 -0.2445 0.0736655 100
1.83785 -0.2166 0.0731248 100
1.81287 -0.188 0.0721309 100
1.79438 -0.1608 0.0713954 100
1.78349 -0.1348 0.070962 100
1.7742 -0.1092 0.0705923 100
1.7656 -0.0839 0.0702504 100
1.76061 -0.059 0.0700516 100
1.75831 -0.0344 0.0699601 100
1.75965 0.0246 0.0870417 100
1.76914 0.0495 0.087511 100
1.77723 0.0746 0.0879112 100
1.78402 0.0999 0.0882472 100
1.7964 0.1259 0.0888598 100
1.81438 0.1527 0.0897491 100
1.83496 0.1803 0.0907668 100
1.86202 0.2093 0.0921057 100
1.8797 0.238 0.0929802 100
1.86412 -0.2493 0.0922095 100
1.82577 -0.2182 0.0903123 100
1.81478 -0.1912 0.0897689 100
1.7964 -0.1639 0.0888598 100
1.78452 -0.1376 0.0882719 100
1.77533 -0.1119 0.0878174 100
1.76774 -0.0866 0.0874419 100
1.76175 -0.0617 0.0871455 100
1.75945 -0.0369 0.0870318 100
1.75945 0.0148 0.0928445 100
1.76415 0.0395 0.0930922 100
1.77134 0.0644 0.0934716 100
1.77922 0.0896 0.0938879 100
1.78681 0.115 0.0942884 100
1.796 0.1408 0.0947732 100
1.81278 0.1677 0.0956585 100
1.83704 0.1958 0.096939 100
1.85102 0.2235 0.0976767 100
1.90115 0.2566 0.100322 100
1.85073 -0.2258 0.0976609 100
1.83684 -0.1981 0.0969285 100
1.81258 -0.1699 0.095648 100
1.7938 -0.1429 0.0946573 100
1.78072 -0.1168 0.093967 100
1.77313 -0.0915 0.0935665 100
1.76734 -0.0664 0.0932608 100
1.76205 -0.0416 0.0929816 100
1.76571 0.0228 0.106257 100
1.77219 0.0477 0.106647 100
1.78128 0.0728 0.107194 100
1.79306 0.0984 0.107902 100
1.80743 0.1246 0.108767 100
1.8225 0.1512 0.109675 100
1.83408 0.178 0.110371 100
1.87112 0.208 0.1126 100
1.92053 0.2407 0.115573 100
1.86922 -0.2561 0.112486 100
1.83099 -0.2249 0.110185 100
1.81901 -0.1977 0.109464 100
1.80274 -0.1705 0.108485 100
1.78797 -0.1439 0.107596 100
1.77788 -0.1181 0.106989 100
1.7714 -0.0929 0.106599 100
1.7675 -0.0679 0.106365 100
1.76431 -0.0432 0.106172 100
1.76398 0.0173 0.117623 100
1.76957 0.0421 0.117996 100
1.77675 0.0672 0.118475 100
1.78464 0.0925 0.119 100
1.79711 0.1184 0.119832 100
1.81317 0.1449 0.120903 100
1.83283 0.1724 0.122214 100
1.8462 0.1997 0.123105 100
1.89369 0.2317 0.126272 100
1.85628 -0.2416 0.123777 100
1.83862 -0.2132 0.1226 100
1.81657 -0.185 0.121129 100
1.7991 -0.1578 0.119965 100
1.78524 -0.1314 0.11904 100
1.77695 -0.1058 0.118488 100
1.77027 -0.0806 0.118042 100
1.76518 -0.0556 0.117703 100
1.76179 -0.0308 0.117477 100
1.76975 0 0.136401 100
1.77553 0.0248 0.136847 100
1.78102 0.0498 0.137269 100
1.7861 0.075 0.137661 100
1.79587 0.1006 0.138414 100
1.81123 0.1269 0.139598 100
1.83017 0.1539 0.141058 100
1.8536 0.182 0.142864 100
1.86975 0.2101 0.144108 100
1.91711 0.2426 0.147759 100
1.86457 -0.2522 0.143709 100
1.84902 -0.2238 0.14251 100
1.82419 -0.195 0.140597 100
1.80794 -0.1677 0.139344 100
1.79318 -0.1411 0.138207 100
1.78501 -0.1153 0.137577 100
1.77942 -0.09 0.137146 100
1.77254 -0.0648 0.136616 100
1.76736 -0.0399 0.136216 100
1.76924 0.022 0.14162 100
1.7807 0.047 0.142538 100
1.78678 0.0721 0.143025 100
1.79566 0.0976 0.143735 100
1.81001 0.1238 0.144884 100
1.82696 0.1506 0.14624 100
1.85048 0.1786 0.148123 100
1.86763 0.2066 0.149496 100
1.92106 0.2397 0.153772 100
1.87211 -0.2525 0.149855 100
1.83284 -0.2212 0.146711 100
1.82088 -0.194 0.145754 100
1.80552 -0.1669 0.144525 100
1.79277 -0.1405 0.143503 100
1.78359 -0.1148 0.142769 100
1.77612 -0.0894 0.142171 100
1.76914 -0.0643 0.141612 100
1.76695 -0.0395 0.141437 100
1.78019 0.015 0.154717 100
1.78487 0.04 0.155124 100
1.79304 0.0654 0.155834 100
1.8039 0.0911 0.156778 100
1.81835 0.1174 0.158034 100
1.83737 0.1445 0.159687 100
1.86198 0.1727 0.161826 100
1.87822 0.2008 0.163237 100
1.93062 0.2338 0.167792 100
1.86776 -0.2472 0.162328 100
1.85321 -0.2189 0.161064 100
1.8303 -0.1902 0.159073 100
1.81386 -0.1628 0.157644 100
1.8031 -0.1364 0.156709 100
1.79085 -0.1103 0.155644 100
1.78228 -0.0847 0.154899 100
1.78029 -0.0596 0.154726 100
1.77999 -0.0346 0.1547 100
1.77917 0.0075 0.167061 100
1.78087 0.0325 0.16722 100
1.78525 0.0576 0.167631 100
1.79222 0.083 0.168286 100
1.80277 0.1089 0.169277 100
1.81601 0.1353 0.17052 100
1.83672 0.1628 0.172465 100
1.86201 0.1914 0.174839 100
1.87406 0.2192 0.17597 100
1.85962 -0.2228 0.174615 100
1.84469 -0.1948 0.173213 100
1.82437 -0.1668 0.171305 100
1.80765 -0.1398 0.169735 100
1.79451 -0.1134 0.168501 100
1.78803 -0.0879 0.167893 100
1.78306 -0.0626 0.167426 100
1.78077 -0.0375 0.167211 100
1.7832 0.0241 0.185239 100
1.79166 0.0494 0.186117 100
1.80081 0.0749 0.187068 100
1.81145 0.1008 0.188174 100
1.82279 0.1271 0.189351 100
1.8407 0.1544 0.191211 100
1.85422 0.1817 0.192616 100
1.89799 0.2129 0.197163 100
1.86347 -0.2167 0.193577 100
1.83463 -0.1873 0.190581 100
1.82717 -0.1606 0.189806 100
1.81135 -0.1337 0.188163 100
1.80011 -0.1075 0.186996 100
1.79146 -0.0818 0.186097 100
1.78549 -0.0564 0.185477 100
1.7841 -0.0313 0.185332 100
1.7849 0.0075 0.190132 100
1.78858 0.0326 0.190523 100
1.79594 0.058 0.191307 100
1.80588 0.0837 0.192367 100
1.81841 0.1099 0.193701 100
1.83651 0.1368 0.195629 100
1.86117 0.165 0.198256 100
1.87857 0.1931 0.200109 100
1.93396 0.2263 0.206009 100
1.88533 -0.239 0.20083 100
1.84397 -0.2076 0.196423 100
1.83084 -0.1801 0.195025 100
1.81334 -0.1527 0.193161 100
1.8034 -0.1264 0.192102 100
1.79703 -0.1007 0.191424 100
1.78828 -0.075 0.190492 100
1.78321 -0.0498 0.189951 100
1.80288 0.0101 0.200545 100
1.80457 0.0355 0.200733 100
1.80884 0.061 0.201208 100
1.81769 0.0869 0.202192 100
1.83021 0.1133 0.203585 100
1.84532 0.1403 0.205266 100
1.86599 0.1682 0.207565 100
1.87832 0.196 0.208936 100
1.8649 -0.1999 0.207443 100
1.8487 -0.1719 0.205641 100
1.83399 -0.1446 0.204005 100
1.82494 -0.1181 0.202999 100
1.81252 -0.0917 0.201617 100
1.80467 -0.0659 0.200744 100
1.80238 -0.0405 0.20049 100
1.80239 0.0114 0.213563 100
1.80398 0.0368 0.213751 100
1.81024 0.0623 0.214492 100
1.82414 0.0885 0.216139 100
1.83953 0.1152 0.217963 100
1.8586 0.1426 0.220222 100
1.87022 0.1699 0.221599 100
1.90924 0.2005 0.226223 100
1.86237 -0.2089 0.22067 100
1.84728 -0.1809 0.218881 100
1.8298 -0.1533 0.21681 100
1.81689 -0.1266 0.21528 100
1.80756 -0.1004 0.214174 100
1.80289 -0.0748 0.213621 100
1.79971 -0.0493 0.213245 100
1.80787 0.0051 0.22651 100
1.81054 0.0305 0.226846 100
1.81888 0.0562 0.22789 100
1.82989 0.0823 0.22927 100
1.84339 0.1089 0.230961 100
1.86155 0.1362 0.233236 100
1.87524 0.1638 0.234952 100
1.9182 0.1947 0.240335 100
1.87484 -0.1993 0.234902 100
1.85966 -0.1713 0.233 100
1.83912 -0.1434 0.230427 100
1.82702 -0.1166 0.22891 100
1.81957 -0.0905 0.227977 100
1.81273 -0.0647 0.22712 100
1.80846 -0.0391 0.226585 100
1.80727 0.0038 0.231234 100
1.81302 0.0294 0.23197 100
1.82135 0.0551 0.233036 100
1.83127 0.0813 0.234305 100
1.84288 0.1078 0.23579 100
1.85607 0.1348 0.237478 100
1.8896 0.164 0.241768 100
1.93542 0.1955 0.247631 100
1.87244 -0.2064 0.239572 100
1.85934 -0.1785 0.237897 100
1.83891 -0.1505 0.235283 100
1.82601 -0.1236 0.233633 100
1.81362 -0.0971 0.232046 100
1.80687 -0.0713 0.231183 100
1.80568 -0.0458 0.231031 100
1.82459 0.0116 0.24526 100
1.83311 0.0374 0.246405 100
1.84431 0.0635 0.247911 100
1.85512 0.09 0.249363 100
1.86859 0.117 0.251175 100
1.88455 0.1445 0.25332 100
1.88296 -0.1858 0.253107 100
1.85868 -0.1571 0.249843 100
1.84193 -0.1296 0.247591 100
1.83262 -0.1031 0.246339 100
1.82895 -0.0772 0.245846 100
1.82687 -0.0514 0.245566 100
1.82887 0.0103 0.250914 100
1.83442 0.0362 0.251675 100
1.83977 0.0622 0.252409 100
1.84957 0.0886 0.253755 100
1.8679 0.1159 0.256269 100
1.88098 0.1433 0.258064 100
1.92219 0.1737 0.263718 100
1.87048 -0.185 0.256623 100
1.85899 -0.1574 0.255046 100
1.84323 -0.13 0.252885 100
1.83491 -0.1035 0.251743 100
1.82926 -0.0773 0.250968 100
1.82619 -0.0515 0.250547 100
1.83267 0.0239 0.25844 100
1.84604 0.0501 0.260325 100
1.85802 0.0767 0.262015 100
1.87366 0.1038 0.264221 100
1.88683 0.1312 0.266078 100
1.92723 0.1614 0.271775 100
1.88782 -0.1909 0.266218 100
1.87148 -0.1627 0.263914 100
1.85574 -0.135 0.261693 100
1.84465 -0.108 0.260129 100
1.83702 -0.0816 0.259054 100
1.83405 -0.0556 0.258635 100
1.83366 -0.0297 0.258579 100
1.83535 0.023 0.261584 100
1.85466 0.0493 0.264335 100
1.86862 0.0761 0.266325 100
1.87921 0.103 0.267835 100
1.91416 0.132 0.272815 100
1.89069 -0.2075 0.269471 100
1.87654 -0.1793 0.267454 100
1.85713 -0.1511 0.264688 100
1.84426 -0.1239 0.262854 100
1.83585 -0.0974 0.261654 100
1.83209 -0.0713 0.261118 100
1.83189 -0.0455 0.26109 100
1.8573 0.0075 0.278075 100
1.86689 0.0339 0.279511 100
1.88598 0.0609 0.282369 100
1.90378 0.0884 0.285034 100
1.91515 0.116 0.286737 100
1.88667 -0.1548 0.282473 100
1.87085 -0.127 0.280104 100
1.86056 -0.0999 0.278564 100
1.85591 -0.0734 0.277868 100
1.85275 -0.0471 0.277394 100
1.8536 0.0196 0.281829 100
1.86991 0.0462 0.284309 100
1.88494 0.0733 0.286594 100
1.89759 0.1006 0.288518 100
1.89136 -0.1621 0.287571 100
1.87772 -0.1342 0.285497 100
1.86556 -0.1069 0.283648 100
1.85597 -0.08 0.28219 100
1.85291 -0.0537 0.281724 100
1.85251 -0.0275 0.281663 100
1.88946 0.0053 0.305538 100
1.90298 0.0323 0.307725 100
1.91325 0.0595 0.309385 100
1.89489 -0.1318 0.306416 100
1.88462 -0.1044 0.304756 100
1.87998 -0.0775 0.304006 100
1.87791 -0.0508 0.30367 100
1.88738 0.0007 0.312028 100
1.89705 0.0275 0.313627 100
1.91619 0.0549 0.316791 100
1.91244 -0.1601 0.316171 100
1.89577 -0.1317 0.313415 100
1.88462 -0.1041 0.311571 100
1.87988 -0.0772 0.310789 100
1.87781 -0.0505 0.310446 100
1.88313 0.024 0.311985 100
1.89941 0.0511 0.314682 100
1.90937 0.0784 0.316333 100
1.9072 -0.1366 0.315973 100
1.89014 -0.1085 0.313145 100
1.88264 -0.0813 0.311903 100
1.88057 -0.0546 0.31156 100
1.87918 -0.0279 0.311331 100
1.88009 0.016 0.312579 100
1.9014 0.0431 0.316122 100
1.91442 0.0705 0.318287 100
1.90081 -0.1402 0.316023 100
1.88779 -0.1124 0.313858 100
1.88029 -0.0853 0.312612 100
1.87733 -0.0585 0.31212 100
1.87792 -0.0319 0.312218 100
1.88512 0.012 0.313416 100
1.89558 0.0389 0.315154 100
1.90673 0.0661 0.317007 100
1.90258 -0.1294 0.316319 100
1.88838 -0.1016 0.313957 100
1.8797 -0.0745 0.312514 100
1.87763 -0.0478 0.312169 100
1.88463 0.0057 0.310254 100
1.89519 0.0324 0.311992 100
1.91137 0.0596 0.314656 100
1.92223 0.0871 0.316443 100
1.90545 -0.1511 0.313682 100
1.8945 -0.1234 0.311879 100
1.88523 -0.0961 0.310352 100
1.88138 -0.0694 0.309718 100
1.87921 -0.0428 0.309361 100
1.88214 0.0236 0.312479 100
1.90029 0.0507 0.315493 100
1.91223 0.0781 0.317475 100
1.91193 -0.1379 0.317426 100
1.89299 -0.1097 0.314281 100
1.88342 -0.0825 0.312692 100
1.88046 -0.0558 0.312201 100
1.87908 -0.0292 0.311972 100
1.88625 0.0107 0.312722 100
1.89474 0.0375 0.314129 100
1.90588 0.0647 0.315977 100
1.90825 -0.161 0.31637 100
1.89651 -0.133 0.314423 100
1.88635 -0.1055 0.312739 100
1.8827 -0.0786 0.312134 100
1.88063 -0.0519 0.31179 100
1.88115 0.0196 0.312316 100
1.91124 0.047 0.317311 100
1.92821 0.0747 0.320128 100
1.96974 -0.2129 0.327023 100
1.90305 -0.1514 0.315952 100
1.88717 -0.1233 0.313315 100
1.87987 -0.0961 0.312103 100
1.87898 -0.0695 0.311955 100
1.88174 -0.0429 0.312414 100
