2.36549 -0.0753 -0.186102 50
2.35225 0.0231 -0.176995 55
2.36761 0.0564 -0.178151 47
2.35036 -0.0972 -0.176852 54
2.34547 -0.0641 -0.176485 55
2.32754 0.0163 -0.158123 60
2.35607 0.0494 -0.160062 52
2.39298 0.0837 -0.16257 47
2.33981 -0.1654 -0.158957 53
2.32993 -0.132 -0.158286 62
2.32454 -0.0992 -0.15792 63
2.32664 -0.0667 -0.158062 63
2.32933 -0.0342 -0.158245 63
2.31061 0.0048 -0.142474 74
2.3163 0.0373 -0.142824 71
2.32848 0.0701 -0.143575 67
2.36221 0.1043 -0.145655 56
2.34125 -0.1721 -0.144363 50
2.32049 -0.1379 -0.143083 61
2.3142 -0.105 -0.142695 72
2.30951 -0.0724 -0.142406 64
2.3163 -0.0401 -0.142824 68
2.30343 0.031 -0.124699 69
2.33868 0.0643 -0.126607 61
2.35455 0.0977 -0.127467 58
2.33358 -0.2048 -0.126332 52
2.3193 -0.1709 -0.125559 67
2.30353 -0.1373 -0.124705 72
2.29124 -0.1044 -0.12404 76
2.28855 -0.0721 -0.123894 76
2.29624 -0.0402 -0.12431 70
2.27101 0.0222 -0.114664 86
2.29548 0.0546 -0.1159 74
2.30946 0.0872 -0.116606 67
2.34591 0.1215 -0.118446 55
2.34232 -0.2342 -0.118265 52
2.30656 -0.1981 -0.11646 60
2.29518 -0.1648 -0.115885 71
2.28629 -0.132 -0.115436 78
2.2789 -0.0997 -0.115063 81
2.2751 -0.0676 -0.114871 78
2.2788 -0.0359 -0.115058 86
2.28984 0.032 -0.0947573 84
2.31412 0.0646 -0.095762 70
2.332 0.0976 -0.0965021 63
2.37127 0.1324 -0.098127 50
2.3364 -0.2434 -0.096684 49
2.30073 -0.2073 -0.095208 56
2.28944 -0.1742 -0.0947407 69
2.27765 -0.1414 -0.0942529 77
2.26946 -0.1092 -0.0939138 78
2.26276 -0.0773 -0.0936368 89
2.26156 -0.0457 -0.0935872 92
2.25674 0.0138 -0.101094 98
2.26723 0.0456 -0.101564 84
2.2884 0.078 -0.102513 79
2.31798 0.1114 -0.103837 69
2.34015 0.1453 -0.104831 63
2.40559 0.1832 -0.107762 47
2.32247 -0.248 -0.104039 60
2.30379 -0.2135 -0.103202 69
2.28071 -0.1793 -0.102168 72
2.26403 -0.1461 -0.101421 80
2.25684 -0.114 -0.101099 87
2.25324 -0.0823 -0.100937 87
2.25114 -0.0507 -0.100843 90
2.26095 0.0067 -0.0688682 94
2.27065 0.0384 -0.0691635 90
2.28684 0.0706 -0.0696567 81
2.30163 0.1032 -0.0701073 70
2.34581 0.1379 -0.071453 62
2.40648 0.1752 -0.0733011 50
2.31173 -0.2475 -0.0704148 59
2.29404 -0.2133 -0.0698759 69
2.26985 -0.1792 -0.0691392 80
2.25815 -0.1466 -0.0687829 82
2.25306 -0.1148 -0.0686277 85
2.25046 -0.0832 -0.0685485 92
2.25236 -0.0519 -0.0686064 87
2.25239 0.0252 -0.047864 94
2.27379 0.0572 -0.0483187 94
2.29968 0.09 -0.0488689 87
2.30328 0.1224 -0.0489454 78
2.33027 0.1565 -0.0495191 67
2.39056 0.1941 -0.0508002 49
2.32288 -0.2607 -0.0493618 62
2.30838 -0.2265 -0.0490538 77
2.27849 -0.1914 -0.0484185 74
2.25699 -0.1579 -0.0479618 80
2.24499 -0.1256 -0.0477068 87
2.2365 -0.0938 -0.0475262 94
2.2336 -0.0624 -0.0474646 98
2.24569 0.0196 -0.0306208 99
2.26719 0.0515 -0.0309139 97
2.29029 0.084 -0.0312289 83
2.31978 0.1176 -0.0316311 71
2.33788 0.1513 -0.0318779 65
2.36358 -0.3022 -0.0322283 47
2.30689 -0.2622 -0.0314552 60
2.27359 -0.2263 -0.0310012 75
2.26359 -0.1934 -0.0308649 84
2.25009 -0.1606 -0.0306808 83
2.24109 -0.1285 -0.0305581 98
2.23369 -0.0968 -0.0304572 96
2.23179 -0.0655 -0.0304313 99
2.23749 -0.0344 -0.030509 99
2.23376 0.0172 -0.0251274 99
2.26136 0.049 -0.0254379 89
2.28246 0.0813 -0.0256752 84
2.29905 0.1141 -0.0258619 73
2.35305 0.1497 -0.0264693 64
2.40955 0.1871 -0.0271049 49
2.43085 -0.3564 -0.0273445 68
2.33055 -0.3085 -0.0262163 49
2.28796 -0.2704 -0.0257371 64
2.27656 -0.2369 -0.0256089 74
2.25376 -0.2028 -0.0253524 82
2.23746 -0.1698 -0.0251691 93
2.22756 -0.1378 -0.0250577 96
2.22436 -0.1065 -0.0250217 99
2.22556 -0.0754 -0.0250352 99
2.22746 -0.0443 -0.0250566 99
2.23899 0.002 -0.0076319 99
2.25079 0.0334 -0.00767213 96
2.26609 0.0653 -0.00772428 89
2.29589 0.0983 -0.00782586 79
2.31329 0.1314 -0.00788516 73
2.36309 0.1674 -0.00805491 67
2.30169 -0.2831 -0.00784563 64
2.28349 -0.2486 -0.00778359 74
2.26089 -0.2142 -0.00770655 75
2.24469 -0.1811 -0.00765133 85
2.23209 -0.1487 -0.00760839 96
2.22289 -0.1169 -0.00757703 99
2.22029 -0.0857 -0.00756816 99
2.22329 -0.0547 -0.00757839 99
2.22989 0.0206 0.00633407 99
2.26039 0.0525 0.00642071 89
2.27439 0.0846 0.00646048 82
2.31499 0.1184 0.0065758 74
2.37799 0.1549 0.00675476 62
2.31109 -0.3115 0.00656473 60
2.29139 -0.2763 0.00650877 74
2.26619 -0.2413 0.00643719 81
2.24639 -0.2075 0.00638094 86
2.22919 -0.1746 0.00633209 94
2.22039 -0.1427 0.00630709 99
2.21919 -0.1116 0.00630368 99
2.21949 -0.0806 0.00630453 99
2.22239 -0.0496 0.00631277 99
2.23086 0.0078 0.0250948 99
2.24156 0.0391 0.0252152 99
2.26076 0.0709 0.0254311 88
2.28956 0.1038 0.0257551 85
2.30585 0.1367 0.0259384 69
2.35455 0.1726 0.0264862 64
2.36985 -0.324 0.0266583 49
2.30565 -0.2825 0.0259362 68
2.26656 -0.2457 0.0254964 83
2.25286 -0.2125 0.0253423 78
2.23966 -0.1799 0.0251938 94
2.22696 -0.1476 0.0250509 99
2.21986 -0.1161 0.0249711 99
2.21926 -0.0851 0.0249643 99
2.22116 -0.0542 0.0249857 99
2.23384 0.0218 0.016498 99
2.24934 0.0534 0.0166125 98
2.25634 0.085 0.0166642 97
2.28494 0.1181 0.0168754 88
2.34194 0.1538 0.0172964 76
2.34854 0.1872 0.0173451 67
2.31174 -0.2828 0.0170733 64
2.28954 -0.2477 0.0169094 78
2.26094 -0.2128 0.0166981 86
2.24274 -0.1795 0.0165637 86
2.22814 -0.1471 0.0164559 96
2.21994 -0.1155 0.0163954 99
2.21934 -0.0844 0.0163909 99
2.21934 -0.0534 0.0163909 99
2.22726 0.0264 0.0491022 99
2.25665 0.0583 0.0497502 94
2.28065 0.0908 0.0502792 98
2.29614 0.1235 0.0506208 89
2.34403 0.1589 0.0516766 78
2.40042 0.1965 0.0529197 56
2.33713 -0.3084 0.0515245 63
2.28265 -0.2689 0.0503233 78
2.25135 -0.2334 0.0496334 89
2.24345 -0.201 0.0494593 87
2.22816 -0.1683 0.0491221 98
2.21926 -0.1365 0.0489259 99
2.21596 -0.1053 0.0488532 99
2.21626 -0.0743 0.0488598 99
2.22006 -0.0434 0.0489435 99
2.22611 0.0136 0.062997 99
2.2506 0.0452 0.0636901 97
2.26679 0.0773 0.0641483 85
2.29148 0.1102 0.064847 83
2.31257 0.1437 0.0654439 68
2.37915 0.1812 0.0673279 58
2.29258 -0.2917 0.0648782 63
2.27559 -0.2573 0.0643973 80
2.2531 -0.2229 0.0637608 79
2.23511 -0.1895 0.0632516 93
2.22451 -0.1574 0.0629518 99
2.22051 -0.1259 0.0628386 99
2.21911 -0.0947 0.062799 99
2.22021 -0.0637 0.0628301 99
2.22391 -0.0327 0.0629348 99
2.23239 0.0253 0.0822184 99
2.26576 0.0575 0.0834477 96
2.28765 0.0901 0.0842537 82
2.30514 0.1232 0.0848978 75
2.357 0.1592 0.086808 64
2.32652 -0.3203 0.0856854 63
2.27716 -0.281 0.0838673 72
2.26007 -0.2468 0.0832379 83
2.24038 -0.2129 0.0825128 89
2.22719 -0.1802 0.082027 94
2.2196 -0.1483 0.0817473 99
2.2164 -0.1169 0.0816295 99
2.2158 -0.0858 0.0816074 99
2.21979 -0.0548 0.0817547 99
2.23285 0.0016 0.0979905 99
2.24564 0.0329 0.0985517 99
2.25992 0.0647 0.0991787 95
2.2817 0.0972 0.100134 91
2.30108 0.1302 0.100985 78
2.35883 0.1666 0.103519 69
2.42696 0.2055 0.106509 49
2.41158 -0.356 0.105834 64
2.33705 -0.3118 0.102563 56
2.29159 -0.2732 0.100569 76
2.27731 -0.2393 0.0999415 78
2.25553 -0.2052 0.0989857 97
2.24124 -0.1724 0.0983588 98
2.22746 -0.1401 0.0977537 99
2.22016 -0.1086 0.0974337 99
2.21846 -0.0775 0.0973591 99
2.22036 -0.0465 0.0974425 99
2.23053 0.0265 0.100682 99
2.2599 0.0584 0.102008 98
2.27788 0.0906 0.102819 94
2.30435 0.1239 0.104014 80
2.32533 0.1576 0.104961 68
2.38557 0.1951 0.10768 54
2.32633 -0.3005 0.105006 62
2.27668 -0.2619 0.102765 78
2.2612 -0.2282 0.102066 87
2.24531 -0.195 0.101349 98
2.23183 -0.1625 0.100741 97
2.22294 -0.1307 0.100339 99
2.21954 -0.0995 0.100186 99
2.21864 -0.0685 0.100145 99
2.22144 -0.0376 0.100272 99
2.23632 0.0297 0.105272 99
2.26569 0.0618 0.106655 93
2.27658 0.0939 0.107167 88
2.31194 0.1277 0.108832 71
2.34181 0.1622 0.110238 71
2.40803 0.2006 0.113355 52
2.33052 -0.3053 0.109706 54
2.28597 -0.2671 0.107609 72
2.27358 -0.2335 0.107026 83
2.25271 -0.1996 0.106043 93
2.23832 -0.1668 0.105366 96
2.22943 -0.1349 0.104948 99
2.22613 -0.1035 0.104793 99
2.22534 -0.0723 0.104755 99
2.22713 -0.0412 0.10484 99
2.23786 0.0078 0.1186 99
2.25653 0.0394 0.119589 97
2.2787 0.0716 0.120764 89
2.29837 0.1043 0.121807 76
2.31765 0.1376 0.122828 76
2.37327 0.1742 0.125776 58
2.30646 -0.2834 0.122235 68
2.29328 -0.2494 0.121537 80
2.27071 -0.2149 0.120341 88
2.24555 -0.181 0.119007 94
2.22897 -0.1484 0.118129 99
2.22378 -0.1169 0.117853 99
2.22218 -0.0857 0.117769 99
2.22418 -0.0548 0.117875 99
2.25098 0.0189 0.132893 99
2.26546 0.0507 0.133747 91
2.28652 0.0831 0.134991 86
2.30209 0.1159 0.13591 75
2.34901 0.1512 0.13868 64
2.40741 0.1888 0.142128 55
2.32445 -0.2857 0.13723 59
2.31337 -0.2516 0.136576 77
2.27095 -0.2149 0.134071 85
2.24779 -0.181 0.132704 92
2.2422 -0.1491 0.132374 99
2.23201 -0.1171 0.131773 99
2.22852 -0.0857 0.131567 99
2.23042 -0.0546 0.131679 99
2.24947 0.0059 0.142809 99
2.26314 0.0375 0.143677 95
2.2863 0.0699 0.145147 83
2.30207 0.1025 0.146148 73
2.34727 0.1374 0.149018 63
2.41384 0.1751 0.153244 52
2.36135 -0.3227 0.149911 49
2.30616 -0.2824 0.146408 74
2.27023 -0.2459 0.144127 82
2.25945 -0.2128 0.143443 96
2.24528 -0.1799 0.142543 93
2.2356 -0.1477 0.141928 99
2.23051 -0.1162 0.141605 99
2.22891 -0.0849 0.141504 99
2.23191 -0.0538 0.141694 99
2.26471 0.0103 0.154889 96
2.28027 0.0423 0.155954 88
2.30442 0.0751 0.157605 87
2.32208 0.1083 0.158813 68
2.37705 0.1443 0.162572 61
2.31669 -0.2885 0.158444 65
2.29973 -0.2537 0.157284 76
2.27519 -0.2187 0.155606 89
2.25713 -0.1851 0.154371 89
2.24855 -0.1527 0.153784 99
2.24555 -0.1209 0.153579 99
2.24496 -0.0893 0.153538 99
2.24805 -0.0579 0.15375 99
2.2645 0.0135 0.171686 94
2.27996 0.0455 0.172858 90
2.30209 0.0783 0.174536 76
2.31964 0.1115 0.175867 70
2.37558 0.1476 0.180108 60
2.32612 -0.2918 0.176358 65
2.28833 -0.2545 0.173493 72
2.27577 -0.2209 0.17254 89
2.25483 -0.1869 0.170953 94
2.24625 -0.1546 0.170303 93
2.24426 -0.1228 0.170151 98
2.24466 -0.0913 0.170182 99
2.24675 -0.0598 0.17034 99
2.26575 0.0302 0.191212 99
2.30391 0.063 0.194433 83
2.31776 0.0958 0.195602 74
2.36499 0.131 0.199588 61
2.31069 -0.265 0.195005 68
2.29634 -0.2308 0.193794 80
2.2775 -0.1967 0.192205 92
2.26604 -0.1638 0.191237 96
2.25518 -0.1313 0.190321 96
2.2498 -0.0993 0.189867 99
2.251 -0.0678 0.189968 99
2.25867 -0.0364 0.190615 99
2.27805 0 0.20216 89
2.29777 0.0322 0.20391 85
2.31699 0.065 0.205616 76
2.3676 0.0996 0.210107 53
2.3166 -0.2922 0.205581 59
2.29867 -0.2572 0.20399 70
2.28024 -0.2229 0.202354 89
2.2652 -0.1894 0.201019 89
2.25374 -0.1566 0.200003 96
2.25075 -0.1248 0.199738 99
2.25026 -0.0931 0.199694 98
2.25534 -0.0617 0.200144 98
2.28567 0.0224 0.216455 90
2.33187 0.0556 0.220829 80
2.34282 0.0886 0.221866 71
2.3911 0.124 0.226439 52
2.33266 -0.2644 0.220905 67
2.31335 -0.2295 0.219076 72
2.29254 -0.1951 0.217105 82
2.2791 -0.1618 0.215832 91
2.27114 -0.1293 0.215078 92
2.26975 -0.0974 0.214946 93
2.27293 -0.0657 0.215248 93
2.27851 -0.0339 0.215776 88
2.29454 0.0177 0.228611 88
2.31205 0.0503 0.230355 81
2.32698 0.0833 0.231843 68
2.37136 0.1182 0.236264 58
2.32907 -0.2509 0.232051 65
2.31743 -0.2168 0.230891 71
2.3034 -0.1829 0.229493 83
2.29374 -0.1498 0.228531 90
2.27971 -0.1168 0.227133 95
2.27215 -0.0845 0.22638 95
2.27414 -0.0526 0.226578 99
2.35373 0.0314 0.257759 77
2.39279 0.0655 0.262037 54
2.33305 -0.2566 0.255494 62
2.32848 -0.2231 0.254994 75
2.31247 -0.1889 0.253241 73
2.30005 -0.1555 0.25188 81
2.29796 -0.123 0.251652 87
2.29945 -0.0908 0.251815 87
2.30452 -0.0586 0.25237 87
2.32196 0.0098 0.264697 72
2.35236 0.0429 0.268163 68
2.37144 0.0765 0.270338 52
2.33975 -0.2487 0.266725 61
2.32713 -0.2144 0.265286 68
2.30904 -0.1801 0.263225 76
2.3004 -0.147 0.26224 86
2.29533 -0.1144 0.261662 81
2.29563 -0.0822 0.261696 87
2.29961 -0.05 0.262149 92
2.35719 0.0017 0.282016 65
2.39363 0.0353 0.286376 47
2.34557 -0.2246 0.280626 55
2.33465 -0.1905 0.279319 70
2.32909 -0.1572 0.278654 69
2.3271 -0.1243 0.278416 74
2.32859 -0.0916 0.278595 75
2.33366 -0.059 0.2792 75
2.35575 0.007 0.293797 63
2.37331 0.0404 0.295987 55
2.34424 -0.213 0.292361 54
2.33114 -0.1789 0.290728 65
2.3235 -0.1455 0.289775 67
2.32429 -0.1128 0.289874 76
2.32658 -0.0801 0.290158 79
2.33243 -0.0475 0.290888 72
2.3477 0.033 0.300109 74
2.38668 0.0672 0.305092 50
2.35404 -0.2158 0.300921 62
2.34988 -0.1821 0.300388 68
2.32944 -0.1476 0.297776 73
2.31139 -0.1139 0.295468 72
2.30782 -0.0812 0.295012 76
2.31367 -0.0488 0.29576 78
2.34484 0.0305 0.290812 72
2.4017 0.0651 0.297865 52
2.34176 -0.2211 0.290431 56
2.33174 -0.1871 0.289187 71
2.32122 -0.1534 0.287883 76
2.31318 -0.1202 0.286886 80
2.3097 -0.0874 0.286455 73
2.31566 -0.055 0.287194 80
2.319 0.0016 0.272904 75
2.3336 0.0344 0.274622 72
2.35674 0.0679 0.277345 66
2.37541 0.1018 0.279543 47
2.35862 -0.1838 0.277568 56
2.3471 -0.1498 0.276212 69
2.34591 -0.1166 0.276072 80
2.33836 -0.0834 0.275183 75
2.31949 -0.0501 0.272963 76
2.32522 0.0294 0.278191 71
2.35342 0.0629 0.281564 63
2.3979 0.0979 0.286886 51
2.35064 -0.1623 0.281232 57
2.33783 -0.1284 0.279699 72
2.32353 -0.0948 0.277989 76
2.3137 -0.0618 0.276813 82
2.31507 0.0244 0.279645 80
2.3393 0.0576 0.282571 63
2.3522 0.091 0.28413 63
2.39132 0.1262 0.288855 49
2.35925 -0.1778 0.284982 57
2.34754 -0.1438 0.283567 73
2.33542 -0.1101 0.282104 70
2.32778 -0.0769 0.28118 72
2.32569 -0.0442 0.280928 86
2.31418 0.0016 0.279537 80
2.32877 0.0344 0.2813 80
2.34595 0.0676 0.283375 68
2.36064 0.1012 0.28515 62
2.40264 0.1369 0.290222 51
2.35131 -0.1771 0.284022 54
2.33771 -0.1431 0.28238 69
2.3245 -0.1095 0.280785 74
2.31487 -0.0765 0.279621 74
2.3108 -0.0439 0.27913 82
2.33112 0.0229 0.28024 76
2.35038 0.0562 0.282555 77
2.35832 0.0896 0.28351 63
2.37768 0.1239 0.285838 60
2.34541 -0.1636 0.281958 54
2.3336 -0.1298 0.280538 70
2.31732 -0.0962 0.278581 72
2.31046 -0.0634 0.277757 76
2.32903 0.0242 0.280795 76
2.34929 0.0574 0.283237 70
2.35624 0.0908 0.284075 68
2.38741 0.1257 0.287833 52
2.35137 -0.1632 0.283488 60
2.33857 -0.1293 0.281944 67
2.32616 -0.0958 0.280448 72
2.31345 -0.0627 0.278916 86
