2.27922 0.004 -0.221955 77
2.2829 0.0359 -0.222314 79
2.29793 -0.1013 -0.223777 80
2.28297 0.0216 -0.177974 80
2.25968 0.021 -0.153671 93
2.27215 0.0528 -0.154519 82
2.28612 0.0851 -0.155469 76
2.27066 -0.0968 -0.154418 86
2.26088 -0.0648 -0.153753 83
2.25759 -0.0331 -0.153529 85
2.26633 0.019 -0.127257 92
2.27482 0.0509 -0.127734 89
2.2869 0.0832 -0.128412 83
2.29139 -0.117 -0.128664 76
2.2848 -0.0847 -0.128294 83
2.27082 -0.0524 -0.127509 87
2.25001 0.0047 -0.0946142 91
2.25471 0.0362 -0.0948117 96
2.263 0.068 -0.0951604 91
2.27579 0.1002 -0.0956982 78
2.29307 0.133 -0.096425 78
2.27999 -0.1355 -0.0958746 79
2.2627 -0.1028 -0.0951478 81
2.25391 -0.0708 -0.0947781 86
2.25171 -0.0393 -0.0946856 85
2.25354 0.002 -0.0810445 97
2.25534 0.0335 -0.0811092 94
2.26064 0.0651 -0.0812997 87
2.27243 0.0972 -0.0817238 83
2.29781 0.1305 -0.0826367 85
2.26334 -0.0996 -0.0813968 88
2.25354 -0.0677 -0.0810445 81
2.25124 -0.0362 -0.0809619 90
2.23231 0.0016 -0.0554473 98
2.23911 0.0328 -0.0556162 99
2.24941 0.0644 -0.0558719 97
2.2563 0.0961 -0.0560433 92
2.2806 0.1291 -0.0566467 87
2.33948 0.1652 -0.0581092 79
2.2805 -0.1623 -0.0566442 78
2.2616 -0.1292 -0.0561749 79
2.24821 -0.097 -0.0558421 85
2.23831 -0.0653 -0.0555963 92
2.23301 -0.0339 -0.0554647 93
2.23754 0.0234 -0.0400272 99
2.24694 0.0549 -0.0401953 94
2.25994 0.0868 -0.0404278 90
2.27754 0.1193 -0.0407426 92
2.29653 0.1524 -0.0410825 78
2.25544 -0.1197 -0.0403474 79
2.23894 -0.0875 -0.0400522 90
2.23094 -0.0561 -0.0399092 99
2.22682 0.0124 -0.0286181 99
2.23542 0.0437 -0.0287286 99
2.24651 0.0753 -0.0288712 98
2.26231 0.1074 -0.0290743 88
2.28551 0.1405 -0.0293724 87
2.30031 0.1737 -0.0295626 76
2.27621 -0.1863 -0.0292529 80
2.25261 -0.1527 -0.0289496 84
2.23662 -0.1203 -0.028744 89
2.22902 -0.0887 -0.0286463 97
2.22612 -0.0575 -0.0286091 99
2.2239 0.0217 0.00115861 99
2.2384 0.0532 0.00116616 99
2.2524 0.085 0.00117346 93
2.271 0.1175 0.00118315 93
2.295 0.1509 0.00119565 83
2.3107 0.1844 0.00120383 79
2.2797 -0.1947 0.00118768 77
2.2533 -0.1608 0.00117393 78
2.2373 -0.1283 0.00116559 87
2.2279 -0.0965 0.00116069 98
2.226 -0.0653 0.0011597 99
2.2257 -0.0342 0.00115955 99
2.22297 0.0093 0.0111953 99
2.22857 0.0404 0.0112235 99
2.23977 0.0718 0.0112799 99
2.25657 0.1039 0.0113645 94
2.27587 0.1366 0.0114617 88
2.30367 0.1705 0.0116017 83
2.25427 -0.1743 0.0113529 80
2.24547 -0.1422 0.0113086 98
2.23327 -0.1102 0.0112472 96
2.22457 -0.0787 0.0112034 99
2.22047 -0.0476 0.0111827 99
2.22037 0.0275 0.0435773 99
2.23577 0.0589 0.0438795 99
2.25177 0.0907 0.0441935 93
2.27126 0.1232 0.0445761 88
2.29626 0.1566 0.0450667 84
2.25227 -0.1682 0.0442033 82
2.23647 -0.1357 0.0438932 96
2.22717 -0.104 0.0437107 99
2.22137 -0.0728 0.0435969 99
2.21917 -0.0418 0.0435538 99
2.2189 0.0298 0.063212 99
2.23129 0.0612 0.0635651 99
2.24719 0.093 0.0640179 96
2.26458 0.1254 0.0645134 95
2.28657 0.1587 0.0651398 81
2.30506 0.1924 0.0656667 84
2.29857 -0.2307 0.0654816 78
2.25968 -0.1949 0.0643738 85
2.24919 -0.1624 0.0640748 88
2.23229 -0.1299 0.0635936 94
2.2229 -0.0982 0.0633259 99
2.2191 -0.067 0.0632177 99
2.2168 -0.036 0.0631522 99
2.21813 0.0159 0.0886434 99
2.22572 0.047 0.0889468 99
2.23582 0.0785 0.0893501 99
2.2515 0.1105 0.0899771 98
2.27468 0.1435 0.0909035 90
2.30736 0.178 0.0922092 77
2.27209 -0.2148 0.0907997 75
2.2599 -0.1819 0.0903125 80
2.24331 -0.149 0.0896496 96
2.22612 -0.1167 0.0889628 97
2.21763 -0.0852 0.0886234 99
2.21653 -0.0542 0.0885795 99
2.21986 0.0159 0.116142 99
2.23245 0.0472 0.1168 99
2.24553 0.0788 0.117485 98
2.2632 0.1111 0.118409 89
2.27739 0.1437 0.119151 86
2.31993 0.1789 0.121377 77
2.29646 -0.2292 0.120149 76
2.2666 -0.1943 0.118587 80
2.24423 -0.1609 0.117417 94
2.23025 -0.1286 0.116685 99
2.22186 -0.097 0.116246 99
2.21797 -0.0658 0.116043 99
2.21667 -0.0348 0.115975 99
2.21919 0.0155 0.144724 99
2.22877 0.0468 0.145349 99
2.24084 0.0784 0.146136 97
2.2575 0.1106 0.147223 92
2.28165 0.1437 0.148798 86
2.29932 0.1771 0.149949 75
2.27547 -0.221 0.148394 78
2.2594 -0.1876 0.147346 83
2.24094 -0.1546 0.146142 95
2.22687 -0.1223 0.145225 99
2.21839 -0.0908 0.144672 99
2.21649 -0.0597 0.144548 99
2.22367 0.0031 0.167913 99
2.23135 0.0344 0.168493 99
2.24461 0.066 0.169494 99
2.26146 0.0982 0.170767 94
2.2847 0.1313 0.172521 85
2.30254 0.1647 0.173869 75
2.2841 -0.2182 0.172476 81
2.26007 -0.184 0.170661 83
2.24152 -0.1509 0.169261 93
2.22945 -0.1188 0.16835 99
2.22098 -0.0871 0.167709 99
2.21799 -0.0559 0.167484 99
2.22129 0.0066 0.185202 99
2.22897 0.0378 0.185842 99
2.24212 0.0694 0.186938 97
2.25787 0.1015 0.188251 92
2.28118 0.1345 0.190195 89
2.30191 0.1681 0.191924 80
2.27889 -0.2165 0.190004 80
2.25777 -0.1827 0.188243 90
2.24023 -0.1498 0.18678 92
2.22717 -0.1177 0.185692 99
2.2196 -0.0862 0.18506 99
2.21761 -0.0551 0.184894 99
2.23408 0.0172 0.230099 99
2.24164 0.0488 0.230878 98
2.25069 0.0807 0.23181 93
2.27019 0.1133 0.233819 90
2.30013 0.1473 0.236902 83
2.27119 -0.1891 0.233921 80
2.2488 -0.1555 0.231616 92
2.24274 -0.1234 0.230991 94
2.23528 -0.0915 0.230222 99
2.22841 -0.0599 0.229516 99
2.23523 0.0314 0.246706 99
2.2554 0.0634 0.248933 95
2.27518 0.0959 0.251116 91
2.30043 0.1294 0.253903 85
2.28244 -0.2224 0.251917 79
2.26047 -0.1882 0.249493 83
2.24507 -0.1552 0.247792 91
2.23304 -0.1229 0.246465 99
2.2236 -0.091 0.245423 99
2.22071 -0.0597 0.245104 99
2.23799 0.0047 0.259608 99
2.24564 0.0363 0.260495 95
2.25885 0.0683 0.262027 98
2.27653 0.1009 0.264079 90
2.29531 -0.2185 0.266256 76
2.27336 -0.1842 0.26371 85
2.25786 -0.151 0.261912 83
2.24485 -0.1185 0.260403 94
2.2363 -0.0865 0.259412 99
2.23432 -0.055 0.259181 99
2.24028 0.0228 0.265 99
2.25557 0.0547 0.266809 96
2.27444 0.0871 0.269041 85
2.3088 0.121 0.273106 79
2.26759 -0.2101 0.268231 75
2.26233 -0.1776 0.267608 92
2.24872 -0.1448 0.265999 96
2.2376 -0.1125 0.264683 99
2.23393 -0.0809 0.264248 99
2.23393 -0.0495 0.264248 99
2.24304 0.0039 0.292224 99
2.2596 0.0358 0.294382 96
2.27676 0.0681 0.296617 89
2.29937 0.1012 0.299562 78
2.31553 0.1346 0.301668 80
2.28459 -0.1938 0.297637 83
2.26625 -0.1602 0.295247 87
2.25435 -0.1275 0.293697 97
2.24602 -0.0953 0.292612 97
2.24116 -0.0635 0.291979 99
2.24185 -0.032 0.292069 99
2.24468 0.0111 0.30275 99
2.25221 0.0428 0.303766 98
2.27024 0.0752 0.306199 92
2.2967 0.1085 0.309767 80
2.32069 0.1424 0.313002 81
2.28719 -0.1808 0.308484 85
2.27074 -0.1474 0.306265 89
2.25766 -0.1146 0.304501 88
2.24715 -0.0824 0.303084 96
2.2421 -0.0506 0.302402 99
2.2562 0.0239 0.327875 94
2.27639 0.0562 0.330809 90
2.29717 0.0892 0.333829 81
2.31053 0.1223 0.335771 75
2.28262 -0.1726 0.331715 83
2.26798 -0.1393 0.329587 87
2.25679 -0.1067 0.327962 94
2.24818 -0.0746 0.326711 94
2.24799 -0.0428 0.326682 97
2.25535 0.0287 0.339759 98
2.27552 0.0611 0.342798 88
2.2952 0.094 0.345763 79
2.295 -0.1688 0.345733 77
2.27236 -0.1349 0.342322 83
2.25624 -0.102 0.339893 93
2.2515 -0.0699 0.339178 98
2.24932 -0.0381 0.338851 98
2.26863 0.016 0.36557 88
2.29095 0.0486 0.369165 78
2.29914 -0.1695 0.370486 81
2.2944 -0.1365 0.369722 86
2.28226 -0.1034 0.367765 90
2.26863 -0.0707 0.36557 87
2.26646 -0.0385 0.36522 90
2.2666 0.0128 0.378581 93
2.29678 0.0455 0.383622 83
2.28485 -0.1735 0.381629 81
2.27715 -0.1406 0.380344 86
2.27794 -0.1083 0.380476 92
2.26936 -0.0758 0.379042 93
2.26226 -0.0436 0.377856 91
2.29699 0.013 0.402544 82
2.31433 0.0459 0.405582 77
2.30478 -0.121 0.403908 78
2.29335 -0.0878 0.401906 76
2.28645 -0.0551 0.400697 83
2.29385 0.0069 0.420084 75
2.30634 0.0396 0.422372 78
2.29444 -0.1052 0.420192 81
2.28372 -0.04 0.418229 81
2.29983 0.0311 0.472159 78
2.30444 -0.1088 0.473104 75
2.29787 -0.0757 0.471757 76
2.2967 -0.043 0.471515 75
2.2932 -0.0514 0.457532 77
2.26897 0.0142 0.483919 88
2.27826 0.0467 0.485901 80
2.29792 0.0799 0.490094 75
2.28159 -0.0732 0.48661 80
2.27445 -0.0405 0.485088 81
2.27831 0.0251 0.437307 82
2.28165 0.0576 0.437948 79
2.29137 0.0905 0.439814 83
2.2845 -0.0601 0.438494 78
2.2877 0.0106 0.431288 87
2.305 0.0434 0.434548 87
2.31011 0.0763 0.435512 76
2.29949 -0.0956 0.433511 82
2.28691 -0.0625 0.431139 76
