2.49479 0.0245 -0.213397 63
2.38196 0.0046 -0.183313 53
2.38565 0.038 -0.183597 47
2.38662 0.0021 -0.174673 49
2.38831 0.0355 -0.174797 49
2.39559 0.0692 -0.17533 43
2.38632 -0.0351 -0.174651 47
2.33286 0.009 -0.169406 68
2.33745 0.0417 -0.169739 63
2.34363 0.0747 -0.170188 66
2.35231 0.108 -0.170818 58
2.38143 0.1428 -0.172933 52
2.43479 -0.1537 -0.176808 64
2.38083 -0.1168 -0.17289 43
2.36437 -0.0828 -0.171695 53
2.3563 -0.0495 -0.171108 60
2.34738 0.0045 -0.147418 63
2.35007 0.0373 -0.147587 65
2.36324 0.0706 -0.148414 61
2.37103 0.1039 -0.148903 59
2.35057 -0.092 -0.147618 58
2.34169 -0.0589 -0.147061 57
2.30146 0.0193 -0.125904 80
2.30895 0.0517 -0.126314 71
2.32403 0.0846 -0.127138 74
2.34749 0.1183 -0.128422 67
2.36057 0.1521 -0.129138 61
2.407 0.189 -0.131678 48
2.3387 -0.1339 -0.127941 58
2.32532 -0.1005 -0.127209 67
2.31753 -0.0677 -0.126783 73
2.30925 -0.0351 -0.12633 72
2.30214 0.0153 -0.112827 71
2.30673 0.0475 -0.113052 72
2.32481 0.0804 -0.113938 73
2.34838 0.1141 -0.115094 71
2.35857 0.1476 -0.115593 58
2.40312 0.1841 -0.117776 54
2.36656 -0.1631 -0.115985 47
2.34768 -0.1289 -0.115059 59
2.32631 -0.0951 -0.114012 63
2.31242 -0.0622 -0.113331 70
2.27352 0.0103 -0.0819229 86
2.27512 0.0421 -0.0819805 88
2.28232 0.0741 -0.0822398 87
2.29401 0.1065 -0.0826611 84
2.3183 0.1401 -0.0835361 73
2.32809 0.1733 -0.083889 71
2.36227 0.209 -0.0851206 64
2.42373 0.2485 -0.0873352 45
2.48049 -0.2216 -0.0893806 65
2.36776 -0.1783 -0.0853186 49
2.32109 -0.1423 -0.0836369 66
2.3069 -0.1091 -0.0831256 74
2.29021 -0.0763 -0.0825242 76
2.28212 -0.0442 -0.0822326 83
2.27969 0.0028 -0.0772177 90
2.28039 0.0346 -0.0772414 85
2.28369 0.0666 -0.0773531 84
2.29059 0.0988 -0.0775867 85
2.30988 0.132 -0.0782401 70
2.34076 0.1665 -0.0792861 78
2.35615 0.2007 -0.0798074 62
2.41182 0.2394 -0.081693 48
2.36624 -0.1737 -0.0801493 54
2.32357 -0.138 -0.0787038 61
2.30828 -0.1048 -0.0781859 71
2.29259 -0.072 -0.0776544 79
2.28439 -0.0399 -0.0773768 89
2.26391 0.0233 -0.0668987 87
2.27031 0.0551 -0.0670877 98
2.2843 0.0873 -0.0675012 87
2.30589 0.1204 -0.0681392 80
2.32988 0.1543 -0.0688481 76
2.35037 0.1886 -0.0694536 70
2.41025 0.2273 -0.0712229 47
2.47362 -0.2664 -0.0730956 58
2.35867 -0.2208 -0.0696988 49
2.33158 -0.1855 -0.0688984 68
2.32598 -0.1524 -0.0687329 83
2.292 -0.1181 -0.0677287 81
2.27041 -0.0852 -0.0670907 87
2.26241 -0.0533 -0.0668544 82
2.2613 0.0162 -0.0521662 89
2.2689 0.0478 -0.0523415 98
2.27799 0.0797 -0.0525514 86
2.29069 0.1121 -0.0528443 88
2.31079 0.1453 -0.0533078 83
2.32548 0.1788 -0.0536469 71
2.37257 0.2156 -0.0547331 51
2.35057 -0.2033 -0.0542257 56
2.30929 -0.1674 -0.0532732 70
2.29549 -0.1343 -0.052955 77
2.27809 -0.1015 -0.0525537 81
2.2673 -0.0694 -0.0523046 85
2.2631 -0.0378 -0.0522077 81
2.25153 0.0267 -0.0347944 99
2.26193 0.0901 -0.0349551 95
2.27543 0.1225 -0.0351637 94
2.29343 0.1557 -0.0354419 87
2.31592 0.1897 -0.0357895 76
2.33502 0.2242 -0.0360847 65
2.39621 0.2639 -0.0370303 54
2.34102 -0.2243 -0.0361774 50
2.30003 -0.188 -0.0355439 71
2.28753 -0.1548 -0.0353507 74
2.26843 -0.1217 -0.0350556 81
2.25693 -0.0895 -0.0348779 90
2.25403 -0.0579 -0.0348331 99
2.25088 0.0047 -0.0235296 99
2.25258 0.0361 -0.0235473 99
2.25788 0.0677 -0.0236027 98
2.26768 0.0997 -0.0237052 92
2.28108 0.1322 -0.0238452 94
2.29797 0.1654 -0.0240219 83
2.31337 0.199 -0.0241829 80
2.36007 0.2362 -0.024671 65
2.42317 0.2767 -0.0253306 45
2.44927 -0.2486 -0.0256034 43
2.36487 -0.2067 -0.0247212 55
2.31767 -0.1701 -0.0242278 63
2.30477 -0.1368 -0.024093 75
2.28058 -0.1035 -0.02384 81
2.26178 -0.071 -0.0236435 89
2.25558 -0.0393 -0.0235787 96
2.23599 0 0.00533518 99
2.24079 0.0313 0.00534663 99
2.24909 0.0627 0.00536644 99
2.25899 0.0946 0.00539006 99
2.27149 0.1268 0.00541988 94
2.29039 0.16 0.00546498 86
2.32379 0.1949 0.00554467 79
2.34679 0.2298 0.00559955 68
2.41489 0.2705 0.00576204 46
2.32129 -0.2126 0.00553871 56
2.30609 -0.1789 0.00550244 72
2.28039 -0.1449 0.00544112 74
2.26319 -0.1122 0.00540008 80
2.25059 -0.0801 0.00537002 93
2.24049 -0.0485 0.00534592 99
2.23698 0.0125 0.00965843 99
2.24358 0.0439 0.00968693 99
2.25368 0.0756 0.00973053 99
2.26538 0.1078 0.00978105 95
2.28568 0.1408 0.0098687 86
2.31238 0.1749 0.00998398 79
2.32668 0.2088 0.0100457 72
2.37618 0.2468 0.0102594 55
2.33598 -0.2265 0.0100859 50
2.31308 -0.1916 0.009987 63
2.28258 -0.157 0.00985531 81
2.26458 -0.124 0.0097776 75
2.25108 -0.0917 0.00971931 86
2.24018 -0.0599 0.00967225 99
2.23183 0.0109 0.0278955 99
2.23743 0.0422 0.0279655 99
2.24762 0.0738 0.028093 99
2.25932 0.1057 0.0282392 96
2.27562 0.1384 0.0284429 87
2.29342 0.1716 0.0286654 85
2.31072 0.2054 0.0288816 87
2.36432 0.2435 0.0295515 64
2.32342 -0.2196 0.0290403 60
2.30832 -0.1857 0.0288516 76
2.28182 -0.1515 0.0285204 80
2.25972 -0.1184 0.0282442 91
2.24412 -0.0862 0.0280492 99
2.23513 -0.0546 0.0279367 99
2.23072 0.0066 0.0354869 99
2.24142 0.0379 0.0356571 99
2.25062 0.0695 0.0358034 99
2.26241 0.1015 0.0359911 98
2.28081 0.1342 0.0362838 92
2.29461 0.1672 0.0365033 84
2.3358 0.2359 0.0371586 70
2.3969 0.2759 0.0381305 58
2.29631 -0.1967 0.0365303 70
2.26991 -0.1626 0.0361104 89
2.25701 -0.1301 0.0359052 94
2.24762 -0.0981 0.0357557 99
2.23772 -0.0664 0.0355982 99
2.23242 -0.0351 0.0355139 99
2.2301 0.0202 0.05956 99
2.2386 0.0516 0.0597869 99
2.2467 0.0831 0.0600032 99
2.2573 0.1151 0.0602862 99
2.27439 0.1478 0.0607427 98
2.29798 0.1815 0.0613728 87
2.31617 0.2155 0.0618587 78
2.37155 0.2541 0.0633377 62
2.32827 -0.2253 0.0621817 60
2.30528 -0.1906 0.0615677 70
2.28079 -0.1566 0.0609136 87
2.26079 -0.1236 0.0603796 92
2.2463 -0.0914 0.0599925 99
2.2364 -0.0597 0.0597282 99
2.22896 0.0202 0.0648519 99
2.23945 0.0516 0.0651572 99
2.25655 0.0835 0.0656545 99
2.27704 0.1162 0.0662507 97
2.29323 0.1491 0.0667219 88
2.30882 0.1825 0.0671756 84
2.3538 0.2192 0.0684843 76
2.43107 0.2607 0.0707324 44
2.38189 -0.2504 0.0693015 58
2.30353 -0.2097 0.0670214 70
2.27134 -0.1748 0.066085 80
2.26154 -0.1423 0.0658 98
2.24635 -0.1099 0.0653579 99
2.23465 -0.0781 0.0650176 99
2.22856 -0.0467 0.0648402 99
2.23027 0.0249 0.0851857 99
2.24666 0.0565 0.0858117 99
2.25865 0.0883 0.0862697 99
2.27814 0.121 0.0870139 96
2.30612 0.1548 0.0880826 89
2.32071 0.1883 0.0886399 80
2.36857 0.2255 0.0904681 71
2.43073 0.2657 0.0928421 46
2.3329 -0.2505 0.0891055 51
2.31231 -0.2157 0.0883193 65
2.28413 -0.1809 0.087243 83
2.26355 -0.1475 0.0864567 88
2.24846 -0.1151 0.0858804 93
2.23787 -0.0832 0.0854758 99
2.23177 -0.0518 0.085243 99
2.23283 0.0207 0.0962103 99
2.23932 0.052 0.0964901 99
2.24831 0.0836 0.0968775 99
2.2619 0.1158 0.097463 99
2.28308 0.1488 0.0983756 92
2.30666 0.1827 0.0993916 86
2.32274 0.2167 0.100085 76
2.37809 0.2554 0.10247 61
2.33004 -0.2251 0.100399 64
2.30906 -0.1906 0.0994949 75
2.27859 -0.1561 0.0981819 85
2.2595 -0.1232 0.0973597 98
2.24712 -0.091 0.0968259 99
2.23812 -0.0594 0.0964384 99
2.23682 0.0125 0.119309 99
2.24541 0.044 0.119767 99
2.2545 0.0758 0.120252 99
2.26418 0.1079 0.120769 98
2.28146 0.1408 0.12169 89
2.30912 0.175 0.123165 86
2.32829 0.2093 0.124188 81
2.3907 0.2487 0.127517 58
2.33408 -0.2229 0.124497 59
2.31601 -0.1885 0.123533 78
2.28455 -0.1538 0.121855 86
2.26458 -0.1206 0.12079 95
2.2501 -0.0883 0.120018 99
2.23912 -0.0564 0.119432 99
2.2448 0 0.137391 99
2.24859 0.0315 0.137624 99
2.25378 0.0946 0.137941 99
2.26526 0.1269 0.138644 93
2.28512 0.1601 0.139859 92
2.2976 0.1933 0.140623 84
2.34142 0.23 0.143305 74
2.39841 0.2695 0.146793 52
2.36078 -0.2649 0.14449 45
2.30858 -0.2264 0.141295 67
2.29171 -0.1924 0.140263 83
2.27225 -0.1588 0.139071 92
2.25728 -0.126 0.138155 94
2.2458 -0.0939 0.137453 99
2.23891 -0.0623 0.137031 99
2.25162 0.0236 0.154251 99
2.261 0.0554 0.154894 96
2.27696 0.0876 0.155987 96
2.29542 0.1205 0.157252 90
2.31847 0.1543 0.15883 89
2.34091 0.1887 0.160368 72
2.40067 0.2273 0.164462 60
2.47959 -0.2962 0.169868 72
2.36735 -0.2493 0.162179 50
2.31996 -0.2115 0.158933 71
2.3038 -0.1776 0.157826 85
2.27916 -0.1437 0.156138 94
2.26399 -0.1109 0.155099 94
2.25631 -0.0789 0.154572 99
2.25023 -0.0472 0.154155 99
2.25383 0.0284 0.164182 99
2.2642 0.0602 0.164938 95
2.27806 0.0925 0.165947 93
2.29851 0.1255 0.167437 90
2.32634 0.1597 0.169464 77
2.34778 0.1942 0.171026 75
2.41331 0.2337 0.175799 48
2.3786 -0.2505 0.173271 45
2.33023 -0.2125 0.169747 61
2.31497 -0.1785 0.168636 78
2.28345 -0.1439 0.16634 85
2.2643 -0.111 0.164945 93
2.25463 -0.0789 0.16424 99
2.25054 -0.0472 0.163942 99
2.26019 0.0257 0.186864 99
2.27454 0.0577 0.188051 95
2.28441 0.0899 0.188866 95
2.29298 0.1223 0.189575 87
2.31789 0.1561 0.191635 78
2.38397 0.1941 0.197098 69
2.41287 0.2304 0.199487 48
2.34151 -0.2116 0.193588 60
2.30344 -0.1758 0.19044 78
2.29278 -0.1428 0.189559 88
2.27863 -0.11 0.188389 96
2.26896 -0.0777 0.187589 96
2.26079 -0.0458 0.186914 94
2.28115 0.0032 0.18938 98
2.28584 0.0352 0.189769 96
2.29411 0.0675 0.190456 92
2.31085 0.1004 0.191846 87
2.3252 0.1337 0.193037 75
2.36785 0.1694 0.196578 63
2.42675 0.2079 0.201468 49
2.35759 -0.2319 0.195726 50
2.31882 -0.1954 0.192508 74
2.30647 -0.1618 0.191482 81
2.28853 -0.1284 0.189993 85
2.28315 -0.096 0.189546 97
2.28424 -0.064 0.189637 99
2.28784 0.0112 0.215873 98
2.28246 0.0432 0.215366 96
2.28963 0.0755 0.216042 88
2.2963 0.108 0.216671 88
2.31442 0.1414 0.218381 76
2.38471 0.1793 0.225013 72
2.38202 0.2128 0.224759 52
2.34867 -0.1799 0.221612 60
2.33413 -0.1459 0.220241 72
2.31004 -0.1119 0.217968 83
2.29441 -0.0789 0.216493 92
2.28435 -0.0465 0.215544 98
2.30179 0.0069 0.227484 90
2.30547 0.0392 0.227848 85
2.32059 0.072 0.229343 85
2.34717 0.1057 0.231969 81
2.37234 0.1402 0.234457 70
2.39095 0.1749 0.236296 70
2.44778 0.2136 0.241912 43
2.36259 -0.1816 0.233493 48
2.34398 -0.1472 0.231654 64
2.32597 -0.1133 0.229874 72
2.31134 -0.0802 0.228428 86
2.30029 -0.0476 0.227336 97
2.29861 0.0178 0.247495 90
2.30716 0.0502 0.248416 84
2.32407 0.0832 0.250235 72
2.35051 0.1171 0.253083 73
2.36354 0.151 0.254485 68
2.40679 0.1877 0.259142 54
2.33938 -0.1692 0.251884 63
2.32566 -0.1355 0.250407 79
2.31243 -0.1022 0.248983 76
2.30468 -0.0695 0.248148 89
2.30836 -0.0372 0.248544 87
2.33596 0.0168 0.236491 80
2.34054 0.0496 0.236954 70
2.35446 0.0829 0.238364 71
2.36601 0.1165 0.239532 63
2.39396 0.1515 0.242363 52
2.44202 -0.1919 0.247228 50
2.38988 -0.1542 0.24195 43
2.36989 -0.1196 0.239925 54
2.35238 -0.0857 0.238153 63
2.33944 -0.0525 0.236843 67
2.32713 0.0029 0.272253 79
2.3308 0.0356 0.272683 80
2.34203 0.0687 0.273996 72
2.35971 0.1024 0.276064 67
2.3749 0.1366 0.277842 55
2.42129 0.1734 0.283268 47
2.37778 -0.138 0.278179 55
2.35365 -0.1034 0.275355 61
2.34501 -0.07 0.274344 73
2.33279 -0.0369 0.272915 70
2.36885 0.01 0.293791 61
2.38632 0.0436 0.295957 60
2.4152 0.0781 0.299538 49
2.38235 -0.1072 0.295465 55
2.37173 -0.0734 0.294148 59
2.36756 -0.0399 0.293631 63
2.3752 0.0151 0.322569 57
2.38758 0.0488 0.324252 54
2.40255 0.0831 0.326284 51
2.3861 -0.0993 0.32405 51
2.37629 -0.0654 0.322717 61
