1.29151 0.0109 -0.10777 100
1.29121 0.029 -0.107745 100
1.29261 0.0471 -0.107862 100
1.29291 0.0653 -0.107887 100
1.29779 0.0838 -0.108294 100
1.30646 0.1028 -0.109018 100
1.31383 0.122 -0.109633 100
1.31144 -0.072 -0.109433 100
1.30337 -0.0533 -0.10876 100
1.29799 -0.0348 -0.108311 100
1.28281 0.0153 -0.0890282 100
1.28252 0.0332 -0.0890074 100
1.28291 0.0512 -0.0890351 100
1.28601 0.0693 -0.0892497 100
1.2899 0.0876 -0.0895197 100
1.29758 0.1064 -0.0900528 100
1.30785 0.1257 -0.090766 100
1.31883 0.1454 -0.0915275 100
1.3296 0.1654 -0.0922753 100
1.33609 0.1852 -0.0927253 100
1.36093 0.2081 -0.0944492 100
1.39634 0.2335 -0.096907 100
1.40821 -0.2093 -0.0977309 43
1.3714 -0.1842 -0.0951762 100
1.34317 -0.1614 -0.0932169 100
1.33629 -0.1416 -0.0927391 100
1.32222 -0.1215 -0.0917629 100
1.30995 -0.1019 -0.0909114 100
1.30027 -0.0828 -0.0902398 100
1.29129 -0.0642 -0.0896167 100
1.2871 -0.0459 -0.0893259 100
1.28561 -0.0279 -0.089222 100
1.28463 0.0063 -0.0781211 100
1.28243 0.0242 -0.0779875 100
1.28293 0.0422 -0.0780179 100
1.28523 0.0603 -0.0781575 100
1.28622 0.0784 -0.0782182 100
1.29002 0.0967 -0.0784488 100
1.2965 0.1155 -0.0788434 100
1.30669 0.1349 -0.0794625 100
1.31757 0.1546 -0.0801242 100
1.33014 0.175 -0.080889 100
1.33543 0.1948 -0.0812107 100
1.35919 0.2177 -0.0826554 100
1.39243 0.243 -0.0846767 100
1.44483 0.2731 -0.0878634 40
1.43475 -0.2126 -0.0872504 32
1.39203 -0.1864 -0.0846524 100
1.3558 -0.1623 -0.082449 100
1.34412 -0.1418 -0.0817388 100
1.32605 -0.1212 -0.0806401 100
1.31267 -0.1015 -0.0798267 100
1.301 -0.0823 -0.0791165 100
1.29301 -0.0636 -0.0786309 100
1.28982 -0.0454 -0.0784367 100
1.28832 -0.0273 -0.0783456 100
1.27205 0.0125 -0.068669 100
1.27175 0.0302 -0.0686528 100
1.27325 0.048 -0.0687337 100
1.27844 0.0661 -0.069014 100
1.28233 0.0843 -0.0692242 100
1.28802 0.1027 -0.0695315 100
1.29541 0.1215 -0.0699304 100
1.3045 0.1408 -0.0704209 100
1.31439 0.1605 -0.0709545 100
1.32687 0.1808 -0.0716283 100
1.33506 0.2009 -0.0720704 100
1.36461 0.2249 -0.0736659 100
1.40166 0.2512 -0.0756658 100
1.42003 -0.2198 -0.0766576 37
1.3755 -0.1933 -0.0742535 100
1.34334 -0.1697 -0.0725178 100
1.33366 -0.1496 -0.0719949 100
1.31978 -0.1294 -0.0712456 100
1.3075 -0.1098 -0.0705826 100
1.29691 -0.0907 -0.0700112 100
1.29012 -0.0721 -0.0696447 100
1.28703 -0.054 -0.0694776 100
1.28263 -0.0359 -0.0692404 100
1.27466 0.0105 -0.0585506 100
1.27536 0.0283 -0.0585827 100
1.27685 0.0462 -0.0586515 100
1.28305 0.0644 -0.058936 100
1.28804 0.0827 -0.0591655 100
1.29274 0.1011 -0.0593811 100
1.30013 0.12 -0.0597207 100
1.31022 0.1395 -0.0601841 100
1.32101 0.1593 -0.0606797 100
1.33749 0.1803 -0.0614368 100
1.34868 0.201 -0.0619508 100
1.38614 0.2264 -0.0636715 100
1.4232 0.253 -0.0653738 50
1.37065 -0.2026 -0.0629602 37
1.34169 -0.1792 -0.0616295 100
1.33509 -0.1593 -0.0613267 100
1.32031 -0.1389 -0.0606476 100
1.30822 -0.1192 -0.0600924 100
1.29783 -0.0999 -0.0596152 100
1.29004 -0.0812 -0.0592572 100
1.28514 -0.0629 -0.0590324 100
1.28085 -0.0448 -0.0588351 100
1.27635 -0.0268 -0.0586286 100
1.26823 0.0018 -0.0440661 100
1.26714 0.0194 -0.0440279 100
1.26774 0.0371 -0.0440487 100
1.26803 0.0549 -0.0440592 100
1.27013 0.0727 -0.0441321 100
1.27603 0.0909 -0.044337 100
1.28353 0.1094 -0.0445974 100
1.29282 0.1284 -0.0449203 100
1.30381 0.1479 -0.0453023 100
1.31551 0.1678 -0.0457086 100
1.3299 0.1885 -0.0462087 100
1.33699 0.2086 -0.0464552 100
1.36548 0.2326 -0.0474449 100
1.40245 0.2591 -0.0487297 100
1.40995 -0.2336 -0.0489901 100
1.36757 -0.2071 -0.0475178 100
1.33669 -0.1834 -0.0464448 100
1.3272 -0.1632 -0.0461149 100
1.31251 -0.1429 -0.0456044 100
1.30042 -0.1232 -0.0451843 100
1.29102 -0.1042 -0.0448578 100
1.28333 -0.0856 -0.0445905 100
1.27643 -0.0673 -0.0443509 100
1.27123 -0.0492 -0.0441703 100
1.26883 -0.0314 -0.044087 100
1.26757 0.0104 -0.0331924 100
1.26727 0.0281 -0.0331845 100
1.26777 0.0458 -0.0331976 100
1.26996 0.0637 -0.0332552 100
1.27296 0.0816 -0.0333337 100
1.27966 0.1 -0.0335091 100
1.28416 0.1184 -0.0336269 100
1.28826 0.137 -0.0337342 100
1.29716 0.1563 -0.0339672 100
1.30875 0.1762 -0.0342709 100
1.32295 0.197 -0.0346426 100
1.33294 0.2175 -0.0349043 100
1.36713 0.2428 -0.0357996 100
1.39902 0.2686 -0.0366346 100
1.39602 -0.2283 -0.0365561 100
1.36243 -0.2034 -0.0356766 100
1.33244 -0.1799 -0.0348913 100
1.32295 -0.1598 -0.0346426 100
1.31015 -0.1398 -0.0343075 100
1.29995 -0.1204 -0.0340405 100
1.29156 -0.1014 -0.0338206 100
1.28386 -0.0828 -0.0336191 100
1.27696 -0.0645 -0.0334384 100
1.27226 -0.0287 -0.0333154 100
1.26089 0.0053 -0.0169461 100
1.26069 0.0229 -0.0169434 100
1.26119 0.0405 -0.0169501 100
1.26359 0.0583 -0.0169824 100
1.26759 0.0762 -0.0170362 100
1.27239 0.0943 -0.0171007 100
1.27888 0.1128 -0.017188 100
1.28518 0.1314 -0.0172727 100
1.29318 0.1505 -0.0173802 100
1.30578 0.1705 -0.0175495 100
1.32208 0.1914 -0.0177686 100
1.32918 0.2114 -0.017864 100
1.35758 0.2354 -0.0182456 100
1.39447 0.2619 -0.0187415 100
1.40457 -0.2335 -0.0188772 41
1.36818 -0.2079 -0.0183881 100
1.33528 -0.1838 -0.0179459 100
1.32578 -0.1637 -0.0178183 100
1.31208 -0.1434 -0.0176342 100
1.29998 -0.1238 -0.0174716 100
1.28968 -0.1047 -0.0173331 100
1.28098 -0.086 -0.0172162 100
1.27408 -0.0677 -0.0171235 100
1.26889 -0.0496 -0.0170536 100
1.26449 -0.0318 -0.0169945 100
1.26089 0.0117 -0.00462143 100
1.26269 0.0293 -0.00462803 100
1.26309 0.047 -0.00462949 100
1.26529 0.0648 -0.00463756 100
1.26829 0.0827 -0.00464855 100
1.27299 0.1009 -0.00466578 100
1.28039 0.1195 -0.0046929 100
1.28659 0.1382 -0.00471562 100
1.29639 0.1577 -0.00475154 100
1.30899 0.1778 -0.00479773 100
1.32219 0.1984 -0.0048461 100
1.34099 0.2204 -0.00491501 100
1.35449 0.2421 -0.00496449 100
1.39809 0.2701 -0.00512429 100
1.42639 -0.2434 -0.00522802 24
1.38119 -0.2159 -0.00506235 100
1.34549 -0.1911 -0.0049315 100
1.33509 -0.1707 -0.00489339 100
1.31749 -0.1497 -0.00482888 100
1.30259 -0.1296 -0.00477427 100
1.29429 -0.1106 -0.00474385 100
1.28569 -0.0918 -0.00471233 100
1.27689 -0.0732 -0.00468007 100
1.26979 -0.055 -0.00465405 100
1.26549 -0.0371 -0.00463829 100
1.26389 -0.0194 -0.00463243 100
1.25989 0.0141 0.00571722 100
1.25859 0.0316 0.00571133 100
1.25899 0.0492 0.00571314 100
1.26219 0.067 0.00572766 100
1.26619 0.085 0.00574581 100
1.27179 0.1032 0.00577123 100
1.27919 0.1218 0.00580481 100
1.28629 0.1406 0.00583702 100
1.29419 0.1598 0.00587287 100
1.30669 0.1799 0.0059296 100
1.32179 0.2008 0.00599812 100
1.34259 0.2231 0.0060925 100
1.35409 0.2445 0.00614469 100
1.39569 0.2722 0.00633346 100
1.41659 -0.2469 0.0064283 36
1.37449 -0.2198 0.00623726 100
1.34089 -0.1953 0.00608479 100
1.33149 -0.175 0.00604213 100
1.31499 -0.1542 0.00596726 100
1.29909 -0.134 0.00589511 100
1.28789 -0.1147 0.00584428 100
1.28139 -0.0961 0.00581479 100
1.27359 -0.0777 0.00577939 100
1.26659 -0.0595 0.00574763 100
1.26329 -0.0417 0.00573265 100
1.25979 -0.024 0.00571677 100
1.25776 0.0114 0.0186606 100
1.25756 0.029 0.0186577 100
1.25896 0.0466 0.0186784 100
1.26226 0.0644 0.0187274 100
1.26516 0.0823 0.0187704 100
1.26986 0.1004 0.0188401 100
1.27736 0.119 0.0189514 100
1.28246 0.1376 0.0190271 100
1.29036 0.1567 0.0191443 100
1.30496 0.177 0.0193608 100
1.32015 0.1979 0.0195863 100
1.32905 0.2182 0.0197184 100
1.35635 0.2422 0.0201233 100
1.38825 0.268 0.0205966 100
1.44994 0.301 0.0215119 40
1.40435 -0.2407 0.0208354 40
1.36905 -0.215 0.0203117 100
1.33435 -0.1905 0.019797 100
1.32295 -0.17 0.0196279 100
1.31036 -0.1498 0.0194409 100
1.29836 -0.1301 0.0192629 100
1.28806 -0.1109 0.0191101 100
1.28056 -0.0923 0.0189989 100
1.27276 -0.0739 0.0188832 100
1.26666 -0.0558 0.0187927 100
1.26226 -0.0379 0.0187274 100
1.25966 -0.0202 0.0186888 100
1.25472 0.0114 0.0212441 100
1.25652 0.0289 0.0212745 100
1.25792 0.0466 0.0212982 100
1.26022 0.0643 0.0213372 100
1.26512 0.0822 0.0214201 100
1.27082 0.1004 0.0215166 100
1.27732 0.1189 0.0216267 100
1.28342 0.1376 0.0217299 100
1.29331 0.1569 0.0218975 100
1.30781 0.1772 0.022143 100
1.32211 0.198 0.0223851 100
1.33101 0.2184 0.0225357 100
1.35841 0.2424 0.0229996 100
1.3961 0.2692 0.0236378 100
1.3881 -0.2467 0.0235024 51
1.34991 -0.2205 0.0228557 100
1.33801 -0.1994 0.0226542 100
1.31991 -0.1779 0.0223478 100
1.30431 -0.1573 0.0220837 100
1.29052 -0.1374 0.0218501 100
1.28032 -0.1183 0.0216774 100
1.27192 -0.0996 0.0215352 100
1.26622 -0.0814 0.0214387 100
1.26222 -0.0635 0.021371 100
1.25902 -0.0457 0.0213169 100
1.25752 -0.0281 0.0212915 100
1.25528 0.0096 0.0425193 100
1.25498 0.0272 0.0425091 100
1.25448 0.0447 0.0424922 100
1.25578 0.0624 0.0425362 100
1.25968 0.0803 0.0426682 100
1.26647 0.0985 0.0428984 100
1.27487 0.1171 0.0431828 100
1.28107 0.1358 0.0433927 100
1.28896 0.1549 0.0436601 100
1.30055 0.1747 0.0440528 100
1.31385 0.1953 0.044503 100
1.32184 0.2154 0.0447739 100
1.35013 0.2394 0.0457319 100
1.38601 0.2658 0.0469472 100
1.44377 0.2979 0.0489039 51
1.3934 -0.2358 0.0471977 52
1.36002 -0.2106 0.046067 100
1.32814 -0.1867 0.0449871 100
1.31874 -0.1666 0.0446689 100
1.30105 -0.1459 0.0440697 100
1.29006 -0.1265 0.0436973 100
1.28077 -0.1075 0.0433825 100
1.27217 -0.0889 0.0430914 100
1.26627 -0.0707 0.0428916 100
1.26218 -0.0527 0.0427528 100
1.25878 -0.035 0.0426378 100
1.25256 0.0044 0.0601646 100
1.25236 0.0219 0.060155 100
1.25296 0.0395 0.0601838 100
1.25525 0.0571 0.0602941 100
1.25735 0.0749 0.0603949 100
1.26015 0.0927 0.0605292 100
1.26374 0.1108 0.0607019 100
1.26904 0.1292 0.0609562 100
1.27893 0.1483 0.0614312 100
1.28961 0.1678 0.0619446 100
1.302 0.188 0.0625395 100
1.31508 0.2087 0.063168 100
1.32377 0.2291 0.0635854 100
1.35384 0.2539 0.0650296 100
1.3864 0.2801 0.0665936 100
1.46441 0.3173 0.0703407 42
1.41607 -0.2464 0.0680186 35
1.36912 -0.2185 0.0657636 100
1.33546 -0.194 0.0641468 100
1.32517 -0.1736 0.0636526 100
1.30859 -0.1529 0.0628561 100
1.29571 -0.133 0.0622372 100
1.28552 -0.1138 0.0617478 100
1.27903 -0.0952 0.061436 100
1.27123 -0.0768 0.0610618 100
1.26514 -0.0587 0.0607691 100
1.25985 -0.0408 0.0605148 100
1.25635 -0.0231 0.0603469 100
1.24992 0.0096 0.0720702 100
1.24863 0.0271 0.0719953 100
1.25112 0.0446 0.0721392 100
1.25342 0.0623 0.0722716 100
1.25541 0.08 0.0723868 100
1.25911 0.0979 0.0725997 100
1.2636 0.1161 0.0728588 100
1.26879 0.1344 0.0731581 100
1.27668 0.1534 0.0736129 100
1.28736 0.1729 0.0742288 100
1.29964 0.1931 0.0749368 100
1.31352 0.214 0.075737 100
1.35605 0.26 0.0781892 100
1.39049 0.2868 0.0801752 100
1.42843 -0.2533 0.0823626 36
1.36972 -0.2231 0.0789778 100
1.33908 -0.199 0.0772106 100
1.33089 -0.1788 0.0767386 100
1.31542 -0.158 0.0758464 100
1.29954 -0.1377 0.0749311 100
1.28746 -0.1182 0.0742346 100
1.26909 -0.0987 0.0731754 100
1.2643 -0.0805 0.0728991 100
1.25931 -0.0626 0.0726113 100
1.25611 -0.0448 0.0724271 100
1.24485 0.0122 0.0872664 100
1.24554 0.0296 0.0873153 100
1.25103 0.0472 0.0876999 100
1.25622 0.065 0.0880636 100
1.26021 0.0829 0.0883433 100
1.2649 0.1009 0.088672 100
1.26928 0.1192 0.0889797 100
1.27547 0.1377 0.0894132 100
1.28435 0.1569 0.0900356 100
1.29682 0.1768 0.0909098 100
1.31108 0.1974 0.0919098 100
1.31896 0.2175 0.0924622 100
1.34829 0.2417 0.0945182 100
1.38001 0.2674 0.096742 100
1.44156 0.3002 0.101057 100
1.44545 -0.2706 0.101329 35
1.37822 -0.2381 0.0966161 100
1.344 -0.2129 0.0942175 100
1.33492 -0.1924 0.0935811 100
1.31577 -0.1709 0.0922384 100
1.30111 -0.1506 0.0912105 100
1.28824 -0.1309 0.0903084 100
1.27896 -0.1119 0.089658 100
1.27148 -0.0934 0.0891335 100
1.2637 -0.0751 0.0885881 100
1.25861 -0.0572 0.0882314 100
1.25332 -0.0394 0.0878608 100
1.24973 -0.0218 0.087609 100
1.24317 0.0026 0.0976215 100
1.24596 0.0201 0.0978407 100
1.25155 0.0377 0.0982791 100
1.25494 0.0554 0.0985453 100
1.25703 0.0731 0.0987097 100
1.26082 0.0911 0.0990072 100
1.2664 0.1093 0.0994456 100
1.27468 0.128 0.100095 100
1.28265 0.147 0.100722 100
1.29332 0.1666 0.101559 100
1.30967 0.1874 0.102843 100
1.31386 0.2068 0.103172 100
1.33539 0.2294 0.104863 100
1.3654 0.2543 0.107219 100
1.41155 0.2834 0.110844 100
1.40039 -0.2567 0.109967 40
1.35961 -0.2296 0.106765 100
1.32921 -0.2054 0.104378 100
1.32303 -0.1855 0.103892 100
1.30668 -0.1646 0.102608 100
1.29202 -0.1444 0.101457 100
1.28395 -0.1253 0.100823 100
1.27567 -0.1065 0.100174 100
1.2671 -0.088 0.0995004 100
1.26022 -0.0698 0.0989602 100
1.25603 -0.0519 0.0986314 100
1.25264 -0.0342 0.0983652 100
1.24522 0.0061 0.109162 100
1.24503 0.0236 0.109145 100
1.24851 0.0411 0.10945 100
1.2518 0.0588 0.109738 100
1.25489 0.0766 0.110009 100
1.25967 0.0946 0.110428 100
1.26515 0.1129 0.110909 100
1.27142 0.1314 0.111459 100
1.27929 0.1504 0.112149 100
1.28896 0.1699 0.112996 100
1.30031 0.1899 0.113991 100
1.31615 0.2111 0.11538 100
1.33568 0.2335 0.117092 100
1.34703 0.255 0.118087 100
1.38529 0.2824 0.121441 100
1.41119 -0.2531 0.123711 39
1.36536 -0.2252 0.119694 100
1.331 -0.2004 0.116681 100
1.31984 -0.1798 0.115703 100
1.30629 -0.1594 0.114515 100
1.29354 -0.1395 0.113397 100
1.28447 -0.1203 0.112603 100
1.2771 -0.1016 0.111957 100
1.26844 -0.083 0.111197 100
1.26047 -0.0648 0.110498 100
1.25628 -0.0469 0.110131 100
1.2519 -0.0292 0.109747 100
1.24356 0.0017 0.126754 100
1.24346 0.0192 0.126744 100
1.24704 0.0367 0.127109 100
1.25032 0.0543 0.127444 100
1.25341 0.0721 0.127758 100
1.25828 0.09 0.128255 100
1.26385 0.1082 0.128823 100
1.27111 0.1268 0.129563 100
1.27818 0.1456 0.130283 100
1.28982 0.1653 0.13147 100
1.30315 0.1855 0.132829 100
1.31718 0.2064 0.134258 100
1.32692 0.227 0.135252 100
1.35886 0.2521 0.138507 100
1.40602 0.2813 0.143314 100
1.38701 -0.2533 0.141377 49
1.34622 -0.2265 0.137219 100
1.33349 -0.2052 0.135921 100
1.31548 -0.1836 0.134086 100
1.30016 -0.1629 0.132524 100
1.28743 -0.143 0.131226 100
1.27838 -0.1239 0.130304 100
1.27111 -0.1053 0.129563 100
1.26345 -0.0869 0.128783 100
1.25758 -0.0688 0.128184 100
1.25549 -0.051 0.127971 100
1.25112 -0.0333 0.127525 100
1.24368 0.0004 0.144118 100
1.24358 0.0179 0.144107 100
1.24715 0.0354 0.144521 100
1.25053 0.053 0.144913 100
1.25262 0.0707 0.145154 100
1.25848 0.0887 0.145834 100
1.26503 0.107 0.146593 100
1.27239 0.1256 0.147445 100
1.28033 0.1445 0.148366 100
1.29007 0.1639 0.149494 100
1.30437 0.1843 0.151152 100
1.32136 0.2056 0.15312 100
1.3301 0.2261 0.154133 100
1.36407 0.2515 0.15807 100
1.40818 0.2801 0.163181 100
1.38662 -0.2492 0.160683 48
1.35364 -0.2238 0.156861 100
1.32225 -0.1996 0.153224 100
1.31212 -0.1794 0.152049 100
1.29871 -0.159 0.150495 100
1.28788 -0.1394 0.149241 100
1.27686 -0.1202 0.147963 100
1.26752 -0.1014 0.146881 100
1.26086 -0.0831 0.14611 100
1.2559 -0.0652 0.145534 100
1.25272 -0.0474 0.145166 100
1.25023 -0.0298 0.144878 100
1.2445 0.0114 0.153246 100
1.2443 0.0289 0.153222 100
1.24668 0.0465 0.153515 100
1.24897 0.0641 0.153796 100
1.25284 0.082 0.154273 100
1.25859 0.1001 0.154982 100
1.26296 0.1184 0.15552 100
1.2711 0.1372 0.156522 100
1.28182 0.1566 0.157842 100
1.29333 0.1764 0.159259 100
1.30643 0.197 0.160873 100
1.3242 0.2187 0.16306 100
1.33472 0.2397 0.164356 100
1.37224 0.2664 0.168976 100
1.41015 0.2944 0.173644 100
1.41491 -0.2593 0.174231 31
1.37531 -0.2321 0.169354 100
1.3372 -0.2064 0.164661 100
1.32618 -0.1857 0.163305 100
1.30991 -0.1647 0.1613 100
1.2972 -0.1446 0.159736 100
1.28628 -0.1251 0.158392 100
1.27596 -0.106 0.157121 100
1.26643 -0.0873 0.155947 100
1.25959 -0.0691 0.155104 100
1.25452 -0.0512 0.154481 100
1.25115 -0.0334 0.154065 100
1.24788 0.0064 0.166946 100
1.24868 0.024 0.167052 100
1.25214 0.0417 0.167517 100
1.25641 0.0596 0.168087 100
1.26037 0.0776 0.168617 100
1.26414 0.0958 0.169121 100
1.27058 0.1143 0.169983 100
1.27682 0.133 0.170818 100
1.28664 0.1524 0.172131 100
1.29813 0.1723 0.173669 100
1.3133 0.1932 0.175698 100
1.3242 0.2139 0.177157 100
1.3582 0.2391 0.181705 100
1.39854 0.2666 0.187102 100
1.40677 -0.2658 0.188203 33
1.36345 -0.2378 0.182408 100
1.32747 -0.2123 0.177594 100
1.31657 -0.1916 0.176136 100
1.30329 -0.1709 0.174359 100
1.29179 -0.1509 0.172821 100
1.2799 -0.1313 0.171229 100
1.27276 -0.1124 0.170275 100
1.26919 -0.0941 0.169797 100
1.26255 -0.0757 0.168909 100
1.2575 -0.0577 0.168233 100
1.25423 -0.0398 0.167795 100
1.24967 -0.022 0.167185 100
1.24702 0.0051 0.17326 100
1.24781 0.0226 0.17337 100
1.2494 0.0403 0.173591 100
1.25267 0.0581 0.174045 100
1.25663 0.076 0.174595 100
1.26237 0.0942 0.175393 100
1.26792 0.1126 0.176164 100
1.27406 0.1313 0.177017 100
1.28397 0.1506 0.178393 100
1.29546 0.1705 0.17999 100
1.30873 0.191 0.181834 100
1.31665 0.2112 0.182935 100
1.34587 0.2353 0.186995 100
1.37945 0.2613 0.19166 100
1.43878 0.2936 0.199903 47
1.41194 -0.2597 0.196174 38
1.36271 -0.2309 0.189334 100
1.33052 -0.2062 0.184861 100
1.3224 -0.1859 0.183733 100
1.30615 -0.1649 0.181476 100
1.29258 -0.1447 0.179591 100
1.2807 -0.1251 0.177939 100
1.27337 -0.1063 0.176921 100
1.26782 -0.0879 0.17615 100
1.26099 -0.0696 0.175201 100
1.25495 -0.0515 0.174361 100
1.25049 -0.0337 0.173742 100
1.24912 0.0156 0.179111 100
1.25081 0.0333 0.179353 100
1.25417 0.0511 0.179835 100
1.25823 0.0691 0.180417 100
1.26209 0.0872 0.180971 100
1.26674 0.1055 0.181638 100
1.271 0.1239 0.182248 100
1.27902 0.1429 0.183398 100
1.2907 0.1627 0.185073 100
1.30307 0.1829 0.186847 100
1.31703 0.2039 0.188848 100
1.33257 0.2256 0.191077 100
1.34395 0.247 0.192709 100
1.38117 0.2741 0.198046 100
1.38098 -0.2363 0.198018 49
1.34504 -0.2106 0.192865 100
1.33505 -0.1898 0.191432 100
1.31495 -0.1681 0.18855 100
1.29941 -0.1475 0.186322 100
1.28555 -0.1276 0.184335 100
1.27734 -0.1086 0.183157 100
1.27179 -0.0901 0.182362 100
1.26506 -0.0717 0.181397 100
1.25902 -0.0535 0.180531 100
1.25467 -0.0356 0.179906 100
1.2511 -0.0179 0.179395 100
1.24843 0.0088 0.184575 100
1.24912 0.0264 0.184677 100
1.25258 0.0442 0.185189 100
1.25684 0.0621 0.185818 100
1.26178 0.0801 0.186549 100
1.26742 0.0984 0.187383 100
1.27286 0.1169 0.188187 100
1.27999 0.1358 0.18924 100
1.29077 0.1554 0.190834 100
1.30422 0.1756 0.192823 100
1.31046 0.1953 0.193745 100
1.33301 0.2179 0.19708 100
1.3708 0.244 0.202667 100
1.40226 0.27 0.207317 100
1.41215 -0.2657 0.20878 26
1.37179 -0.2382 0.202813 100
1.33489 -0.2124 0.197357 100
1.32401 -0.1916 0.195749 100
1.30788 -0.1705 0.193365 100
1.29433 -0.1502 0.191361 100
1.28246 -0.1306 0.189606 100
1.27336 -0.1115 0.18826 100
1.26782 -0.0931 0.187441 100
1.26109 -0.0747 0.186447 100
1.25605 -0.0567 0.185701 100
1.25278 -0.0389 0.185218 100
1.24922 -0.0211 0.184692 100
1.25311 0.0106 0.193767 100
1.25479 0.0284 0.194027 100
1.25726 0.0462 0.194409 100
1.25844 0.064 0.194593 100
1.26042 0.082 0.194898 100
1.26605 0.1003 0.195769 100
1.27337 0.119 0.1969 100
1.28345 0.1382 0.198459 100
1.29412 0.1579 0.200109 100
1.30558 0.178 0.201882 100
1.32149 0.1992 0.204342 100
1.33237 0.2201 0.206023 100
1.36804 0.2459 0.21154 100
1.40728 0.2734 0.217606 100
1.43821 -0.2634 0.222389 100
1.38128 -0.2329 0.213587 51
1.34828 -0.2078 0.208483 100
1.32061 -0.1845 0.204204 100
1.31132 -0.1644 0.202768 100
1.29965 -0.1444 0.200965 100
1.28967 -0.1249 0.199421 100
1.27851 -0.1056 0.197695 100
1.27099 -0.0869 0.196533 100
1.26516 -0.0686 0.195632 100
1.26003 -0.0505 0.194837 100
1.25667 -0.0326 0.194317 100
1.2495 0.008 0.203718 100
1.25118 0.0256 0.203992 100
1.25473 0.0434 0.204571 100
1.25592 0.0612 0.204764 100
1.25888 0.0792 0.205247 100
1.2646 0.0975 0.20618 100
1.27102 0.1161 0.207226 100
1.27911 0.135 0.208546 100
1.28888 0.1545 0.210139 100
1.30033 0.1745 0.212005 100
1.31444 0.1953 0.214306 100
1.32037 0.2153 0.215272 100
1.34642 0.2391 0.21952 100
1.3934 0.2678 0.22718 100
1.46121 0.3022 0.238234 39
1.4011 -0.2695 0.228435 31
1.35807 -0.2414 0.221419 100
1.34563 -0.2197 0.219391 100
1.3251 -0.1972 0.216044 100
1.30714 -0.1757 0.213116 100
1.29273 -0.1552 0.210766 100
1.28276 -0.1174 0.209141 100
1.27536 -0.0986 0.207934 100
1.26875 -0.0801 0.206856 100
1.26184 -0.0617 0.20573 100
1.25759 -0.0438 0.205038 100
1.25611 -0.026 0.204796 100
1.25516 0.0118 0.217706 100
1.25693 0.0296 0.218014 100
1.2593 0.0475 0.218424 100
1.26344 0.0655 0.219142 100
1.26836 0.0838 0.219996 100
1.27398 0.1023 0.22097 100
1.28127 0.1211 0.222235 100
1.29024 0.1404 0.22379 100
1.30088 0.1602 0.225636 100
1.31516 0.1809 0.228114 100
1.32324 0.2011 0.229515 100
1.35152 0.225 0.23442 100
1.39389 0.2524 0.241769 100
1.43665 0.2812 0.249186 42
1.41192 -0.2636 0.244896 47
1.37655 -0.2369 0.238761 100
1.34551 -0.212 0.233378 100
1.31713 -0.1885 0.228456 100
1.30886 -0.1685 0.22702 100
1.29634 -0.1483 0.22485 100
1.28452 -0.1285 0.222799 100
1.27733 -0.1096 0.221551 100
1.27181 -0.091 0.220594 100
1.26698 -0.0727 0.219757 100
1.26294 -0.0545 0.219056 100
1.25772 -0.0365 0.218151 100
1.25516 -0.0186 0.217706 100
1.25301 0.0158 0.229745 100
1.25468 0.0336 0.230051 100
1.25803 0.0516 0.230664 100
1.26304 0.0698 0.231584 100
1.26688 0.088 0.232288 100
1.27042 0.1064 0.232937 100
1.27868 0.1254 0.234452 100
1.28852 0.1448 0.236255 100
1.30111 0.165 0.238564 100
1.30741 0.1846 0.239718 100
1.32904 0.207 0.243685 100
1.36495 0.2324 0.250268 100
1.38678 0.2564 0.254272 100
1.38314 -0.2426 0.253605 49
1.34852 -0.2168 0.247256 100
1.31921 -0.193 0.241882 100
1.31006 -0.1727 0.240205 100
1.29757 -0.1524 0.237914 100
1.28783 -0.1327 0.236129 100
1.27878 -0.1135 0.23447 100
1.27032 -0.0946 0.232919 100
1.26659 -0.0763 0.232233 100
1.26265 -0.0581 0.231512 100
1.25744 -0.0399 0.230556 100
1.2539 -0.022 0.229907 100
1.2618 0.0159 0.247784 100
1.26151 0.0339 0.247726 100
1.2619 0.0519 0.247803 100
1.26494 0.0701 0.248401 100
1.26975 0.0885 0.249345 100
1.27623 0.1072 0.250617 100
1.28437 0.1263 0.252216 100
1.29615 0.1461 0.254528 100
1.30959 0.1665 0.257168 100
1.32176 0.1872 0.259558 100
1.33265 0.2082 0.261697 100
1.36748 0.2336 0.268537 100
1.39986 0.2596 0.274896 100
1.39015 -0.2581 0.272988 44
1.34903 -0.2307 0.264915 100
1.33657 -0.209 0.262467 100
1.31499 -0.1865 0.258228 100
1.29987 -0.1655 0.255261 100
1.28839 -0.1455 0.253006 100
1.27946 -0.1261 0.251253 100
1.2723 -0.1071 0.249846 100
1.26681 -0.0885 0.248767 100
1.26298 -0.0702 0.248015 100
1.26239 -0.0341 0.2479 100
1.26009 0.0009 0.256827 100
1.26 0.0188 0.256807 100
1.2596 0.0368 0.256727 100
1.26088 0.0548 0.256987 100
1.26587 0.073 0.258005 100
1.27362 0.0917 0.259583 100
1.28194 0.1106 0.261281 100
1.2891 0.1298 0.262738 100
1.29792 0.1493 0.264536 100
1.31134 0.1698 0.267272 100
1.32829 0.1912 0.270727 100
1.33809 0.2121 0.272724 100
1.3718 0.2375 0.279594 100
1.42912 0.2684 0.291277 45
1.38669 -0.2492 0.28263 47
1.34838 -0.2226 0.274821 100
1.3329 -0.2006 0.271665 100
1.30732 -0.1778 0.266453 100
1.29988 -0.158 0.264935 100
1.28929 -0.1381 0.262778 100
1.28224 -0.119 0.26134 100
1.27205 -0.0998 0.259263 100
1.2645 -0.0811 0.257726 100
1.26254 -0.063 0.257326 100
1.26127 -0.0449 0.257067 100
1.25882 -0.0269 0.256567 100
1.25943 0.0085 0.269769 100
1.26207 0.0266 0.270334 100
1.26452 0.0447 0.270858 100
1.26872 0.0629 0.271759 100
1.27557 0.0815 0.273225 100
1.28407 0.1005 0.275047 100
1.29229 0.1197 0.276806 100
1.30216 0.1393 0.278922 100
1.31761 0.16 0.282231 100
1.32504 0.1801 0.283823 100
1.35047 0.2032 0.289269 100
1.3843 0.2285 0.296515 100
1.43691 0.2583 0.307784 47
1.41833 -0.2677 0.303804 46
1.36689 -0.2379 0.292787 100
1.33424 -0.2127 0.285792 100
1.32446 -0.1918 0.283697 100
1.3095 -0.1706 0.280493 100
1.2961 -0.1501 0.277623 100
1.28632 -0.1305 0.275529 100
1.27635 -0.1111 0.273392 100
1.26892 -0.0922 0.271801 100
1.2652 -0.0738 0.271005 100
1.26315 -0.0557 0.270565 100
1.26188 -0.0376 0.270293 100
1.26129 -0.0196 0.270167 100
1.26068 0.009 0.273489 100
1.26038 0.027 0.273426 100
1.25989 0.0449 0.27332 100
1.26214 0.063 0.273807 100
1.26693 0.0814 0.274846 100
1.27455 0.1001 0.2765 100
1.28276 0.1192 0.278281 100
1.29361 0.1388 0.280634 100
1.30622 0.159 0.283369 100
1.31941 0.1797 0.286231 100
1.32938 0.2004 0.288393 100
1.36221 0.2253 0.295517 100
1.40043 0.2521 0.303806 100
1.41567 -0.2556 0.307113 39
1.37463 -0.2281 0.298209 100
1.337 -0.2023 0.290047 100
1.32508 -0.1812 0.28746 100
1.30905 -0.1601 0.283983 100
1.29654 -0.1398 0.28127 100
1.28657 -0.1203 0.279107 100
1.27739 -0.1011 0.277115 100
1.26986 -0.0823 0.275482 100
1.26498 -0.0639 0.274422 100
1.26185 -0.0457 0.273744 100
1.25941 -0.0276 0.273214 100
1.25991 0.0081 0.277009 100
1.26059 0.0261 0.277159 100
1.26108 0.0442 0.277266 100
1.26235 0.0623 0.277545 100
1.2643 0.0805 0.277975 100
1.27085 0.0992 0.279414 100
1.28012 0.1184 0.281454 100
1.28706 0.1376 0.282978 100
1.29673 0.1574 0.285104 100
1.31089 0.1781 0.288218 100
1.32769 0.1998 0.291911 100
1.3354 0.2205 0.293608 100
1.36695 0.2458 0.300544 100
1.41237 0.2748 0.310529 100
1.39596 -0.2323 0.306921 42
1.35259 -0.2052 0.297387 100
1.33492 -0.1831 0.2935 100
1.31304 -0.161 0.28869 100
1.30825 -0.1415 0.287638 100
1.29556 -0.1214 0.284846 100
1.2854 -0.102 0.282613 100
1.2769 -0.0829 0.280745 100
1.27104 -0.0643 0.279457 100
1.26694 -0.046 0.278555 100
1.26254 -0.0278 0.277588 100
1.26141 0.0065 0.274802 100
1.26122 0.0245 0.27476 100
1.26171 0.0425 0.274866 100
1.26298 0.0606 0.275143 100
1.26689 0.0789 0.275994 100
1.27441 0.0976 0.277633 100
1.28174 0.1166 0.27923 100
1.28877 0.1358 0.280762 100
1.29649 0.1553 0.282444 100
1.30783 0.1756 0.284913 100
1.32756 0.1976 0.289213 100
1.33733 0.2185 0.291341 100
1.36792 0.2436 0.298004 100
1.41726 0.2732 0.308753 52
1.38961 -0.2319 0.302729 40
1.34916 -0.2054 0.293917 100
1.33733 -0.1842 0.291341 100
1.31642 -0.1622 0.286786 100
1.30196 -0.1417 0.283636 100
1.29307 -0.1221 0.281699 100
1.28486 -0.1028 0.279911 100
1.27636 -0.0839 0.278059 100
1.26864 -0.0652 0.276377 100
1.26444 -0.0469 0.275462 100
1.26112 -0.0288 0.274738 100
1.2643 0.0054 0.280289 100
1.26313 0.0235 0.28003 100
1.2646 0.0415 0.280354 100
1.26684 0.0597 0.280852 100
1.27182 0.0782 0.281956 100
1.27836 0.0969 0.283406 100
1.28276 0.1157 0.28438 100
1.28783 0.1347 0.285506 100
1.29662 0.1543 0.287453 100
1.3098 0.1749 0.290375 100
1.31702 0.195 0.291977 100
1.34124 0.2182 0.297345 100
1.37277 0.2435 0.304336 100
1.41436 0.2717 0.313556 52
1.41582 -0.2345 0.313881 33
1.37052 -0.2069 0.303838 100
1.33548 -0.1822 0.296068 100
1.32522 -0.1616 0.293795 100
1.31078 -0.1409 0.290592 100
1.29896 -0.1209 0.287973 100
1.28881 -0.1014 0.285722 100
1.28129 -0.0824 0.284055 100
1.27446 -0.0637 0.28254 100
1.27036 -0.0454 0.281631 100
1.26694 -0.0272 0.280874 100
1.26318 0.0081 0.280734 100
1.26386 0.0262 0.280886 100
1.2663 0.0444 0.281429 100
1.26855 0.0626 0.281928 100
1.27343 0.0811 0.283012 100
1.27997 0.0999 0.284466 100
1.28719 0.119 0.286071 100
1.29618 0.1385 0.288067 100
1.30867 0.1587 0.290844 100
1.32097 0.1794 0.293578 100
1.33766 0.2012 0.297288 100
1.34928 0.2226 0.299869 100
1.38842 0.2495 0.308569 100
1.42249 -0.2472 0.316141 24
1.37076 -0.2181 0.304642 100
1.33971 -0.1936 0.297743 100
1.33063 -0.173 0.295726 100
1.31345 -0.1517 0.291907 100
1.29979 -0.1314 0.28887 100
1.29081 -0.1118 0.286874 100
1.28339 -0.0928 0.285225 100
1.27577 -0.0739 0.283533 100
1.26982 -0.0554 0.28221 100
1.26562 -0.0371 0.281277 100
1.26308 -0.019 0.280713 100
1.26211 0.0036 0.280958 100
1.26289 0.0217 0.281132 100
1.26542 0.0398 0.281697 100
1.26669 0.058 0.281979 100
1.27265 0.0765 0.283305 100
1.28212 0.0955 0.285412 100
1.28846 0.1145 0.286825 100
1.29461 0.1337 0.288194 100
1.30525 0.1537 0.290562 100
1.32145 0.1748 0.294169 100
1.33053 0.1953 0.29619 100
1.36245 0.2199 0.303295 100
1.39398 0.2455 0.310314 100
1.40208 -0.2439 0.312118 31
1.36674 -0.2176 0.304252 100
1.33668 -0.1933 0.297559 100
1.3276 -0.1727 0.295538 100
1.31042 -0.1514 0.291714 100
1.29773 -0.1312 0.288889 100
1.28875 -0.1117 0.28689 100
1.28036 -0.0926 0.285021 100
1.27275 -0.0738 0.283326 100
1.26679 -0.0553 0.282001 100
1.26357 -0.037 0.281284 100
1.26201 -0.0189 0.280936 100
1.26269 0.012 0.282476 100
1.26445 0.03 0.282869 100
1.26581 0.0481 0.283175 100
1.26991 0.0665 0.284091 100
1.27567 0.085 0.285379 100
1.28221 0.1039 0.286842 100
1.28845 0.1229 0.288239 100
1.29831 0.1425 0.290444 100
1.31265 0.1631 0.293654 100
1.32876 0.1844 0.297256 100
1.33676 0.2049 0.299046 100
1.36847 0.2298 0.306141 100
1.42098 0.2595 0.317886 100
1.42146 -0.2562 0.317996 36
1.37472 -0.2276 0.307538 49
1.34388 -0.2029 0.30064 100
1.32241 -0.1804 0.295837 100
1.31597 -0.1604 0.294396 100
1.30446 -0.1401 0.29182 100
1.29353 -0.1203 0.289375 100
1.28338 -0.101 0.287104 100
1.27489 -0.082 0.285205 100
1.26913 -0.0635 0.283917 100
1.26689 -0.0452 0.283415 100
1.26445 -0.0271 0.282869 100
1.26284 0.0065 0.282277 100
1.26264 0.0246 0.282234 100
1.26508 0.0428 0.282779 100
1.2683 0.0611 0.283499 100
1.27416 0.0797 0.284808 100
1.28265 0.0986 0.286706 100
1.29094 0.1179 0.28856 100
1.29885 0.1374 0.290327 100
1.31144 0.1577 0.293141 100
1.32754 0.1789 0.29674 100
1.33369 0.2188 0.298115 100
1.36521 0.244 0.305161 100
1.40005 0.271 0.312948 100
1.41947 -0.2328 0.317289 17
1.37224 -0.205 0.306731 100
1.33915 -0.1805 0.299336 100
1.32891 -0.1598 0.297046 100
1.31339 -0.1389 0.293577 100
1.3006 -0.1188 0.29072 100
1.29241 -0.0994 0.288887 100
1.28489 -0.0803 0.287207 100
1.27611 -0.0615 0.285244 100
1.27094 -0.043 0.284088 100
1.26752 -0.0247 0.283324 100
1.26147 0.0045 0.283821 100
1.26127 0.0226 0.283777 100
1.26478 0.0408 0.284567 100
1.26703 0.059 0.285072 100
1.26898 0.0773 0.285511 100
1.27561 0.0961 0.287004 100
1.28293 0.1151 0.28865 100
1.2919 0.1346 0.290669 100
1.30156 0.1544 0.292843 100
1.3119 0.1747 0.295169 100
1.32 0.1951 0.296991 100
1.3442 0.2183 0.302435 100
1.37669 0.2438 0.309744 100
1.41347 0.2713 0.31802 100
1.40878 -0.235 0.316966 28
1.36839 -0.2082 0.307879 100
1.33629 -0.1838 0.300657 100
1.31542 -0.1618 0.295959 100
1.30976 -0.1421 0.294686 100
1.29795 -0.1221 0.29203 100
1.28878 -0.1026 0.289967 100
1.28322 -0.0837 0.288716 100
1.27844 -0.065 0.28764 100
1.27142 -0.0464 0.28606 100
1.26508 -0.0281 0.284633 100
1.26186 0.0133 0.281597 100
1.26254 0.0314 0.281749 100
1.26498 0.0496 0.282294 100
1.26899 0.0679 0.283187 100
1.27474 0.0865 0.284472 100
1.28226 0.1055 0.286149 100
1.28938 0.1246 0.287739 100
1.29827 0.1442 0.289721 100
1.30978 0.1645 0.292291 100
1.32481 0.1857 0.295645 100
1.33467 0.2065 0.297845 100
1.36737 0.2316 0.305141 100
1.40826 0.2593 0.314267 100
1.44613 -0.258 0.322718 49
1.38786 -0.2272 0.309715 49
1.35604 -0.2022 0.302615 100
1.32764 -0.1786 0.296277 100
1.31935 -0.1583 0.294425 100
1.30578 -0.1378 0.291398 100
1.29495 -0.1179 0.28898 100
1.2847 -0.0985 0.286694 100
1.27523 -0.0794 0.284581 100
1.26742 -0.0608 0.282838 100
1.26518 -0.0425 0.282337 100
1.26274 -0.0244 0.281793 100
