0.905505 0.0042 -0.144738 45
0.90827 0.017 -0.14518 47
0.915874 0.0301 -0.146395 44
0.922292 0.0434 -0.147421 40
0.924168 -0.0622 -0.147721 40
0.918046 -0.0487 -0.146742 44
0.910739 -0.0354 -0.145574 40
0.908172 -0.0225 -0.145164 39
0.87549 0.0091 -0.136066 100
0.877169 0.0215 -0.136327 100
0.880826 0.034 -0.136895 100
0.889126 0.0468 -0.138185 100
0.894264 0.0597 -0.138984 51
0.911161 0.0737 -0.14161 47
0.935568 0.089 -0.145403 37
0.946043 0.1034 -0.147031 21
0.914916 -0.1065 -0.142194 38
0.901576 -0.0921 -0.14012 46
0.89881 -0.0791 -0.13969 50
0.886952 -0.0655 -0.137848 52
0.87796 -0.0524 -0.13645 100
0.8746 -0.0399 -0.135928 50
0.874106 -0.0275 -0.135851 100
0.873415 -0.0152 -0.135744 100
0.875422 0.0086 -0.129848 100
0.88017 0.0211 -0.130552 100
0.88571 0.0337 -0.131374 100
0.892041 0.0465 -0.132313 100
0.90213 0.0598 -0.13381 48
0.909153 0.0731 -0.134851 49
0.933685 0.0883 -0.13849 35
0.963855 0.1049 -0.142965 20
0.930124 -0.1125 -0.137962 37
0.907966 -0.0969 -0.134675 43
0.892436 -0.0825 -0.132372 51
0.887589 -0.0695 -0.131653 51
0.880566 -0.0565 -0.130611 50
0.877302 -0.0439 -0.130127 100
0.874829 -0.0314 -0.12976 100
0.874235 -0.0191 -0.129672 100
0.852414 0.009 -0.121293 100
0.853107 0.0211 -0.121391 100
0.85776 0.0333 -0.122053 100
0.865086 0.0458 -0.123096 100
0.872313 0.0585 -0.124124 100
0.880233 0.0715 -0.125251 100
0.887065 0.0846 -0.126223 100
0.908449 0.0996 -0.129266 50
0.934487 0.1158 -0.132971 40
0.923498 -0.1382 -0.131408 39
0.901816 -0.1219 -0.128322 43
0.881719 -0.1066 -0.125463 52
0.876273 -0.0934 -0.124688 100
0.868551 -0.0803 -0.123589 100
0.86073 -0.0673 -0.122476 100
0.855681 -0.0548 -0.121758 100
0.853305 -0.0426 -0.12142 100
0.851919 -0.0305 -0.121222 100
0.850236 -0.0184 -0.120983 100
0.852243 0.0006 -0.115248 100
0.853135 0.0126 -0.115369 100
0.85581 0.0247 -0.11573 100
0.86136 0.037 -0.116481 100
0.867702 0.0495 -0.117338 100
0.874837 0.0623 -0.118303 100
0.881774 0.0752 -0.119241 100
0.887621 0.0883 -0.120032 100
0.906945 0.1032 -0.122645 50
0.933008 0.1194 -0.12617 41
0.931224 -0.1396 -0.125928 33
0.904567 -0.1226 -0.122324 43
0.887522 -0.1076 -0.120019 51
0.881972 -0.0944 -0.119268 100
0.874342 -0.0811 -0.118236 100
0.868396 -0.0683 -0.117432 100
0.86136 -0.0555 -0.116481 100
0.857099 -0.0432 -0.115905 100
0.854621 -0.031 -0.11557 100
0.853036 -0.0189 -0.115355 100
0.840859 0.0083 -0.109819 100
0.845618 0.0202 -0.110441 100
0.847205 0.0322 -0.110648 100
0.850676 0.0443 -0.111101 100
0.85484 0.0566 -0.111645 100
0.86188 0.0693 -0.112565 100
0.869813 0.0823 -0.113601 100
0.876457 0.0953 -0.114469 100
0.898668 0.1106 -0.117369 100
0.923557 0.1269 -0.12062 45
0.937439 0.1422 -0.122433 33
0.905312 -0.1484 -0.118237 40
0.884687 -0.1323 -0.115543 100
0.869813 -0.1176 -0.113601 100
0.866342 -0.1048 -0.113148 100
0.855931 -0.0913 -0.111788 100
0.849188 -0.0785 -0.110907 100
0.847205 -0.0663 -0.110648 100
0.846114 -0.0543 -0.110506 100
0.846808 -0.0423 -0.110596 100
0.846313 -0.0304 -0.110532 100
0.844627 -0.0184 -0.110312 100
0.841552 0.0043 -0.104371 100
0.840362 0.0161 -0.104224 100
0.845026 0.0281 -0.104802 100
0.848598 0.0402 -0.105245 100
0.852866 0.0524 -0.105774 100
0.859019 0.0649 -0.106538 100
0.864973 0.0776 -0.107276 100
0.873607 0.0908 -0.108347 100
0.885119 0.1046 -0.109775 100
0.892462 0.1182 -0.110685 100
0.915288 0.1344 -0.113516 44
0.960342 0.1548 -0.119104 25
0.931166 -0.1546 -0.115485 34
0.896928 -0.136 -0.111239 51
0.879065 -0.1207 -0.109024 100
0.874798 -0.1076 -0.108495 100
0.866263 -0.0942 -0.107436 100
0.857629 -0.0811 -0.106365 100
0.852767 -0.0685 -0.105762 100
0.851576 -0.0564 -0.105614 100
0.847408 -0.0441 -0.105098 100
0.841949 -0.032 -0.104421 100
0.838377 -0.0201 -0.103978 100
0.826549 0.0016 -0.0950807 100
0.82645 0.0132 -0.0950693 100
0.829132 0.0249 -0.0953778 100
0.831715 0.0367 -0.095675 100
0.83708 0.0488 -0.0962921 100
0.844233 0.0611 -0.0971149 100
0.850193 0.0736 -0.0978006 100
0.856055 0.0863 -0.0984748 100
0.85973 0.0989 -0.0988976 100
0.874036 0.113 -0.100543 100
0.894998 0.1285 -0.102955 100
0.904833 0.143 -0.104086 48
0.954704 0.1646 -0.109823 38
0.913178 -0.1598 -0.105046 41
0.890825 -0.143 -0.102475 48
0.870062 -0.1271 -0.100086 100
0.864896 -0.114 -0.0994919 100
0.855558 -0.1005 -0.0984177 100
0.847908 -0.0876 -0.0975377 100
0.84314 -0.0751 -0.0969892 100
0.837179 -0.0627 -0.0963035 100
0.834 -0.0507 -0.0959378 100
0.832609 -0.0388 -0.0957778 100
0.831119 -0.027 -0.0956064 100
0.830424 -0.0153 -0.0955264 100
0.828558 0.0064 -0.095121 100
0.827366 0.018 -0.0949841 100
0.828061 0.0297 -0.095064 100
0.831538 0.0415 -0.0954631 100
0.837797 0.0536 -0.0961817 100
0.842864 0.0659 -0.0967634 100
0.847831 0.0782 -0.0973336 100
0.85558 0.0911 -0.0982232 100
0.867999 0.1048 -0.0996489 100
0.873363 0.1179 -0.100265 100
0.896213 0.1338 -0.102888 100
0.923733 0.1512 -0.106047 44
0.933767 -0.1803 -0.107199 23
0.900883 -0.1608 -0.103424 44
0.879523 -0.1443 -0.100972 100
0.861839 -0.129 -0.0989418 100
0.856574 -0.1159 -0.0983373 100
0.849619 -0.0908 -0.0975389 100
0.843857 -0.0782 -0.0968774 100
0.836903 -0.0657 -0.096079 100
0.83283 -0.0536 -0.0956114 100
0.831538 -0.0418 -0.0954631 100
0.831041 -0.0301 -0.0954061 100
0.830346 -0.0184 -0.0953263 100
0.820239 0.0081 -0.0885048 100
0.824017 0.0197 -0.0889125 100
0.825608 0.0313 -0.0890841 100
0.826105 0.0429 -0.0891378 100
0.827397 0.0547 -0.0892772 100
0.829585 0.0665 -0.0895132 100
0.834456 0.0787 -0.0900389 100
0.842211 0.0914 -0.0908757 100
0.848773 0.1041 -0.0915837 100
0.862195 0.1304 -0.093032 100
0.881981 0.1461 -0.0951668 100
0.908228 0.1636 -0.097999 44
0.955653 0.186 -0.103116 30
0.897988 -0.1748 -0.096894 45
0.87691 -0.1579 -0.0946197 100
0.859412 -0.1424 -0.0927316 100
0.854341 -0.1292 -0.0921845 100
0.845294 -0.1158 -0.0912082 100
0.835948 -0.1026 -0.0901998 100
0.83038 -0.0901 -0.0895991 100
0.825608 -0.0778 -0.0890841 100
0.821631 -0.0659 -0.088655 100
0.820438 -0.0542 -0.0885263 100
0.819145 -0.0426 -0.0883868 100
0.817654 -0.031 -0.0882259 100
0.819609 0.0081 -0.0849527 100
0.820405 0.0196 -0.0850352 100
0.822991 0.0312 -0.0853032 100
0.826472 0.0429 -0.0856641 100
0.827765 0.0546 -0.0857981 100
0.829954 0.0665 -0.0860249 100
0.835822 0.0788 -0.0866332 100
0.843581 0.0915 -0.0874373 100
0.852135 0.1045 -0.088324 100
0.861385 0.1179 -0.0892828 100
0.873421 0.1321 -0.0905303 100
0.881378 0.1459 -0.0913551 51
0.905648 0.163 -0.0938706 46
0.957968 0.1863 -0.0992936 26
0.928625 -0.181 -0.0962522 23
0.898785 -0.1621 -0.0931593 46
0.877399 -0.1456 -0.0909427 100
0.8586 -0.1301 -0.0889941 100
0.852533 -0.117 -0.0883652 100
0.843183 -0.1037 -0.0873961 100
0.834629 -0.0908 -0.0865095 100
0.82886 -0.0784 -0.0859115 100
0.825876 -0.0665 -0.0856022 100
0.822792 -0.0546 -0.0852826 100
0.820504 -0.0429 -0.0850455 100
0.820007 -0.0314 -0.0849939 100
0.820405 -0.0199 -0.0850352 100
0.804839 0.0011 -0.0819432 100
0.805735 0.0125 -0.0820344 100
0.807525 0.0238 -0.0822167 100
0.810013 0.0353 -0.0824699 100
0.813495 0.0469 -0.0828244 100
0.817673 0.0587 -0.0832498 100
0.821752 0.0706 -0.0836651 100
0.825632 0.0826 -0.0840602 100
0.832297 0.0951 -0.0847388 100
0.840754 0.1081 -0.0855998 100
0.851001 0.1216 -0.086643 100
0.858064 0.1349 -0.0873622 100
0.878658 0.1509 -0.0894589 100
0.899948 0.1676 -0.0916265 100
0.936558 0.188 -0.0953539 38
0.902833 -0.1841 -0.0919202 43
0.875972 -0.1658 -0.0891854 50
0.857666 -0.1499 -0.0873217 100
0.850802 -0.1364 -0.0866228 100
0.841748 -0.1228 -0.085701 100
0.832596 -0.1096 -0.0847692 100
0.825134 -0.0968 -0.0840095 100
0.821453 -0.0847 -0.0836347 100
0.818568 -0.0728 -0.083341 100
0.815484 -0.061 -0.083027 100
0.811306 -0.0492 -0.0826016 100
0.808918 -0.0377 -0.0823585 100
0.805436 -0.0262 -0.082004 100
0.803745 -0.0148 -0.0818318 100
0.807627 0.0062 -0.0738911 100
0.807428 0.0176 -0.0738729 100
0.810116 0.029 -0.0741189 100
0.815594 0.0407 -0.07462 100
0.817884 0.0523 -0.0748295 100
0.820075 0.064 -0.07503 100
0.824058 0.076 -0.0753944 100
0.831826 0.0885 -0.0761051 100
0.84039 0.1013 -0.0768887 100
0.847859 0.1143 -0.077572 100
0.854033 0.1274 -0.0781369 100
0.873751 0.1429 -0.0799409 100
0.897253 0.1597 -0.0820911 100
0.923244 0.1777 -0.0844691 45
0.967559 0.2004 -0.0885235 27
0.926431 -0.1973 -0.0847606 32
0.894862 -0.1775 -0.0818724 44
0.869867 -0.1599 -0.0795855 100
0.85234 -0.1443 -0.077982 100
0.847361 -0.1313 -0.0775264 100
0.84029 -0.1181 -0.0768795 100
0.831925 -0.1051 -0.0761142 100
0.825452 -0.0925 -0.075522 100
0.821668 -0.0804 -0.0751758 100
0.818681 -0.0685 -0.0749024 100
0.814598 -0.0567 -0.0745289 100
0.809419 -0.0449 -0.0740551 100
0.804938 -0.0333 -0.0736451 100
0.805336 -0.022 -0.0736815 100
0.796161 0.0103 -0.066097 100
0.799948 0.0216 -0.0664114 100
0.801543 0.0329 -0.0665437 100
0.803037 0.0443 -0.0666678 100
0.806326 0.0558 -0.0669409 100
0.813402 0.0678 -0.0675283 100
0.818285 0.0798 -0.0679337 100
0.821075 0.0917 -0.0681653 100
0.827653 0.1042 -0.0687114 100
0.835924 0.1172 -0.0693981 100
0.845093 0.1306 -0.0701593 100
0.850076 0.1436 -0.0705729 100
0.868612 0.1593 -0.0721118 100
0.891633 0.1766 -0.074023 100
0.92133 0.1959 -0.0764885 41
0.902296 -0.1942 -0.0749082 24
0.877581 -0.176 -0.0728564 52
0.856454 -0.1593 -0.0711024 100
0.847784 -0.1454 -0.0703826 100
0.831938 -0.1307 -0.0690672 100
0.827752 -0.1182 -0.0687197 100
0.820477 -0.1054 -0.0681157 100
0.81689 -0.0933 -0.0678179 100
0.813202 -0.0813 -0.0675117 100
0.807223 -0.0693 -0.0670153 100
0.80214 -0.0575 -0.0665934 100
0.799948 -0.0461 -0.0664114 100
0.79945 -0.0348 -0.06637 100
0.799948 -0.0236 -0.0664114 100
0.799151 -0.0123 -0.0663452 100
0.798624 0.0028 -0.061644 100
0.798525 0.014 -0.0616363 100
0.80022 0.0252 -0.0617672 100
0.803809 0.0366 -0.0620442 100
0.806202 0.048 -0.0622289 100
0.809392 0.0596 -0.0624752 100
0.815474 0.0715 -0.0629446 100
0.821357 0.0837 -0.0633987 100
0.82704 0.0959 -0.0638373 100
0.834518 0.1087 -0.0644145 100
0.844787 0.1221 -0.0652072 100
0.850869 0.1351 -0.0656767 100
0.874399 0.1514 -0.0674929 100
0.896733 0.1683 -0.0692168 100
0.919664 0.1859 -0.0709868 47
0.888756 -0.1878 -0.0686011 42
0.864927 -0.1701 -0.0667618 100
0.847579 -0.1544 -0.0654227 100
0.841796 -0.1412 -0.0649763 100
0.834817 -0.1281 -0.0644376 100
0.826641 -0.115 -0.0638066 100
0.819263 -0.1023 -0.0632371 100
0.814577 -0.0902 -0.0628754 100
0.809791 -0.0782 -0.062506 100
0.805903 -0.0664 -0.0622058 100
0.802712 -0.0549 -0.0619596 100
0.800419 -0.0435 -0.0617825 100
0.799023 -0.0322 -0.0616748 100
0.796331 -0.0209 -0.061467 100
0.79205 0.0105 -0.0541703 100
0.795841 0.0217 -0.0544296 100
0.797437 0.0329 -0.0545387 100
0.798934 0.0441 -0.0546411 100
0.800231 0.0554 -0.0547298 100
0.804321 0.0669 -0.0550096 100
0.811305 0.0789 -0.0554872 100
0.816094 0.0909 -0.0558147 100
0.819685 0.1029 -0.0560603 100
0.828066 0.1157 -0.0566335 100
0.832256 0.1282 -0.0569201 100
0.847121 0.1426 -0.0579368 100
0.868671 0.1587 -0.0594106 100
0.878049 0.1731 -0.060052 100
0.902891 0.1911 -0.061751 50
0.95467 0.216 -0.0652923 37
0.863982 -0.1776 -0.0590899 100
0.843829 -0.1613 -0.0577116 100
0.83026 -0.1467 -0.0567836 100
0.82627 -0.1342 -0.0565107 100
0.820184 -0.1214 -0.0560945 100
0.813899 -0.1089 -0.0556646 100
0.806416 -0.0965 -0.0551528 100
0.802725 -0.0847 -0.0549004 100
0.800829 -0.0732 -0.0547707 100
0.796739 -0.0617 -0.054491 100
0.792549 -0.0503 -0.0542044 100
0.79215 -0.0391 -0.0541771 100
0.792648 -0.0281 -0.0542112 100
0.79195 -0.017 -0.0541635 100
0.794372 0.0074 -0.0508843 100
0.793174 0.0185 -0.0508076 100
0.794771 0.0296 -0.0509099 100
0.79537 0.0408 -0.0509482 100
0.796667 0.0521 -0.0510313 100
0.798863 0.0634 -0.0511719 100
0.805848 0.0754 -0.0516194 100
0.813632 0.0876 -0.052118 100
0.819321 0.0998 -0.0524824 100
0.823712 0.1121 -0.0527637 100
0.833891 0.1254 -0.0534157 100
0.845866 0.1393 -0.0541828 100
0.851754 0.1525 -0.05456 100
0.874009 0.1692 -0.0559855 100
0.900854 0.1875 -0.0577051 100
0.928397 0.2068 -0.0594694 38
0.87321 -0.188 -0.0559344 34
0.850357 -0.1706 -0.0544705 100
0.842773 -0.1569 -0.0539846 100
0.833093 -0.1431 -0.0533646 100
0.824211 -0.1297 -0.0527956 100
0.816028 -0.1167 -0.0522715 100
0.809641 -0.1043 -0.0518623 100
0.804152 -0.0921 -0.0515107 100
0.80036 -0.0804 -0.0512678 100
0.797366 -0.0688 -0.0510761 100
0.797266 -0.0576 -0.0510697 100
0.796068 -0.0463 -0.050993 100
0.793574 -0.035 -0.0508331 100
0.791977 -0.0238 -0.0507309 100
0.792276 -0.0128 -0.05075 100
0.784701 0.0015 -0.045164 100
0.7856 0.0125 -0.0452157 100
0.787297 0.0235 -0.0453134 100
0.789893 0.0346 -0.0454628 100
0.79139 0.0458 -0.045549 100
0.794685 0.0571 -0.0457386 100
0.79778 0.0685 -0.0459167 100
0.801673 0.0802 -0.0461408 100
0.807464 0.0922 -0.0464741 100
0.812955 0.1043 -0.0467901 100
0.819344 0.1168 -0.0471579 100
0.828529 0.1299 -0.0476865 100
0.837414 0.1433 -0.0481979 100
0.842206 0.1563 -0.0484737 100
0.861574 0.1723 -0.0495884 100
0.889328 0.1908 -0.0511858 100
0.919678 0.2108 -0.0529326 48
0.841008 -0.1733 -0.0484048 100
0.836416 -0.1602 -0.0481404 100
0.825833 -0.1462 -0.0475314 100
0.817946 -0.1331 -0.0470774 100
0.811757 -0.1205 -0.0467212 100
0.805467 -0.1081 -0.0463592 100
0.798978 -0.0959 -0.0459857 100
0.795284 -0.0842 -0.0457731 100
0.792389 -0.0727 -0.0456064 100
0.790292 -0.0614 -0.0454858 100
0.789094 -0.0502 -0.0454168 100
0.788695 -0.0391 -0.0453938 100
0.787197 -0.0281 -0.0453076 100
0.783503 -0.017 -0.045095 100
0.782768 0.0097 -0.0421086 100
0.783567 0.0207 -0.0421516 100
0.787262 0.0318 -0.0423504 100
0.790657 0.043 -0.042533 100
0.792953 0.0543 -0.0426565 100
0.797147 0.0657 -0.0428822 100
0.801142 0.0774 -0.043097 100
0.807932 0.0894 -0.0434623 100
0.815521 0.1018 -0.0438705 100
0.819914 0.114 -0.0441069 100
0.827104 0.1268 -0.0444937 100
0.838088 0.1405 -0.0450845 100
0.851768 0.1551 -0.0458205 100
0.85736 0.1685 -0.0461213 100
0.87843 0.1854 -0.0472547 100
0.901097 0.2034 -0.0484741 50
0.840585 -0.1709 -0.0452188 100
0.836091 -0.1578 -0.0449771 100
0.824408 -0.1437 -0.0443486 100
0.81642 -0.1306 -0.0439189 100
0.811327 -0.1182 -0.0436449 100
0.804936 -0.1058 -0.0433011 100
0.799344 -0.0937 -0.0430003 100
0.79565 -0.082 -0.0428016 100
0.791755 -0.0704 -0.0425921 100
0.789658 -0.0592 -0.0424793 100
0.787362 -0.0479 -0.0423557 100
0.784965 -0.0368 -0.0422268 100
0.782469 -0.0257 -0.0420925 100
0.78177 -0.0148 -0.0420549 100
0.777342 0.0039 -0.0319907 100
0.777242 0.0148 -0.0319866 100
0.778941 0.0257 -0.0320565 100
0.781439 0.0367 -0.0321593 100
0.785835 0.0479 -0.0323402 100
0.790131 0.0593 -0.032517 100
0.792229 0.0706 -0.0326034 100
0.796126 0.0822 -0.0327638 100
0.80282 0.0942 -0.0330393 100
0.811313 0.1067 -0.0333888 100
0.818707 0.1193 -0.0336931 100
0.822803 0.1317 -0.0338616 100
0.830797 0.1449 -0.0341906 100
0.844385 0.1595 -0.0347498 100
0.849881 0.1728 -0.034976 100
0.872761 0.1902 -0.0359176 100
0.900238 0.2094 -0.0370484 52
0.941803 0.233 -0.0387589 30
0.834993 -0.1757 -0.0343633 47
0.828599 -0.1623 -0.0341001 100
0.820905 -0.1489 -0.0337835 100
0.814011 -0.136 -0.0334998 100
0.807017 -0.1232 -0.033212 100
0.799723 -0.1107 -0.0329118 100
0.793229 -0.0986 -0.0326445 100
0.789532 -0.0869 -0.0324924 100
0.788732 -0.0757 -0.0324595 100
0.786734 -0.0644 -0.0323772 100
0.781538 -0.053 -0.0321634 100
0.778241 -0.0419 -0.0320277 100
0.777742 -0.031 -0.0320072 100
0.777042 -0.0201 -0.0319784 100
0.776464 0.0088 -0.0288621 100
0.781161 0.0198 -0.0290366 100
0.78186 0.0307 -0.0290626 100
0.78236 0.0417 -0.0290812 100
0.784658 0.0529 -0.0291666 100
0.788855 0.0642 -0.0293227 100
0.793852 0.0758 -0.0295084 100
0.797649 0.0874 -0.0296495 100
0.804345 0.0996 -0.0298984 100
0.811739 0.112 -0.0301733 100
0.818035 0.1246 -0.0304073 100
0.82603 0.1376 -0.0307045 100
0.829927 0.1502 -0.0308493 100
0.844417 0.1651 -0.031388 100
0.867501 0.1822 -0.032246 100
0.891185 0.2002 -0.0331264 100
0.920364 0.2203 -0.034211 44
0.828128 -0.1652 -0.0307825 100
0.82543 -0.1527 -0.0306822 100
0.817635 -0.1394 -0.0303924 100
0.809641 -0.1265 -0.0300953 100
0.800447 -0.1136 -0.0297535 100
0.794052 -0.1014 -0.0295158 100
0.790354 -0.0897 -0.0293784 100
0.788555 -0.0784 -0.0293115 100
0.786557 -0.0671 -0.0292372 100
0.78246 -0.0557 -0.0290849 100
0.778163 -0.0445 -0.0289252 100
0.775764 -0.0335 -0.0288361 100
0.776164 -0.0226 -0.0288509 100
0.777363 -0.0118 -0.0288955 100
0.774675 0.0007 -0.0224512 100
0.774575 0.0115 -0.0224483 100
0.775374 0.0224 -0.0224715 100
0.775974 0.0333 -0.0224889 100
0.777374 0.0442 -0.0225294 100
0.780672 0.0554 -0.022625 100
0.78587 0.0668 -0.0227757 100
0.788769 0.0782 -0.0228597 100
0.792567 0.0898 -0.0229697 100
0.798165 0.1017 -0.023132 100
0.805662 0.1141 -0.0233492 100
0.813858 0.1269 -0.0235868 100
0.821855 0.14 -0.0238185 100
0.829652 0.1533 -0.0240445 100
0.83425 0.1662 -0.0241778 100
0.854341 0.1827 -0.02476 100
0.874133 0.1997 -0.0253336 100
0.897423 0.2183 -0.0260086 50
0.945603 0.2441 -0.0274049 24
0.819756 -0.1672 -0.0237577 100
0.820056 -0.1554 -0.0237664 100
0.81036 -0.1418 -0.0234854 100
0.800364 -0.1286 -0.0231957 100
0.794167 -0.1162 -0.0230161 100
0.789768 -0.1043 -0.0228886 100
0.787269 -0.0928 -0.0228162 100
0.78547 -0.0814 -0.0227641 100
0.780572 -0.0699 -0.0226221 100
0.778473 -0.0588 -0.0225613 100
0.777174 -0.0477 -0.0225236 100
0.775774 -0.0368 -0.0224831 100
0.775275 -0.0259 -0.0224686 100
0.774575 -0.015 -0.0224483 100
0.774728 0 -0.0205147 100
0.775628 0.0109 -0.0205385 100
0.776428 0.0217 -0.0205597 100
0.777028 0.0326 -0.0205756 100
0.778527 0.0436 -0.0206153 100
0.780826 0.0547 -0.0206762 100
0.783925 0.066 -0.0207582 100
0.786924 0.0773 -0.0208376 100
0.789723 0.0888 -0.0209118 100
0.795421 0.1007 -0.0210626 100
0.802819 0.113 -0.0212585 100
0.813015 0.1261 -0.0215285 100
0.814115 0.138 -0.0215576 100
0.824911 0.1517 -0.0218435 100
0.844304 0.1675 -0.0223571 100
0.852601 0.1816 -0.0225768 100
0.872394 0.1986 -0.0231009 100
0.892887 0.2164 -0.0236435 52
0.955565 0.2458 -0.0253032 28
0.823911 -0.1671 -0.0218171 100
0.820312 -0.1544 -0.0217218 100
0.811516 -0.141 -0.0214888 100
0.802619 -0.1279 -0.0212532 100
0.795421 -0.1154 -0.0210626 100
0.792022 -0.1036 -0.0209726 100
0.789423 -0.0921 -0.0209038 100
0.786624 -0.0806 -0.0208297 100
0.781726 -0.0691 -0.0207 100
0.777627 -0.0578 -0.0205915 100
0.776328 -0.0467 -0.0205571 100
0.775928 -0.0358 -0.0205465 100
0.773329 -0.0249 -0.0204776 100
0.77063 -0.014 -0.0204062 100
0.771882 0.0049 -0.0135075 100
0.771682 0.0156 -0.013504 100
0.772382 0.0264 -0.0135162 100
0.773982 0.0372 -0.0135442 100
0.776381 0.0482 -0.0135862 100
0.778681 0.0592 -0.0136265 100
0.78268 0.0705 -0.0136964 100
0.78658 0.0819 -0.0137647 100
0.791379 0.0936 -0.0138487 100
0.795978 0.1054 -0.0139291 100
0.803277 0.1178 -0.0140569 100
0.811476 0.1305 -0.0142003 100
0.818375 0.1434 -0.0143211 100
0.826174 0.1566 -0.0144575 100
0.838572 0.1711 -0.0146745 100
0.843971 0.1845 -0.014769 100
0.866567 0.2021 -0.0151644 100
0.895763 0.2221 -0.0156753 49
0.944755 0.2483 -0.0165327 33
0.815775 -0.1579 -0.0142756 100
0.812976 -0.1456 -0.0142266 100
0.802077 -0.1322 -0.0140359 100
0.793978 -0.1195 -0.0138942 100
0.789579 -0.1076 -0.0138172 100
0.787079 -0.0961 -0.0137734 100
0.78228 -0.0845 -0.0136894 100
0.778481 -0.0732 -0.013623 100
0.775381 -0.062 -0.0135687 100
0.772182 -0.0509 -0.0135127 100
0.769882 -0.04 -0.0134725 100
0.769282 -0.0292 -0.013462 100
0.769682 -0.0185 -0.013469 100
0.770831 0.0102 -0.0103354 100
0.769631 0.021 -0.0103193 100
0.770231 0.0318 -0.0103273 100
0.77373 0.0428 -0.0103742 100
0.77703 0.0538 -0.0104185 100
0.78223 0.0652 -0.0104882 100
0.787229 0.0767 -0.0105552 100
0.792029 0.0884 -0.0106196 100
0.797628 0.1003 -0.0106947 100
0.804128 0.1125 -0.0107818 100
0.809327 0.1248 -0.0108515 100
0.816427 0.1376 -0.0109467 100
0.826226 0.1512 -0.0110781 100
0.831825 0.1643 -0.0111532 100
0.852023 0.1807 -0.011424 100
0.870822 0.1974 -0.011676 100
0.899119 0.2171 -0.0120555 51
0.929916 0.2383 -0.0124684 36
0.816627 -0.1691 -0.0109494 100
0.814927 -0.157 -0.0109266 100
0.806228 -0.1436 -0.01081 100
0.797328 -0.1306 -0.0106906 100
0.791129 -0.1182 -0.0106075 100
0.787729 -0.1065 -0.0105619 100
0.78323 -0.0947 -0.0105016 100
0.77953 -0.0832 -0.010452 100
0.77763 -0.0721 -0.0104265 100
0.77553 -0.061 -0.0103984 100
0.772331 -0.0499 -0.0103555 100
0.769931 -0.0389 -0.0103233 100
0.770431 -0.0281 -0.01033 100
0.770731 -0.0174 -0.010334 100
0.766996 0.007 -0.00261441 100
0.765796 0.0177 -0.00261032 100
0.767496 0.0284 -0.00261612 100
0.768996 0.0392 -0.00262123 100
0.771396 0.0502 -0.00262941 100
0.773596 0.0612 -0.00263691 100
0.778595 0.0725 -0.00265395 100
0.784495 0.0842 -0.00267406 100
0.789195 0.0958 -0.00269008 100
0.792695 0.1075 -0.00270201 100
0.799095 0.1198 -0.00272383 100
0.809195 0.1329 -0.00275826 100
0.817095 0.1459 -0.00278518 100
0.826695 0.1596 -0.00281791 100
0.842095 0.1748 -0.0028704 100
0.847295 0.1882 -0.00288813 100
0.865995 0.2051 -0.00295187 100
0.898995 0.2262 -0.00306435 50
0.946895 0.2524 -0.00322762 38
0.806995 -0.1616 -0.00275076 100
0.804195 -0.1494 -0.00274121 100
0.795395 -0.1363 -0.00271122 100
0.788295 -0.1238 -0.00268702 100
0.783095 -0.1118 -0.00266929 100
0.777596 -0.0999 -0.00265054 100
0.774996 -0.0886 -0.00264168 100
0.773096 -0.0775 -0.00263521 100
0.770096 -0.0663 -0.00262498 100
0.767996 -0.0553 -0.00261782 100
0.766696 -0.0445 -0.00261339 100
0.766296 -0.0337 -0.00261203 100
0.765696 -0.023 -0.00260998 100
0.765896 -0.0123 -0.00261066 100
0.764 0.0069 -0.000607645 100
0.7658 0.0176 -0.000609076 100
0.7675 0.0284 -0.000610428 100
0.769 0.0392 -0.000611621 100
0.7724 0.0502 -0.000614326 100
0.7766 0.0614 -0.000617666 100
0.7806 0.0727 -0.000620848 100
0.7845 0.0841 -0.000623949 100
0.7892 0.0958 -0.000627687 100
0.7947 0.1077 -0.000632062 100
0.803 0.1203 -0.000638663 100
0.8112 0.1331 -0.000645185 100
0.821 0.1465 -0.000652979 100
0.8238 0.1589 -0.000655207 100
0.8391 0.174 -0.000667375 100
0.8591 0.1907 -0.000683282 100
0.8748 0.2071 -0.000695769 100
0.9126 0.2295 -0.000725833 45
0.945 0.2517 -0.000751602 29
0.947 -0.2783 -0.000753193 30
0.892 -0.2486 -0.000709449 38
0.8023 -0.1644 -0.000638106 100
0.7996 -0.1522 -0.000635959 100
0.7918 -0.1393 -0.000629755 100
0.7878 -0.1273 -0.000626574 100
0.7826 -0.1152 -0.000622438 100
0.7772 -0.1034 -0.000618143 100
0.7736 -0.0919 -0.00061528 100
0.7728 -0.0809 -0.000614644 100
0.7718 -0.07 -0.000613848 100
0.7707 -0.059 -0.000612974 100
0.7685 -0.0481 -0.000611224 100
0.7671 -0.0372 -0.00061011 100
0.7655 -0.0265 -0.000608838 100
0.7638 -0.0157 -0.000607486 100
0.761981 0.0011 0.00536786 100
0.762881 0.0117 0.0053742 100
0.763681 0.0224 0.00537984 100
0.763281 0.033 0.00537702 100
0.764681 0.0438 0.00538688 100
0.768081 0.0548 0.00541083 100
0.772181 0.0659 0.00543972 100
0.775181 0.0771 0.00546085 100
0.778981 0.0884 0.00548762 100
0.782581 0.0999 0.00551298 100
0.78908 0.112 0.00555877 100
0.79438 0.1241 0.0055961 100
0.80038 0.1365 0.00563837 100
0.81028 0.1498 0.00570811 100
0.82178 0.1638 0.00578912 100
0.834079 0.1784 0.00587577 100
0.839379 0.1918 0.0059131 100
0.862779 0.2099 0.00607794 100
0.892678 0.2304 0.00628857 52
0.938577 0.2563 0.00661191 41
0.892678 -0.2571 0.00628857 40
0.863379 -0.2356 0.00608217 50
0.80378 -0.1718 0.00566232 100
0.80618 -0.1606 0.00567923 100
0.79648 -0.1471 0.0056109 100
0.786681 -0.134 0.00554186 100
0.783481 -0.1222 0.00551932 100
0.780181 -0.1106 0.00549607 100
0.773681 -0.0987 0.00545028 100
0.769081 -0.0872 0.00541788 100
0.766181 -0.076 0.00539745 100
0.763181 -0.065 0.00537632 100
0.762081 -0.0542 0.00536857 100
0.761781 -0.0435 0.00536645 100
0.763281 -0.0329 0.00537702 100
0.764681 -0.0223 0.00538688 100
0.763881 -0.0116 0.00538125 100
0.764964 0.0059 0.00738809 100
0.765764 0.0166 0.00739581 100
0.766464 0.0273 0.00740257 100
0.767064 0.038 0.00740837 100
0.769364 0.0489 0.00743058 100
0.772664 0.0599 0.00746245 100
0.774764 0.071 0.00748273 100
0.778664 0.0823 0.0075204 100
0.784363 0.0939 0.00757544 100
0.789863 0.1058 0.00762856 100
0.798263 0.1183 0.00770969 100
0.808362 0.1313 0.00780723 100
0.816262 0.1443 0.00788352 100
0.825062 0.1577 0.00796851 100
0.837461 0.1722 0.00808826 100
0.842761 0.1856 0.00813945 100
0.86346 0.2028 0.00833936 100
0.897458 0.2241 0.00866772 100
0.927057 0.2453 0.00895359 42
0.910758 -0.263 0.00879617 27
0.881559 -0.2413 0.00851417 45
0.85866 -0.2222 0.00829301 40
0.810462 -0.1739 0.00782751 22
0.799163 -0.1599 0.00771838 100
0.797363 -0.148 0.00770099 100
0.790463 -0.1353 0.00763436 100
0.786363 -0.1234 0.00759476 100
0.781064 -0.1114 0.00754357 100
0.776564 -0.0997 0.00750012 100
0.771964 -0.0882 0.00745569 100
0.770064 -0.0772 0.00743734 100
0.768164 -0.0662 0.00741899 100
0.765964 -0.0552 0.00739774 100
0.764664 -0.0444 0.00738519 100
0.763264 -0.0337 0.00737167 100
0.761664 -0.023 0.00735622 100
0.761864 -0.0124 0.00735815 100
0.75989 0.0037 0.0129522 100
0.763789 0.0144 0.0130186 100
0.765489 0.0251 0.0130476 100
0.765089 0.0358 0.0130408 100
0.765489 0.0465 0.0130476 100
0.767788 0.0574 0.0130868 100
0.771888 0.0686 0.0131567 100
0.776787 0.0799 0.0132402 100
0.781586 0.0915 0.013322 100
0.787186 0.1033 0.0134174 100
0.791585 0.1151 0.0134924 100
0.798784 0.1276 0.0136151 100
0.807783 0.1406 0.0137685 100
0.811582 0.1529 0.0138332 100
0.82608 0.1676 0.0140804 100
0.846077 0.184 0.0144212 100
0.862975 0.2003 0.0147092 100
0.882372 0.2179 0.0150398 100
0.918867 0.2405 0.0156619 50
0.939664 -0.2847 0.0160164 29
0.885871 -0.255 0.0150995 48
0.859475 -0.2344 0.0146496 100
0.849077 -0.2189 0.0144723 100
0.82878 -0.2014 0.0141264 51
0.810082 -0.1849 0.0138077 100
0.805683 -0.1721 0.0137327 100
0.797284 -0.1587 0.0135895 100
0.791485 -0.1461 0.0134907 100
0.787586 -0.1341 0.0134242 100
0.781486 -0.1218 0.0133203 100
0.776187 -0.11 0.01323 100
0.773588 -0.0986 0.0131856 100
0.770988 -0.0874 0.0131413 100
0.766089 -0.076 0.0130578 100
0.763089 -0.065 0.0130067 100
0.760989 -0.0541 0.0129709 100
0.75969 -0.0434 0.0129488 100
0.76019 -0.0328 0.0129573 100
0.760589 -0.0222 0.0129641 100
0.75979 -0.0115 0.0129505 100
0.760794 0.0058 0.0177238 100
0.760594 0.0165 0.0177192 100
0.761293 0.0271 0.0177355 100
0.762893 0.0378 0.0177727 100
0.765292 0.0486 0.0178286 100
0.768492 0.0596 0.0179032 100
0.771591 0.0707 0.0179754 100
0.776489 0.0821 0.0180895 100
0.783188 0.0938 0.0182455 100
0.787786 0.1055 0.0183527 100
0.793085 0.1175 0.0184761 100
0.799283 0.1299 0.0186205 100
0.80918 0.1431 0.0188511 100
0.817978 0.1564 0.019056 100
0.821577 0.169 0.0191399 100
0.837673 0.1846 0.0195148 100
0.858367 0.2017 0.019997 100
0.871963 0.2178 0.0203137 100
0.907554 0.2401 0.0211428 49
0.954141 0.2668 0.0222282 30
0.941245 -0.286 0.0219277 31
0.887559 -0.2562 0.020677 40
0.860167 -0.2353 0.0200389 51
0.84887 -0.2195 0.0197757 100
0.828475 -0.202 0.0193006 47
0.81078 -0.1857 0.0188883 100
0.806481 -0.173 0.0187882 100
0.796984 -0.1593 0.0185669 100
0.789286 -0.1464 0.0183876 100
0.785387 -0.1344 0.0182968 100
0.782288 -0.1226 0.0182246 100
0.776989 -0.1107 0.0181011 100
0.77249 -0.0991 0.0179963 100
0.768791 -0.0878 0.0179102 100
0.763993 -0.0764 0.0177984 100
0.761993 -0.0655 0.0177518 100
0.760794 -0.0547 0.0177238 100
0.760494 -0.0441 0.0177168 100
0.759094 -0.0334 0.0176842 100
0.758494 -0.0227 0.0176703 100
0.758694 -0.0122 0.0176749 100
0.760459 0.0062 0.0286998 100
0.760259 0.0169 0.0286922 100
0.759959 0.0275 0.0286809 100
0.760459 0.0382 0.0286998 100
0.760858 0.0489 0.0287148 100
0.763157 0.0598 0.0288016 100
0.768153 0.071 0.0289901 100
0.77305 0.0824 0.0291749 100
0.777846 0.0939 0.029356 100
0.782343 0.1056 0.0295257 100
0.78674 0.1174 0.0296916 100
0.791936 0.1295 0.0298877 100
0.80083 0.1425 0.0302234 100
0.804627 0.1549 0.0303667 100
0.819017 0.1695 0.0309097 100
0.827311 0.1834 0.0312228 100
0.846098 0.2 0.0319318 100
0.864585 0.2172 0.0326295 100
0.891365 0.2372 0.0336402 52
0.92744 0.2607 0.0350016 45
0.938332 -0.2804 0.0354127 28
0.88547 -0.2511 0.0334177 41
0.858989 -0.2307 0.0324183 51
0.836904 -0.2122 0.0315848 100
0.831108 -0.1984 0.0313661 100
0.820116 -0.1837 0.0309512 100
0.808924 -0.1694 0.0305288 100
0.798432 -0.1555 0.0301329 100
0.790737 -0.1426 0.0298425 100
0.785741 -0.1303 0.0296539 100
0.780544 -0.1183 0.0294578 100
0.775148 -0.1064 0.0292541 100
0.770651 -0.0948 0.0290844 100
0.765955 -0.0834 0.0289072 100
0.762057 -0.0722 0.0287601 100
0.760958 -0.0614 0.0287186 100
0.760758 -0.0506 0.0287111 100
0.759459 -0.0399 0.028662 100
0.75886 -0.0292 0.0286394 100
0.75826 -0.0186 0.0286168 100
0.758403 0.0016 0.0300893 100
0.760302 0.0122 0.0301646 100
0.760102 0.0228 0.0301567 100
0.760702 0.0335 0.0301805 100
0.761101 0.0441 0.0301963 100
0.7624 0.0549 0.0302479 100
0.766597 0.066 0.0304144 100
0.770594 0.0771 0.0305729 100
0.77539 0.0886 0.0307632 100
0.780986 0.1003 0.0309852 100
0.786381 0.1122 0.0311993 100
0.790678 0.1241 0.0313698 100
0.798772 0.1368 0.0316909 100
0.806565 0.1497 0.0320001 100
0.809363 0.1619 0.0321111 100
0.821654 0.1764 0.0325987 100
0.842537 0.1932 0.0334272 100
0.855227 0.2087 0.0339307 100
0.883205 0.2286 0.0350407 100
0.908885 0.2489 0.0360596 52
0.947555 0.2737 0.0375938 27
0.912082 -0.2669 0.0361864 30
0.876211 -0.2432 0.0347632 47
0.852429 -0.2239 0.0338197 100
0.841938 -0.2086 0.0334035 100
0.822353 -0.1916 0.0326265 100
0.808364 -0.1765 0.0320714 100
0.804867 -0.164 0.0319327 100
0.796274 -0.1507 0.0315918 100
0.78848 -0.1378 0.0312825 100
0.784383 -0.1259 0.03112 100
0.780086 -0.114 0.0309495 100
0.773691 -0.1021 0.0306958 100
0.768096 -0.0905 0.0304738 100
0.764299 -0.0792 0.0303232 100
0.7624 -0.0683 0.0302479 100
0.760202 -0.0574 0.0301606 100
0.759003 -0.0467 0.0301131 100
0.758503 -0.036 0.0300932 100
0.758004 -0.0254 0.0300734 100
0.758303 -0.0148 0.0300853 100
0.760324 0.0058 0.0320692 100
0.762122 0.0165 0.0321451 100
0.762822 0.0271 0.0321746 100
0.765419 0.0379 0.0322841 100
0.768816 0.0489 0.0324274 100
0.773113 0.0708 0.0326086 100
0.77601 0.082 0.0327308 100
0.778708 0.0933 0.0328446 100
0.782304 0.1048 0.0329963 100
0.786701 0.1166 0.0331817 100
0.791896 0.1287 0.0334009 100
0.79889 0.1413 0.0336959 100
0.808681 0.1546 0.0341088 100
0.818173 0.1683 0.0345092 100
0.822569 0.1812 0.0346946 100
0.838455 0.197 0.0353646 100
0.857937 0.2142 0.0361864 100
0.882815 0.2336 0.0372357 100
0.917085 0.2564 0.0386811 100
0.934769 -0.2884 0.039427 25
0.885912 -0.2599 0.0373663 40
0.859636 -0.2392 0.036258 100
0.841552 -0.2216 0.0354953 100
0.823268 -0.2045 0.0347241 100
0.819272 -0.1914 0.0345555 100
0.81008 -0.1774 0.0341678 100
0.801687 -0.1639 0.0338138 100
0.793095 -0.1507 0.0334514 100
0.786301 -0.138 0.0331649 100
0.781205 -0.1259 0.03295 100
0.77601 -0.114 0.0327308 100
0.772513 -0.1025 0.0325833 100
0.767917 -0.091 0.0323895 100
0.764121 -0.0798 0.0322293 100
0.762222 -0.0689 0.0321493 100
0.762122 -0.0582 0.0321451 100
0.761823 -0.0475 0.0321324 100
0.761423 -0.0368 0.0321156 100
0.760923 -0.0261 0.0320945 100
0.761123 -0.0155 0.0321029 100
0.760138 0.009 0.0340516 100
0.760937 0.0197 0.0340874 100
0.761636 0.0303 0.0341187 100
0.762136 0.041 0.0341411 100
0.765432 0.0519 0.0342888 100
0.770627 0.063 0.0345215 100
0.775722 0.0743 0.0347497 100
0.779518 0.0857 0.0349198 100
0.784214 0.0973 0.0351301 100
0.788709 0.109 0.0353315 100
0.793005 0.1209 0.0355239 100
0.801097 0.1336 0.0358864 100
0.809988 0.1467 0.0362847 100
0.818679 0.1601 0.036674 100
0.831067 0.1746 0.0372289 100
0.836361 0.1879 0.0374661 100
0.85794 0.2053 0.0384328 100
0.880117 0.2237 0.0394262 100
0.914583 0.2461 0.0409702 100
0.961036 0.273 0.0430511 36
0.893104 -0.2597 0.040008 40
0.875522 -0.2414 0.0392204 52
0.852645 -0.2224 0.0381956 100
0.832365 -0.2047 0.0372871 100
0.815682 -0.1886 0.0365398 100
0.812385 -0.176 0.0363921 100
0.802995 -0.1622 0.0359714 100
0.795302 -0.1492 0.0356268 100
0.790407 -0.1369 0.0354075 100
0.786311 -0.1249 0.0352241 100
0.781117 -0.1129 0.0349914 100
0.774623 -0.101 0.0347005 100
0.769029 -0.0894 0.0344499 100
0.765233 -0.0782 0.0342798 100
0.763235 -0.0672 0.0341903 100
0.763135 -0.0565 0.0341858 100
0.761836 -0.0457 0.0341276 100
0.760437 -0.035 0.034065 100
0.759838 -0.0244 0.0340381 100
0.760138 -0.0138 0.0340516 100
0.759731 0.0096 0.042168 100
0.761528 0.0202 0.0422678 100
0.763225 0.0309 0.042362 100
0.763725 0.0416 0.0423897 100
0.764024 0.0524 0.0424063 100
0.767219 0.0633 0.0425837 100
0.771213 0.0745 0.0428053 100
0.774109 0.0857 0.0429661 100
0.777803 0.0971 0.0431711 100
0.783294 0.1089 0.0434759 100
0.789585 0.1211 0.043825 100
0.797672 0.1337 0.0442739 100
0.80556 0.1466 0.0447117 100
0.814247 0.16 0.0451939 100
0.824631 0.174 0.0457702 100
0.839608 0.1895 0.0466015 100
0.845598 0.2033 0.046934 100
0.868863 0.2217 0.0482253 100
0.894623 0.2416 0.0496551 100
0.930568 0.2653 0.0516501 47
0.932265 -0.2807 0.0517444 23
0.89003 -0.2544 0.0494002 46
0.865568 -0.2344 0.0480424 51
0.841605 -0.2154 0.0467124 100
0.82513 -0.1989 0.0457979 100
0.820038 -0.1856 0.0455153 100
0.811751 -0.1719 0.0450553 100
0.802365 -0.1582 0.0445344 100
0.79268 -0.1449 0.0439968 100
0.785791 -0.1323 0.0436145 100
0.781597 -0.1204 0.0433817 100
0.776305 -0.1085 0.043088 100
0.772711 -0.0971 0.0428885 100
0.769016 -0.0857 0.0426834 100
0.766221 -0.0746 0.0425282 100
0.764224 -0.0636 0.0424174 100
0.762027 -0.0528 0.0422955 100
0.761628 -0.0421 0.0422733 100
0.761228 -0.0314 0.0422512 100
0.760529 -0.0207 0.0422124 100
0.760756 0.0005 0.0435256 100
0.759658 0.0112 0.0434628 100
0.761455 0.0218 0.0435656 100
0.762054 0.0325 0.0435999 100
0.763551 0.0433 0.0436855 100
0.766846 0.0542 0.043874 100
0.770939 0.0654 0.0441082 100
0.775931 0.0768 0.0443938 100
0.781722 0.0884 0.0447251 100
0.787412 0.1002 0.0450507 100
0.791805 0.112 0.0453021 100
0.800092 0.1246 0.0457762 100
0.809077 0.1376 0.0462902 100
0.816864 0.1508 0.0467358 100
0.821556 0.1635 0.0470042 100
0.838728 0.1792 0.0479867 100
0.847814 0.1936 0.0485065 100
0.873172 0.2122 0.0499573 100
0.897233 0.2314 0.0513339 100
0.945953 0.2581 0.0541214 43
0.890943 -0.2688 0.0509741 41
0.873472 -0.2502 0.0499745 100
0.847015 -0.2299 0.0484608 100
0.824951 -0.2116 0.0471984 100
0.818162 -0.1977 0.04681 100
0.810175 -0.1838 0.0463531 100
0.801889 -0.1701 0.045879 100
0.792404 -0.1566 0.0453363 100
0.786614 -0.144 0.045005 100
0.783619 -0.1322 0.0448337 100
0.779525 -0.1203 0.0445995 100
0.775132 -0.1086 0.0443481 100
0.77064 -0.097 0.0440911 100
0.767944 -0.0857 0.0439369 100
0.765149 -0.0746 0.0437769 100
0.762154 -0.0636 0.0436056 100
0.760956 -0.0528 0.043537 100
0.759558 -0.042 0.0434571 100
0.75816 -0.0313 0.0433771 100
0.756463 -0.0206 0.04328 100
0.757486 0.0026 0.0479166 100
0.76038 0.0133 0.0480997 100
0.761079 0.024 0.0481439 100
0.762676 0.0347 0.0482449 100
0.766069 0.0456 0.0484595 100
0.769362 0.0566 0.0486679 100
0.773454 0.0678 0.0489267 100
0.778444 0.0792 0.0492424 100
0.784232 0.0909 0.0496085 100
0.787825 0.1025 0.0498358 100
0.792217 0.1143 0.0501136 100
0.801398 0.1271 0.0506944 100
0.81038 0.1402 0.0512626 100
0.817167 0.1531 0.0516918 100
0.82575 0.1667 0.0522348 100
0.839921 0.1818 0.0531312 100
0.847007 0.1958 0.0535795 100
0.874253 0.215 0.055303 100
0.906887 0.2365 0.0573673 100
0.946808 0.2611 0.0598926 37
0.897905 -0.2723 0.0567992 39
0.87575 -0.2523 0.0553977 100
0.851199 -0.2324 0.0538446 100
0.826348 -0.2132 0.0522727 100
0.819562 -0.1993 0.0518434 100
0.81058 -0.1851 0.0512752 100
0.803294 -0.1717 0.0508143 100
0.793813 -0.1581 0.0502146 100
0.786129 -0.1452 0.0497285 100
0.782237 -0.1332 0.0494823 100
0.777047 -0.1211 0.049154 100
0.771757 -0.1093 0.0488194 100
0.769262 -0.098 0.0486615 100
0.767566 -0.0869 0.0485542 100
0.765769 -0.0759 0.0484406 100
0.763773 -0.0649 0.0483143 100
0.761578 -0.054 0.0481754 100
0.758284 -0.0431 0.0479671 100
0.756787 -0.0324 0.0478724 100
0.755191 -0.0218 0.0477714 100
0.757386 -0.0113 0.0479103 100
0.758435 0.007 0.0487553 100
0.760231 0.0177 0.0488708 100
0.761927 0.0284 0.0489799 100
0.763424 0.0391 0.0490761 100
0.765819 0.05 0.04923 100
0.771009 0.0612 0.0495636 100
0.776996 0.0726 0.0499485 100
0.783882 0.0843 0.0503912 100
0.78957 0.0961 0.0507569 100
0.792065 0.1077 0.0509172 100
0.796456 0.1196 0.0511995 100
0.803541 0.1322 0.051655 100
0.812423 0.1454 0.0522259 100
0.823101 0.1592 0.0529124 100
0.837372 0.1742 0.0538297 100
0.844657 0.188 0.054298 100
0.869106 0.2063 0.0558698 100
0.888067 0.2372 0.0570886 100
0.923095 0.2604 0.0593404 49
0.904533 -0.2811 0.0581471 34
0.872898 -0.258 0.0561135 49
0.853438 -0.2393 0.0548626 100
0.83348 -0.2212 0.0535795 100
0.812124 -0.1914 0.0522067 100
0.803042 -0.1774 0.0516229 100
0.79466 -0.164 0.051084 100
0.788073 -0.1511 0.0506606 100
0.784181 -0.1391 0.0504104 100
0.781088 -0.1273 0.0502116 100
0.775898 -0.1153 0.049878 100
0.772506 -0.1038 0.0496599 100
0.768913 -0.0924 0.0494289 100
0.764123 -0.081 0.049121 100
0.761229 -0.0699 0.0489349 100
0.759133 -0.059 0.0488002 100
0.757936 -0.0483 0.0487233 100
0.757536 -0.0376 0.0486976 100
0.756938 -0.027 0.0486591 100
0.755241 -0.0164 0.04855 100
0.756841 0.0069 0.0572079 100
0.76063 0.0176 0.0574943 100
0.762325 0.0283 0.0576225 100
0.763821 0.0391 0.0577355 100
0.768209 0.0501 0.0580672 100
0.771399 0.0612 0.0583084 100
0.776385 0.0725 0.0586852 100
0.782268 0.0841 0.0591299 100
0.786955 0.0958 0.0594842 100
0.790445 0.1075 0.059748 100
0.798821 0.12 0.0603811 100
0.808793 0.1331 0.0611348 100
0.815773 0.146 0.0616625 100
0.824448 0.1595 0.0623182 100
0.836713 0.1741 0.0632453 100
0.842995 0.1878 0.0637201 100
0.866528 0.2058 0.0654989 100
0.891557 0.2249 0.0673908 100
0.931742 0.249 0.0704283 49
0.932141 -0.3009 0.0704585 26
0.884776 -0.272 0.0668782 43
0.861642 -0.2517 0.0651296 52
0.841001 -0.233 0.0635694 100
0.824847 -0.2161 0.0623483 100
0.821058 -0.2029 0.0620619 100
0.811186 -0.1884 0.0613157 100
0.803009 -0.1747 0.0606977 100
0.794533 -0.1613 0.060057 100
0.786955 -0.1483 0.0594842 100
0.781072 -0.1359 0.0590395 100
0.774989 -0.1237 0.0585797 100
0.770701 -0.1119 0.0582556 100
0.766314 -0.1004 0.057924 100
0.761627 -0.0889 0.0575697 100
0.759832 -0.0779 0.057434 100
0.759832 -0.0672 0.057434 100
0.757738 -0.0563 0.0572758 100
0.756442 -0.0456 0.0571778 100
0.756043 -0.035 0.0571476 100
0.755445 -0.0243 0.0571024 100
0.756741 -0.0138 0.0572004 100
0.757563 0.0074 0.060813 100
0.760354 0.0181 0.0610371 100
0.760055 0.0288 0.0610131 100
0.76155 0.0395 0.0611331 100
0.76484 0.0504 0.0613971 100
0.769026 0.0616 0.0617332 100
0.77411 0.0729 0.0621413 100
0.779991 0.0845 0.0626134 100
0.785573 0.0963 0.0630615 100
0.790158 0.1081 0.0634296 100
0.796438 0.1203 0.0639337 100
0.805509 0.1333 0.0646618 100
0.812387 0.1461 0.065214 100
0.822056 0.1598 0.0659901 100
0.834316 0.1743 0.0669743 100
0.838702 0.1875 0.0673264 100
0.86113 0.2053 0.0691268 100
0.886249 0.2244 0.0711432 100
0.916751 0.2459 0.0735918 51
0.939179 -0.3006 0.0753921 30
0.903195 -0.2752 0.0725035 41
0.865815 -0.2506 0.0695029 52
0.85186 -0.2337 0.0683826 100
0.830927 -0.2155 0.0667023 100
0.813483 -0.1989 0.065302 100
0.809396 -0.1859 0.0649739 100
0.801223 -0.1722 0.0643178 100
0.79275 -0.1588 0.0636376 100
0.785075 -0.1459 0.0630215 100
0.781087 -0.1339 0.0627014 100
0.777001 -0.122 0.0623734 100
0.772714 -0.1102 0.0620293 100
0.768229 -0.0986 0.0616692 100
0.765537 -0.0874 0.0614532 100
0.762746 -0.0763 0.0612291 100
0.76175 -0.0654 0.0611491 100
0.75866 -0.0544 0.060901 100
0.756267 -0.0436 0.060709 100
0.752878 -0.0329 0.0604369 100
0.75228 -0.0223 0.0603889 100
0.753476 -0.0117 0.0604849 100
0.75488 0.0098 0.0675951 100
0.761653 0.0205 0.0682016 100
0.763346 0.0313 0.0683532 100
0.766732 0.0422 0.0686565 100
0.771115 0.0533 0.0690489 100
0.776194 0.0645 0.0695037 100
0.781174 0.076 0.0699497 100
0.785059 0.0875 0.0702975 100
0.788645 0.0991 0.0706186 100
0.796115 0.1113 0.0712875 100
0.804282 0.124 0.0720188 100
0.81235 0.1369 0.0727412 100
0.823107 0.1506 0.0737045 100
0.836553 0.1652 0.0749085 100
0.842031 0.1785 0.075399 100
0.866633 0.1964 0.077602 100
0.889939 0.2149 0.0796889 100
0.912947 0.234 0.0817492 50
0.964441 0.2616 0.0863601 36
0.934162 -0.3075 0.0836489 31
0.88217 -0.2768 0.0789933 40
0.861154 -0.257 0.0771114 52
0.83974 -0.2379 0.0751939 100
0.834262 -0.2238 0.0747034 100
0.8248 -0.2089 0.0738561 100
0.814043 -0.1941 0.0728929 100
0.802987 -0.1797 0.0719029 100
0.791732 -0.1655 0.0708951 100
0.784262 -0.1525 0.0702262 100
0.780378 -0.1405 0.0698783 100
0.776394 -0.1286 0.0695216 100
0.771214 -0.1167 0.0690578 100
0.767828 -0.1052 0.0687546 100
0.765238 -0.0939 0.0685227 100
0.761453 -0.0827 0.0681838 100
0.759561 -0.0717 0.0680143 100
0.758565 -0.0609 0.0679251 100
0.75727 -0.0502 0.0678092 100
0.755975 -0.0395 0.0676932 100
0.754481 -0.0288 0.0675595 100
0.7548 0.0061 0.0695768 100
0.758584 0.0167 0.0699256 100
0.762268 0.0275 0.0702652 100
0.764758 0.0383 0.0704947 100
0.767148 0.0492 0.070715 100
0.771429 0.0604 0.0711097 100
0.775413 0.0716 0.0714768 100
0.779296 0.083 0.0718348 100
0.783976 0.0946 0.0722662 100
0.788557 0.1064 0.0726885 100
0.79483 0.1186 0.0732667 100
0.802996 0.1314 0.0740194 100
0.811858 0.1445 0.0748364 100
0.821517 0.1581 0.0757267 100
0.825998 0.171 0.0761398 100
0.843026 0.1869 0.0777094 100
0.862643 0.204 0.0795176 100
0.882957 0.2219 0.0813902 100
0.911536 0.2427 0.0840245 51
0.952163 0.2678 0.0877696 32
0.915917 -0.2887 0.0844284 25
0.875887 -0.2627 0.0807384 44
0.858361 -0.2444 0.0791229 100
0.838645 -0.2261 0.0773055 100
0.821418 -0.2092 0.0757175 100
0.816538 -0.1958 0.0752678 100
0.808473 -0.1819 0.0745243 100
0.799212 -0.1681 0.0736706 100
0.789752 -0.1546 0.0727986 100
0.782981 -0.1419 0.0721744 100
0.781885 -0.1305 0.0720735 100
0.779694 -0.1189 0.0718715 100
0.775413 -0.1071 0.0714768 100
0.770832 -0.0955 0.0710546 100
0.767148 -0.0842 0.070715 100
0.762268 -0.0728 0.0702652 100
0.758285 -0.0618 0.0698981 100
0.75709 -0.051 0.0697879 100
0.753705 -0.0402 0.0694758 100
0.752211 -0.0295 0.0693381 100
0.758034 0.009 0.0766557 100
0.759825 0.0197 0.0768368 100
0.760521 0.0304 0.0769072 100
0.762014 0.0412 0.0770582 100
0.765297 0.0522 0.0773902 100
0.770471 0.0634 0.0779134 100
0.775445 0.0748 0.0784164 100
0.781315 0.0865 0.07901 100
0.785892 0.0982 0.0794728 100
0.791364 0.1101 0.0800262 100
0.799622 0.1227 0.0808613 100
0.809571 0.1359 0.0818674 100
0.818426 0.1493 0.0827628 100
0.821112 0.1617 0.0830345 100
0.83733 0.1771 0.0846744 100
0.843498 0.1908 0.0852982 100
0.864989 0.2085 0.0874714 100
0.886081 0.2268 0.0896044 100
0.915531 0.248 0.0925825 46
0.93334 -0.297 0.0943834 27
0.888767 -0.2692 0.089876 39
0.872351 -0.2509 0.0882159 100
0.848871 -0.2313 0.0858415 100
0.828873 -0.2134 0.0838192 100
0.813352 -0.1973 0.0822497 100
0.809273 -0.1843 0.0818372 100
0.799124 -0.1702 0.080811 100
0.790668 -0.1568 0.0799558 100
0.783902 -0.1441 0.0792716 100
0.780917 -0.1323 0.0789698 100
0.778828 -0.1207 0.0787585 100
0.77445 -0.1089 0.0783158 100
0.768978 -0.0971 0.0777624 100
0.765297 -0.0858 0.0773902 100
0.761516 -0.0745 0.0770078 100
0.759526 -0.0636 0.0768066 100
0.757338 -0.0527 0.0765853 100
0.75495 -0.0419 0.0763438 100
0.750888 0.0054 0.0786921 100
0.760634 0.0162 0.0797136 100
0.76332 0.027 0.079995 100
0.765906 0.0378 0.080266 100
0.769287 0.0488 0.0806204 100
0.77247 0.0599 0.0809539 100
0.778437 0.0714 0.0815793 100
0.78331 0.083 0.08209 100
0.78709 0.0946 0.082486 100
0.79256 0.1066 0.0830593 100
0.800814 0.1191 0.0839244 100
0.809865 0.1322 0.0848729 100
0.818816 0.1454 0.0858109 100
0.829358 0.1594 0.0869157 100
0.841691 0.174 0.0882082 100
0.848851 0.188 0.0889586 100
0.873317 0.2063 0.0915226 100
0.897386 0.2253 0.0940449 100
0.938361 0.2497 0.0983391 47
0.906734 -0.2909 0.0950247 27
0.873616 -0.2668 0.0915539 46
0.852332 -0.2473 0.0893234 100
0.828861 -0.2279 0.0868636 100
0.823291 -0.214 0.0862799 100
0.81265 -0.1991 0.0851647 100
0.805688 -0.1854 0.0844351 100
0.798428 -0.172 0.0836742 100
0.789974 -0.1586 0.0827883 100
0.78331 -0.1458 0.08209 100
0.781321 -0.1341 0.0818815 100
0.777243 -0.1222 0.0814542 100
0.771972 -0.1103 0.0809018 100
0.767497 -0.0987 0.0804328 100
0.764812 -0.0874 0.0801513 100
0.761032 -0.0762 0.0797553 100
0.757054 -0.065 0.0793384 100
0.75596 -0.0543 0.0792237 100
0.752678 -0.0434 0.0788798 100
0.757252 0.008 0.0849305 100
0.762022 0.0187 0.0854655 100
0.764606 0.0295 0.0857553 100
0.769078 0.0405 0.0862568 100
0.774444 0.0517 0.0868587 100
0.779612 0.0631 0.0874383 100
0.784581 0.0746 0.0879956 100
0.788357 0.0861 0.0884191 100
0.793028 0.0979 0.0889429 100
0.801475 0.1104 0.0898903 100
0.809723 0.1231 0.0908154 100
0.81668 0.1359 0.0915956 100
0.825524 0.1493 0.0925876 100
0.830195 0.1622 0.0931114 100
0.845399 0.1776 0.0948167 100
0.865175 0.1944 0.0970347 100
0.884554 0.2119 0.0992082 100
0.917249 0.2333 0.102875 51
0.919336 -0.2882 0.103109 30
0.884256 -0.2637 0.0991747 48
0.855238 -0.242 0.0959202 100
0.831685 -0.2228 0.0932786 100
0.826021 -0.2089 0.0926433 100
0.814295 -0.1938 0.0913281 100
0.806245 -0.18 0.0904253 100
0.798891 -0.1666 0.0896005 100
0.781599 -0.1516 0.0876612 100
0.778718 -0.1397 0.0873379 100
0.775736 -0.128 0.0870036 100
0.770569 -0.1161 0.086424 100
0.76719 -0.1046 0.086045 100
0.764606 -0.0933 0.0857553 100
0.761823 -0.0821 0.0854432 100
0.759935 -0.0712 0.0852314 100
0.757848 -0.0602 0.0849973 100
0.755662 -0.0494 0.0847521 100
0.753277 -0.0386 0.0844847 100
0.756978 0.0036 0.0873392 100
0.758866 0.0143 0.0875569 100
0.761548 0.025 0.0878664 100
0.766118 0.0359 0.0883936 100
0.770489 0.047 0.088898 100
0.772674 0.058 0.0891501 100
0.776747 0.0693 0.0896201 100
0.783602 0.0811 0.0904109 100
0.789363 0.0929 0.0910757 100
0.794926 0.1049 0.0917176 100
0.801185 0.1172 0.0924397 100
0.809331 0.13 0.0933795 100
0.817278 0.1431 0.0942965 100
0.825921 0.1566 0.0952937 100
0.837246 0.1709 0.0966003 100
0.843603 0.1846 0.0973339 100
0.866055 0.2023 0.0999242 100
0.887313 0.2204 0.102377 100
0.930328 0.245 0.10734 47
0.930825 -0.3101 0.107397 29
0.894367 -0.284 0.103191 38
0.867743 -0.2622 0.100119 100
0.846484 -0.2429 0.0976663 100
0.826715 -0.2247 0.0953854 100
0.822046 -0.2111 0.0948467 100
0.811318 -0.1963 0.0936088 100
0.804364 -0.1827 0.0928064 100
0.797013 -0.1693 0.0919583 100
0.788569 -0.156 0.090984 100
0.781913 -0.1432 0.0902161 100
0.777939 -0.1313 0.0897576 100
0.773767 -0.1194 0.0892762 100
0.769396 -0.1077 0.0887719 100
0.765919 -0.0963 0.0883707 100
0.76125 -0.0848 0.087832 100
0.758369 -0.0737 0.0874996 100
0.757375 -0.0629 0.087385 100
0.757177 -0.0522 0.0873621 100
0.754892 -0.0414 0.0870984 100
0.751713 -0.0201 0.0867317 100
0.757624 0.0095 0.0977231 100
0.762384 0.0203 0.0983371 100
0.766054 0.0311 0.0988104 100
0.770517 0.0422 0.0993861 100
0.775773 0.0534 0.100064 100
0.780831 0.0648 0.100717 100
0.784798 0.0763 0.101228 100
0.786683 0.0876 0.101471 100
0.792237 0.0996 0.102188 100
0.799675 0.1119 0.103147 100
0.807808 0.1247 0.104196 100
0.817726 0.138 0.105475 100
0.828437 0.1518 0.106857 100
0.837958 0.1658 0.108085 100
0.845297 0.1796 0.109032 100
0.866918 0.197 0.111821 100
0.889134 0.2152 0.114686 100
0.936045 0.2405 0.120737 49
0.922458 -0.3024 0.118984 20
0.87634 -0.2737 0.113036 43
0.855314 -0.254 0.110324 100
0.844405 -0.238 0.108917 100
0.825561 -0.2202 0.106486 100
0.809295 -0.2037 0.104388 100
0.806221 -0.1909 0.103991 100
0.79908 -0.1774 0.10307 100
0.789757 -0.1637 0.101868 100
0.78222 -0.1507 0.100896 100
0.777459 -0.1385 0.100282 100
0.775376 -0.1269 0.100013 100
0.772104 -0.1153 0.0995908 100
0.768732 -0.1037 0.0991558 100
0.765161 -0.0923 0.0986953 100
0.763376 -0.0812 0.098465 100
0.7605 -0.0701 0.098094 100
0.758417 -0.0592 0.0978254 100
0.757227 -0.0484 0.0976719 100
0.755838 -0.0376 0.0974928 100
0.754251 -0.0269 0.0972881 100
0.754549 -0.0163 0.0973265 100
0.758414 0.0091 0.0994023 100
0.76119 0.0198 0.0997662 100
0.763867 0.0307 0.100117 100
0.767337 0.0416 0.100572 100
0.771601 0.0528 0.101131 100
0.775765 0.064 0.101676 100
0.779731 0.0754 0.102196 100
0.783499 0.0869 0.10269 100
0.790142 0.0989 0.103561 100
0.798471 0.1114 0.104652 100
0.807692 0.1243 0.105861 100
0.816616 0.1375 0.107031 100
0.82435 0.1507 0.108044 100
0.83486 0.1648 0.109422 100
0.839322 0.178 0.110007 100
0.859945 0.195 0.11271 100
0.883246 0.2134 0.115764 100
0.914776 0.2347 0.119896 100
0.967922 0.2629 0.126862 33
0.921816 -0.3005 0.120819 26
0.875611 -0.2719 0.114763 47
0.854591 -0.2522 0.112008 52
0.843585 -0.2361 0.110565 100
0.824746 -0.2184 0.108096 100
0.811361 -0.2027 0.106342 100
0.807296 -0.1897 0.105809 100
0.799165 -0.1759 0.104743 100
0.790836 -0.1625 0.103652 100
0.785185 -0.1498 0.102911 100
0.782309 -0.1379 0.102534 100
0.778343 -0.1259 0.102014 100
0.772097 -0.1138 0.101196 100
0.768725 -0.1023 0.100754 100
0.765156 -0.0909 0.100286 100
0.761388 -0.0796 0.0997922 100
0.758414 -0.0685 0.0994023 100
0.757323 -0.0577 0.0992593 100
0.756133 -0.0469 0.0991034 100
0.754646 -0.0361 0.0989085 100
0.75415 -0.0255 0.0988435 100
0.756431 -0.0149 0.0991424 100
0.759988 0.0032 0.103476 100
0.76088 0.0139 0.103597 100
0.763555 0.0247 0.103962 100
0.768113 0.0357 0.104582 100
0.773464 0.0469 0.105311 100
0.779607 0.0583 0.106147 100
0.78466 0.0698 0.106835 100
0.787633 0.0813 0.10724 100
0.793281 0.0931 0.108009 100
0.79883 0.1052 0.108764 100
0.806063 0.1177 0.109749 100
0.814188 0.1307 0.110855 100
0.822016 0.1438 0.111921 100
0.832618 0.1578 0.113365 100
0.838167 0.1711 0.11412 100
0.856993 0.1875 0.116684 100
0.882359 0.2061 0.120137 100
0.911094 0.2264 0.12405 100
0.948152 0.2498 0.129095 38
0.896528 -0.2862 0.122066 40
0.865316 -0.2629 0.117817 52
0.848868 -0.2449 0.115577 100
0.829249 -0.2266 0.112906 100
0.813098 -0.21 0.110707 100
0.810125 -0.1971 0.110302 100
0.80309 -0.1834 0.109344 100
0.797839 -0.1705 0.108629 100
0.791299 -0.1575 0.107739 100
0.783669 -0.1445 0.1067 100
0.778715 -0.1323 0.106026 100
0.775644 -0.1206 0.105607 100
0.774256 -0.1092 0.105419 100
0.770788 -0.0977 0.104946 100
0.767122 -0.0863 0.104447 100
0.763357 -0.075 0.103935 100
0.760285 -0.0639 0.103516 100
0.758204 -0.0529 0.103233 100
0.757808 -0.0422 0.103179 100
0.758403 -0.0315 0.10326 100
0.7587 -0.0208 0.103301 100
0.762662 0.007 0.106047 100
0.768407 0.0179 0.106846 100
0.7691 0.0287 0.106943 100
0.772567 0.0398 0.107425 100
0.777817 0.051 0.108155 100
0.782967 0.0625 0.108871 100
0.787028 0.074 0.109435 100
0.790792 0.0856 0.109959 100
0.798418 0.0978 0.111019 100
0.806837 0.1104 0.11219 100
0.812978 0.1229 0.113044 100
0.820011 0.1358 0.114022 100
0.830807 0.1497 0.115523 100
0.842197 0.164 0.117107 100
0.848635 0.1777 0.118002 100
0.868346 0.1946 0.120743 100
0.894494 0.2137 0.124378 100
0.939461 0.2385 0.130631 49
0.924109 -0.3031 0.128496 25
0.880925 -0.2752 0.122492 45
0.85329 -0.2535 0.118649 100
0.834769 -0.2352 0.116074 100
0.830312 -0.2214 0.115454 100
0.817832 -0.2058 0.113719 100
0.807135 -0.1911 0.112231 100
0.797131 -0.1769 0.11084 100
0.789801 -0.1636 0.109821 100
0.785146 -0.1512 0.109174 100
0.780392 -0.1389 0.108513 100
0.77534 -0.1267 0.10781 100
0.772171 -0.1151 0.10737 100
0.770685 -0.1038 0.107163 100
0.76811 -0.0924 0.106805 100
0.766327 -0.0813 0.106557 100
0.765436 -0.0703 0.106433 100
0.761375 -0.0591 0.105868 100
0.758205 -0.0481 0.105428 100
0.756819 -0.0374 0.105235 100
0.757215 -0.0267 0.10529 100
0.758502 -0.016 0.105469 100
0.759689 0.0016 0.112682 100
0.762557 0.0124 0.113107 100
0.767305 0.0233 0.113812 100
0.770767 0.0343 0.114325 100
0.77324 0.0453 0.114692 100
0.777494 0.0565 0.115323 100
0.782539 0.068 0.116071 100
0.785407 0.0794 0.116497 100
0.789166 0.0911 0.117054 100
0.796684 0.1033 0.118169 100
0.804004 0.1158 0.119255 100
0.810137 0.1284 0.120165 100
0.816072 0.1411 0.121045 100
0.820919 0.1539 0.121764 100
0.837141 0.1692 0.12417 100
0.845351 0.1833 0.125388 100
0.869685 0.2014 0.128997 100
0.892832 0.2201 0.132431 100
0.941401 0.2461 0.139635 47
0.950501 -0.311 0.140984 29
0.898965 -0.2802 0.13334 42
0.869487 -0.2577 0.128968 51
0.844362 -0.2374 0.125241 100
0.823688 -0.2191 0.122175 100
0.819831 -0.2058 0.121602 100
0.810137 -0.1912 0.120165 100
0.802025 -0.1774 0.118962 100
0.796684 -0.1645 0.118169 100
0.789166 -0.1514 0.117054 100
0.782341 -0.1387 0.116042 100
0.778384 -0.1267 0.115455 100
0.774131 -0.1149 0.114824 100
0.769778 -0.1031 0.114178 100
0.767206 -0.0918 0.113797 100
0.765426 -0.0807 0.113533 100
0.762557 -0.0695 0.113107 100
0.76048 -0.0585 0.112799 100
0.759194 -0.0477 0.112608 100
0.758798 -0.0369 0.11255 100
0.759293 -0.0262 0.112623 100
0.759491 -0.0155 0.112652 100
0.767654 0.0043 0.113507 100
0.771512 0.0152 0.114077 100
0.773193 0.0262 0.114326 100
0.774677 0.0372 0.114545 100
0.778041 0.0484 0.115043 100
0.782196 0.0597 0.115657 100
0.785262 0.0711 0.11611 100
0.788131 0.0826 0.116535 100
0.793869 0.0945 0.117383 100
0.803266 0.1071 0.118773 100
0.812467 0.12 0.120133 100
0.822458 0.1334 0.12161 100
0.833142 0.1472 0.12319 100
0.844716 0.1616 0.124901 100
0.849167 0.1748 0.12556 100
0.866974 0.1913 0.128192 100
0.889232 0.2094 0.131484 100
0.918909 0.2301 0.135872 100
0.919008 -0.2926 0.135886 28
0.87657 -0.2655 0.129611 46
0.857279 -0.2466 0.126759 100
0.835813 -0.2277 0.123585 100
0.830174 -0.2136 0.122751 100
0.8186 -0.1984 0.12104 100
0.808806 -0.184 0.119592 100
0.802475 -0.1707 0.118656 100
0.796045 -0.1576 0.117705 100
0.788428 -0.1446 0.116578 100
0.781503 -0.132 0.115555 100
0.778436 -0.1202 0.115101 100
0.775073 -0.1085 0.114604 100
0.771611 -0.097 0.114092 100
0.769929 -0.0857 0.113843 100
0.770028 -0.0748 0.113858 100
0.769039 -0.0637 0.113712 100
0.765873 -0.0526 0.113243 100
0.761619 -0.0415 0.112614 100
0.760135 -0.0307 0.112395 100
0.760432 -0.02 0.112439 100
0.766342 0.0027 0.122047 100
0.769206 0.0136 0.122503 100
0.769898 0.0245 0.122613 100
0.771478 0.0354 0.122865 100
0.773848 0.0465 0.123243 100
0.778094 0.0578 0.123919 100
0.782143 0.0692 0.124564 100
0.785007 0.0806 0.12502 100
0.789747 0.0924 0.125775 100
0.796166 0.1046 0.126797 100
0.805449 0.1173 0.128275 100
0.814535 0.1304 0.129722 100
0.823324 0.1438 0.131122 100
0.833891 0.1578 0.132805 100
0.839323 0.1711 0.13367 100
0.860061 0.188 0.136973 100
0.879516 0.2053 0.140071 100
0.907365 0.2253 0.144506 100
0.964347 0.254 0.153581 39
0.894626 -0.2793 0.142478 38
0.870924 -0.2585 0.138703 100
0.850581 -0.2395 0.135463 100
0.829941 -0.2211 0.132176 100
0.825201 -0.2074 0.131421 100
0.812659 -0.1921 0.129424 100
0.803672 -0.178 0.127992 100
0.79824 -0.1651 0.127127 100
0.793698 -0.1525 0.126404 100
0.785995 -0.1395 0.125177 100
0.779971 -0.1272 0.124218 100
0.77681 -0.1154 0.123714 100
0.775329 -0.104 0.123478 100
0.772761 -0.0926 0.12307 100
0.769107 -0.0812 0.122488 100
0.767132 -0.07 0.122173 100
0.766145 -0.0591 0.122016 100
0.762886 -0.048 0.121497 100
0.761503 -0.0371 0.121277 100
0.76101 -0.0263 0.121198 100
0.760219 -0.0156 0.121072 100
0.766994 0.0039 0.124297 100
0.768869 0.0148 0.1246 100
0.76956 0.0257 0.124712 100
0.771041 0.0367 0.124952 100
0.775384 0.0479 0.125656 100
0.780616 0.0593 0.126504 100
0.784663 0.0708 0.12716 100
0.788513 0.0824 0.127784 100
0.796114 0.0946 0.129016 100
0.805492 0.1072 0.130535 100
0.812697 0.1199 0.131703 100
0.820693 0.133 0.132999 100
0.830466 0.1466 0.134583 100
0.841028 0.1608 0.136294 100
0.846457 0.1742 0.137174 100
0.864225 0.1906 0.140054 100
0.886534 0.2087 0.143669 100
0.914174 0.2289 0.148148 100
0.895418 -0.2855 0.145109 38
0.867187 -0.2631 0.140533 52
0.844088 -0.2431 0.13679 100
0.825431 -0.2252 0.133767 100
0.821779 -0.2118 0.133175 100
0.813092 -0.1974 0.131767 100
0.805097 -0.1834 0.130471 100
0.797891 -0.17 0.129304 100
0.792462 -0.1571 0.128424 100
0.784762 -0.1441 0.127176 100
0.778938 -0.1317 0.126232 100
0.775779 -0.1199 0.12572 100
0.772423 -0.1083 0.125176 100
0.769955 -0.0968 0.124776 100
0.76729 -0.0855 0.124344 100
0.765414 -0.0744 0.124041 100
0.765414 -0.0635 0.124041 100
0.76423 -0.0525 0.123849 100
0.762947 -0.0416 0.123641 100
0.76344 -0.0308 0.123721 100
0.761762 -0.0199 0.123449 100
0.76571 0.0108 0.125339 100
0.76946 0.0218 0.125953 100
0.770052 0.0327 0.126049 100
0.774493 0.0438 0.126776 100
0.778736 0.0551 0.127471 100
0.782782 0.0666 0.128133 100
0.787717 0.0782 0.128941 100
0.796302 0.0904 0.130346 100
0.804789 0.1029 0.131736 100
0.810118 0.1153 0.132608 100
0.816336 0.1279 0.133626 100
0.825119 0.1413 0.135063 100
0.828968 0.154 0.135693 100
0.846139 0.1696 0.138504 100
0.85433 0.1838 0.139845 100
0.879594 0.2023 0.14398 100
0.907423 0.2222 0.148536 100
0.947293 0.2462 0.155062 36
0.924792 -0.3034 0.151379 23
0.89114 -0.2785 0.14587 44
0.864594 -0.2569 0.141525 51
0.844264 -0.238 0.138197 100
0.824527 -0.2199 0.134966 100
0.812191 -0.2044 0.132947 100
0.810118 -0.1917 0.132608 100
0.802125 -0.1779 0.1313 100
0.793835 -0.1644 0.129943 100
0.785348 -0.1511 0.128553 100
0.779526 -0.1386 0.1276 100
0.776565 -0.1268 0.127116 100
0.775282 -0.1153 0.126906 100
0.773802 -0.104 0.126663 100
0.771236 -0.0926 0.126243 100
0.769558 -0.0813 0.125969 100
0.766598 -0.0701 0.125484 100
0.763637 -0.0589 0.124999 100
0.76038 -0.0479 0.124466 100
0.759986 -0.0371 0.124402 100
0.761367 -0.0264 0.124628 100
0.760677 -0.0156 0.124515 100
0.761903 0.0005 0.124449 100
0.763778 0.0113 0.124755 100
0.766542 0.0222 0.125207 100
0.771082 0.0333 0.125948 100
0.775424 0.0444 0.126657 100
0.781642 0.0559 0.127673 100
0.783813 0.0672 0.128028 100
0.786675 0.0786 0.128495 100
0.791412 0.0904 0.129269 100
0.798913 0.1027 0.130494 100
0.806216 0.1152 0.131687 100
0.812335 0.1279 0.132686 100
0.821217 0.1412 0.134137 100
0.832764 0.1553 0.136023 100
0.846088 0.1702 0.1382 100
0.853292 0.1842 0.139376 100
0.877669 0.2024 0.143358 100
0.908362 0.2231 0.148372 100
0.966295 0.2518 0.157834 36
0.923758 -0.3037 0.150886 22
0.891979 -0.2794 0.145696 47
0.864444 -0.2575 0.141198 100
0.842239 -0.238 0.137571 100
0.823487 -0.2202 0.134508 100
0.819737 -0.2068 0.133896 100
0.810065 -0.1923 0.132316 100
0.802959 -0.1787 0.131155 100
0.795656 -0.1653 0.129962 100
0.787267 -0.152 0.128592 100
0.780457 -0.1393 0.12748 100
0.777497 -0.1274 0.126996 100
0.77424 -0.1157 0.126464 100
0.771871 -0.1042 0.126077 100
0.768318 -0.0927 0.125497 100
0.766542 -0.0815 0.125207 100
0.765653 -0.0705 0.125062 100
0.765555 -0.0596 0.125045 100
0.763384 -0.0486 0.124691 100
0.761015 -0.0377 0.124304 100
0.760423 -0.0269 0.124207 100
0.760719 -0.0161 0.124256 100
0.762918 0.0005 0.124437 100
0.766768 0.0114 0.125065 100
0.768544 0.0223 0.125354 100
0.77111 0.0333 0.125773 100
0.775453 0.0445 0.126481 100
0.781671 0.056 0.127495 100
0.785717 0.0675 0.128155 100
0.786704 0.0788 0.128316 100
0.790455 0.0905 0.128928 100
0.797955 0.1028 0.130152 100
0.805259 0.1153 0.131343 100
0.814339 0.1284 0.132824 100
0.819274 0.1411 0.133629 100
0.833782 0.1558 0.135995 100
0.853817 0.1721 0.139263 100
0.866746 0.1875 0.141372 100
0.883327 0.2042 0.144076 100
0.910173 0.224 0.148455 100
0.969094 0.253 0.158065 31
0.930603 -0.3081 0.151787 29
0.894282 -0.2821 0.145863 43
0.855495 -0.2566 0.139537 100
0.835164 -0.2377 0.13622 100
0.830722 -0.2238 0.135496 100
0.818484 -0.2082 0.1335 100
0.808812 -0.1936 0.131922 100
0.800719 -0.1797 0.130602 100
0.794501 -0.1665 0.129588 100
0.787 -0.1534 0.128365 100
0.782263 -0.141 0.127592 100
0.779203 -0.1291 0.127093 100
0.777032 -0.1175 0.126739 100
0.774663 -0.1059 0.126352 100
0.769136 -0.0941 0.125451 100
0.766471 -0.0828 0.125016 100
0.76657 -0.0718 0.125032 100
0.765485 -0.0608 0.124855 100
0.763313 -0.0498 0.124501 100
0.759958 -0.0388 0.123954 100
0.758477 -0.0279 0.123712 100
0.75976 -0.0172 0.123922 100
0.764906 0.0014 0.124672 100
0.766782 0.0122 0.124978 100
0.768558 0.0231 0.125267 100
0.771124 0.0341 0.125685 100
0.775467 0.0452 0.126393 100
0.779711 0.0565 0.127085 100
0.782771 0.0679 0.127584 100
0.785732 0.0793 0.128066 100
0.792344 0.0913 0.129144 100
0.800832 0.1038 0.130527 100
0.807149 0.1162 0.131557 100
0.816229 0.1293 0.133037 100
0.820177 0.1418 0.13368 100
0.833699 0.1563 0.135884 100
0.854623 0.1727 0.139295 100
0.864788 0.1875 0.140952 100
0.886107 0.2052 0.144426 100
0.91394 0.2253 0.148963 100
0.996747 0.2607 0.16246 32
0.947398 -0.3142 0.154416 32
0.891338 -0.2818 0.145279 40
0.865775 -0.2603 0.141113 50
0.846431 -0.2416 0.137959 100
0.825902 -0.2232 0.134613 100
0.81544 -0.2081 0.132908 100
0.814354 -0.1956 0.132731 100
0.807346 -0.1819 0.131589 100
0.800142 -0.1685 0.130415 100
0.790765 -0.1549 0.128887 100
0.781093 -0.1416 0.12731 100
0.776158 -0.1294 0.126506 100
0.773987 -0.1178 0.126152 100
0.771618 -0.1064 0.125766 100
0.768065 -0.0948 0.125187 100
0.7654 -0.0836 0.124752 100
0.765499 -0.0726 0.124768 100
0.7654 -0.0618 0.124752 100
0.763229 -0.0507 0.124398 100
0.761946 -0.0399 0.124189 100
0.763426 -0.0291 0.124431 100
0.764709 -0.0184 0.12464 100
