0.86354 0.0062 -0.121175 100
0.865322 0.0185 -0.121425 100
0.868986 0.0308 -0.121939 100
0.872353 0.0432 -0.122411 100
0.876612 0.0559 -0.123009 100
0.881761 0.0687 -0.123732 100
0.889584 0.0819 -0.124829 100
0.904142 0.0961 -0.126872 52
0.913451 0.1102 -0.128178 48
0.90028 -0.0943 -0.12633 51
0.885722 -0.0802 -0.124287 51
0.88186 -0.0673 -0.123745 100
0.87572 -0.0544 -0.122884 100
0.873443 -0.0419 -0.122564 100
0.871957 -0.0295 -0.122356 100
0.869283 -0.0172 -0.121981 100
0.862006 0.0018 -0.117665 100
0.86488 0.014 -0.118058 100
0.871518 0.0264 -0.118964 100
0.874986 0.0389 -0.119437 100
0.876373 0.0513 -0.119627 100
0.880534 0.064 -0.120195 100
0.886479 0.077 -0.121006 100
0.893217 0.0903 -0.121926 100
0.909565 0.1049 -0.124157 100
0.938497 0.1217 -0.128107 43
0.937011 -0.1178 -0.127904 36
0.911943 -0.1016 -0.124482 45
0.895496 -0.087 -0.122237 49
0.89074 -0.0739 -0.121588 100
0.881723 -0.0607 -0.120357 100
0.877562 -0.048 -0.119789 100
0.873202 -0.0354 -0.119194 100
0.866663 -0.0229 -0.118301 100
0.851087 0 -0.108697 100
0.849996 0.012 -0.108558 100
0.848805 0.0239 -0.108406 100
0.850293 0.0359 -0.108596 100
0.854757 0.0481 -0.109166 100
0.858923 0.0605 -0.109698 100
0.864875 0.0732 -0.110458 100
0.872711 0.0862 -0.111459 100
0.88025 0.0995 -0.112422 100
0.885706 0.1127 -0.113119 100
0.903759 0.128 -0.115424 100
0.927367 0.1446 -0.11844 45
0.95653 0.163 -0.122164 26
0.943437 -0.1373 -0.120492 26
0.913778 -0.1199 -0.116704 43
0.891757 -0.1043 -0.113891 52
0.88521 -0.0909 -0.113055 100
0.875489 -0.0775 -0.111814 100
0.868545 -0.0646 -0.110927 100
0.86051 -0.0518 -0.109901 100
0.855154 -0.0394 -0.109217 100
0.853666 -0.0273 -0.109027 100
0.852972 -0.0153 -0.108938 100
0.852261 0.0114 -0.106585 100
0.852063 0.0234 -0.10656 100
0.851666 0.0354 -0.10651 100
0.853055 0.0475 -0.106684 100
0.85623 0.0597 -0.107081 100
0.861291 0.0723 -0.107714 100
0.867145 0.085 -0.108446 100
0.876671 0.0985 -0.109637 100
0.882128 0.1116 -0.11032 100
0.902172 0.1271 -0.112826 100
0.924796 0.1436 -0.115656 45
0.953076 0.1617 -0.119192 31
0.941962 -0.1361 -0.117803 34
0.913286 -0.1188 -0.114216 43
0.89215 -0.1034 -0.111573 100
0.885601 -0.09 -0.110754 100
0.877862 -0.0768 -0.109786 100
0.868931 -0.0637 -0.108669 100
0.861787 -0.051 -0.107776 100
0.857421 -0.0386 -0.10723 100
0.853948 -0.0264 -0.106795 100
0.852261 -0.0144 -0.106585 100
0.837168 0.0113 -0.0981339 100
0.836969 0.0231 -0.0981106 100
0.839552 0.0349 -0.0984133 100
0.845908 0.0471 -0.0991584 100
0.85008 0.0593 -0.0996474 100
0.854152 0.0717 -0.100125 100
0.861005 0.0844 -0.100928 100
0.866666 0.0973 -0.101592 100
0.873519 0.1229 -0.102395 100
0.880471 0.1365 -0.10321 100
0.902024 0.1529 -0.105736 49
0.930131 0.1711 -0.109031 41
0.93172 -0.1562 -0.109217 35
0.904308 -0.1386 -0.106004 45
0.88355 -0.1228 -0.103571 100
0.877293 -0.1094 -0.102837 100
0.866865 -0.0957 -0.101615 100
0.859217 -0.0827 -0.100718 100
0.854251 -0.0702 -0.100136 100
0.850179 -0.0578 -0.099659 100
0.846007 -0.0456 -0.09917 100
0.840545 -0.0335 -0.0985297 100
0.838956 -0.0217 -0.0983434 100
0.83551 0.0109 -0.0950536 100
0.837299 0.0226 -0.0952571 100
0.840876 0.0344 -0.095664 100
0.845248 0.0465 -0.0961614 100
0.848526 0.0585 -0.0965344 100
0.851607 0.0707 -0.0968848 100
0.857171 0.0953 -0.0975178 100
0.866709 0.1087 -0.098603 100
0.878831 0.1227 -0.0999821 100
0.885885 0.1363 -0.100785 100
0.90844 0.1528 -0.103351 47
0.93169 0.1701 -0.105996 38
0.932187 -0.1557 -0.106052 29
0.908639 -0.1388 -0.103373 45
0.887873 -0.123 -0.101011 100
0.870683 -0.1082 -0.0990552 100
0.865219 -0.0953 -0.0984335 100
0.858562 -0.0824 -0.0976761 100
0.855581 -0.0701 -0.097337 100
0.852501 -0.0579 -0.0969866 100
0.847334 -0.0457 -0.0963988 100
0.841869 -0.0336 -0.0957771 100
0.838292 -0.0217 -0.0953701 100
0.824366 0.0029 -0.0875291 100
0.824267 0.0145 -0.0875185 100
0.824963 0.0261 -0.0875924 100
0.828443 0.0379 -0.087962 100
0.831824 0.0498 -0.088321 100
0.835006 0.0618 -0.0886588 100
0.838089 0.0739 -0.0889861 100
0.843857 0.0864 -0.0895985 100
0.852508 0.0994 -0.0905171 100
0.86285 0.113 -0.0916152 100
0.871998 0.1267 -0.0925866 100
0.87707 0.14 -0.093125 100
0.89656 0.1561 -0.0951945 100
0.91973 0.1735 -0.0976546 43
0.948369 0.1928 -0.100695 29
0.936735 -0.1685 -0.0994601 27
0.902726 -0.1493 -0.0958491 44
0.877169 -0.1325 -0.0931356 100
0.870109 -0.1189 -0.0923859 100
0.859767 -0.1052 -0.0912879 100
0.853304 -0.0922 -0.0906016 100
0.84853 -0.0796 -0.0900948 100
0.842564 -0.0671 -0.0894613 100
0.837492 -0.0549 -0.0889228 100
0.833216 -0.0428 -0.0884688 100
0.831725 -0.031 -0.0883104 100
0.830134 -0.0193 -0.0881415 100
0.823855 0.0069 -0.0827445 100
0.827338 0.0302 -0.0830943 100
0.829726 0.0419 -0.0833341 100
0.831119 0.0537 -0.083474 100
0.832213 0.0655 -0.0835839 100
0.836193 0.0776 -0.0839837 100
0.841964 0.0901 -0.0845633 100
0.847536 0.1027 -0.0851229 100
0.855894 0.116 -0.0859623 100
0.868033 0.13 -0.0871815 100
0.874898 0.1436 -0.0878711 100
0.901266 0.161 -0.0905193 100
0.923355 0.1783 -0.0927378 45
0.970517 0.2016 -0.0974746 31
0.906141 -0.1618 -0.091009 44
0.884749 -0.1452 -0.0888604 100
0.866043 -0.1297 -0.0869817 100
0.859874 -0.1165 -0.0863621 100
0.851516 -0.1032 -0.0855226 100
0.847934 -0.0907 -0.0851629 100
0.845148 -0.0785 -0.0848831 100
0.838183 -0.066 -0.0841835 100
0.833109 -0.0538 -0.0836739 100
0.831716 -0.042 -0.083534 100
0.832213 -0.0304 -0.0835839 100
0.818447 0.0112 -0.0752562 100
0.82024 0.0227 -0.075421 100
0.821833 0.0343 -0.0755675 100
0.823227 0.0459 -0.0756957 100
0.826513 0.0577 -0.0759978 100
0.8296 0.0696 -0.0762817 100
0.832488 0.0816 -0.0765472 100
0.837268 0.0939 -0.0769867 100
0.843741 0.1066 -0.0775819 100
0.85111 0.1197 -0.0782595 100
0.857184 0.1328 -0.078818 100
0.875905 0.1483 -0.0805394 100
0.896319 0.1647 -0.0824165 100
0.911455 0.1807 -0.0838082 51
0.956664 0.2037 -0.0879652 33
0.96483 -0.1982 -0.088716 24
0.919621 -0.1755 -0.0845591 41
0.892535 -0.1574 -0.0820685 52
0.868038 -0.1406 -0.0798161 100
0.860072 -0.127 -0.0790835 100
0.851906 -0.1136 -0.0783327 100
0.845434 -0.1007 -0.0777376 100
0.83687 -0.0878 -0.0769501 100
0.831094 -0.0754 -0.076419 100
0.827111 -0.0634 -0.0760528 100
0.823924 -0.0516 -0.0757598 100
0.82253 -0.0399 -0.0756316 100
0.823028 -0.0284 -0.0756774 100
0.823327 -0.0169 -0.0757048 100
0.81772 0.0109 -0.072192 100
0.819513 0.0224 -0.0723503 100
0.821106 0.0339 -0.072491 100
0.822501 0.0456 -0.0726141 100
0.823796 0.0572 -0.0727284 100
0.825888 0.069 -0.0729131 100
0.829872 0.081 -0.0732649 100
0.836546 0.0935 -0.0738541 100
0.844117 0.1063 -0.0745224 100
0.853381 0.1197 -0.0753403 100
0.865434 0.1337 -0.0764044 100
0.871311 0.1472 -0.0769233 100
0.893724 0.1639 -0.078902 100
0.923608 0.1827 -0.0815403 47
0.947216 0.2012 -0.0836245 34
0.965046 -0.1987 -0.0851987 25
0.927592 -0.1775 -0.081892 41
0.884858 -0.1565 -0.0781193 51
0.867327 -0.1409 -0.0765715 100
0.862246 -0.1277 -0.076123 100
0.852086 -0.114 -0.075226 100
0.845711 -0.1011 -0.0746632 100
0.839136 -0.0885 -0.0740827 100
0.833259 -0.0761 -0.0735639 100
0.828278 -0.0639 -0.0731242 100
0.824194 -0.052 -0.0727636 100
0.821804 -0.0403 -0.0725525 100
0.820309 -0.0287 -0.0724206 100
0.820608 -0.0172 -0.072447 100
0.809396 0.0068 -0.0649739 100
0.810194 0.0181 -0.0650379 100
0.810892 0.0295 -0.0650939 100
0.813383 0.041 -0.065294 100
0.81767 0.0527 -0.0656381 100
0.820859 0.0644 -0.0658941 100
0.822853 0.0762 -0.0660541 100
0.826641 0.0882 -0.0663582 100
0.835213 0.101 -0.0670464 100
0.84558 0.1143 -0.0678785 100
0.853853 0.1276 -0.0685427 100
0.862725 0.1413 -0.0692548 100
0.867609 0.1545 -0.0696469 100
0.88595 0.1706 -0.0711192 100
0.912764 0.1891 -0.0732717 100
0.949944 0.2107 -0.0762563 33
0.912465 -0.1804 -0.0732477 39
0.889339 -0.1629 -0.0713913 100
0.869005 -0.1467 -0.0697589 100
0.865017 -0.1336 -0.0694389 100
0.852956 -0.1195 -0.0684707 100
0.842689 -0.1061 -0.0676465 100
0.834117 -0.0932 -0.0669583 100
0.829432 -0.0809 -0.0665822 100
0.827438 -0.0691 -0.0664222 100
0.824348 -0.0572 -0.0661742 100
0.821059 -0.0454 -0.0659101 100
0.81767 -0.0338 -0.0656381 100
0.814081 -0.0222 -0.06535 100
0.808609 0.0058 -0.0622299 100
0.809407 0.0171 -0.0622912 100
0.811102 0.0286 -0.0624217 100
0.814591 0.0401 -0.0626903 100
0.818978 0.0518 -0.0630279 100
0.824063 0.0637 -0.0634192 100
0.828151 0.0757 -0.0637338 100
0.832937 0.088 -0.0641021 100
0.839518 0.1006 -0.0646086 100
0.847893 0.1136 -0.0652531 100
0.856168 0.127 -0.06589 100
0.868033 0.1412 -0.0668031 100
0.873816 0.1547 -0.0672482 100
0.899042 0.1722 -0.0691895 100
0.927856 0.1912 -0.071407 48
0.908414 -0.1864 -0.0699108 39
0.885482 -0.1688 -0.0681459 52
0.865142 -0.1524 -0.0665806 100
0.859359 -0.139 -0.0661355 100
0.848391 -0.125 -0.0652915 100
0.839119 -0.1117 -0.0645779 100
0.832738 -0.099 -0.0640868 100
0.828051 -0.0867 -0.0637261 100
0.823166 -0.0746 -0.0633502 100
0.820175 -0.0627 -0.06312 100
0.817981 -0.051 -0.0629511 100
0.814691 -0.0394 -0.0626979 100
0.811102 -0.0278 -0.0624217 100
0.809407 -0.0164 -0.0622912 100
0.804114 0.0101 -0.0536187 100
0.803915 0.0214 -0.0536054 100
0.804513 0.0327 -0.0536453 100
0.80601 0.0441 -0.0537451 100
0.809303 0.0556 -0.0539647 100
0.813394 0.0674 -0.0542374 100
0.818383 0.0793 -0.0545701 100
0.823072 0.0915 -0.0548828 100
0.82866 0.1038 -0.0552554 100
0.836043 0.1167 -0.0557477 100
0.844225 0.1299 -0.0562933 100
0.854103 0.1437 -0.056952 100
0.85989 0.1571 -0.0573379 100
0.881143 0.1738 -0.058755 100
0.901099 0.1908 -0.0600857 100
0.935323 0.2118 -0.0623677 45
0.897906 -0.1862 -0.0598728 49
0.873959 -0.1685 -0.058276 100
0.854602 -0.1524 -0.0569852 100
0.849813 -0.1393 -0.0566659 100
0.838837 -0.1255 -0.055934 100
0.830556 -0.1124 -0.0553818 100
0.826165 -0.1 -0.0550891 100
0.821476 -0.0878 -0.0547764 100
0.817684 -0.0758 -0.0545235 100
0.8107 -0.0637 -0.0540578 100
0.805511 -0.052 -0.0537118 100
0.805212 -0.0406 -0.0536919 100
0.805711 -0.0294 -0.0537251 100
0.805012 -0.018 -0.0536786 100
0.801293 0.0062 -0.0523333 100
0.803089 0.0174 -0.0524506 100
0.803787 0.0286 -0.0524962 100
0.804286 0.0399 -0.0525288 100
0.806681 0.0513 -0.0526852 100
0.812868 0.063 -0.0530893 100
0.818855 0.075 -0.0534803 100
0.822647 0.0869 -0.053728 100
0.827337 0.0991 -0.0540343 100
0.833824 0.1117 -0.0544579 100
0.843004 0.1249 -0.0550575 100
0.853981 0.1387 -0.0557744 100
0.85887 0.1518 -0.0560937 100
0.878229 0.1679 -0.057358 100
0.90128 0.1854 -0.0588635 100
0.926825 0.2041 -0.0605319 50
0.920239 -0.197 -0.0601018 30
0.897488 -0.179 -0.0586159 46
0.875335 -0.162 -0.057169 100
0.854879 -0.1459 -0.055833 100
0.842006 -0.1316 -0.0549923 100
0.838813 -0.1192 -0.0547837 100
0.831429 -0.1063 -0.0543015 100
0.82594 -0.094 -0.053943 100
0.821151 -0.0818 -0.0536302 100
0.817259 -0.07 -0.053376 100
0.81217 -0.0581 -0.0530436 100
0.806981 -0.0465 -0.0527048 100
0.805484 -0.0351 -0.052607 100
0.803887 -0.0238 -0.0525027 100
0.803189 -0.0126 -0.0524571 100
0.795699 0.0033 -0.0455248 100
0.796597 0.0145 -0.0455762 100
0.797296 0.0257 -0.0456162 100
0.797795 0.0369 -0.0456448 100
0.798294 0.0481 -0.0456733 100
0.800491 0.0595 -0.045799 100
0.805583 0.0712 -0.0460903 100
0.812371 0.0833 -0.0464787 100
0.820059 0.0957 -0.0469186 100
0.826648 0.1082 -0.0472955 100
0.830941 0.1206 -0.0475412 100
0.836133 0.1333 -0.0478382 100
0.844918 0.1469 -0.0483408 100
0.84971 0.16 -0.048615 100
0.867981 0.176 -0.0496603 100
0.894637 0.1945 -0.0511854 100
0.913306 0.212 -0.0522536 100
0.961627 0.2374 -0.0550182 36
0.873472 -0.1788 -0.0499745 100
0.866084 -0.1646 -0.0495518 100
0.850609 -0.1494 -0.0486664 100
0.83783 -0.1351 -0.0479353 100
0.830741 -0.1221 -0.0475297 100
0.82545 -0.1095 -0.047227 100
0.818961 -0.097 -0.0468557 100
0.812272 -0.0847 -0.046473 100
0.808378 -0.0729 -0.0462502 100
0.806381 -0.0613 -0.046136 100
0.802188 -0.0497 -0.0458961 100
0.798794 -0.0383 -0.0457019 100
0.797196 -0.0271 -0.0456105 100
0.797496 -0.0159 -0.0456276 100
0.798869 0.0032 -0.0425196 100
0.797771 0.0143 -0.0424612 100
0.797471 0.0255 -0.0424452 100
0.79807 0.0366 -0.0424771 100
0.799468 0.0479 -0.0425515 100
0.801665 0.0593 -0.0426685 100
0.804761 0.0708 -0.0428332 100
0.809654 0.0826 -0.0430937 100
0.817343 0.0949 -0.0435029 100
0.822935 0.1072 -0.0438005 100
0.827229 0.1196 -0.0440291 100
0.834419 0.1325 -0.0444118 100
0.844305 0.1462 -0.0449379 100
0.855889 0.1605 -0.0455545 100
0.862379 0.1742 -0.0458999 100
0.887244 0.1922 -0.0472234 100
0.913607 0.2113 -0.0486265 50
0.960041 0.2362 -0.051098 37
0.881053 -0.1827 -0.0468938 100
0.858984 -0.1656 -0.0457192 100
0.852394 -0.152 -0.0453685 100
0.84061 -0.1379 -0.0447413 100
0.830624 -0.1244 -0.0442098 100
0.825332 -0.1118 -0.0439281 100
0.81984 -0.0994 -0.0436358 100
0.813249 -0.0871 -0.043285 100
0.807357 -0.0751 -0.0429714 100
0.803363 -0.0635 -0.0427588 100
0.800167 -0.052 -0.0425887 100
0.797871 -0.0407 -0.0424665 100
0.796373 -0.0295 -0.0423868 100
0.795674 -0.0183 -0.0423496 100
0.789217 0.0102 -0.0328387 100
0.793014 0.0213 -0.0329967 100
0.794612 0.0325 -0.0330632 100
0.79711 0.0437 -0.0331672 100
0.799408 0.055 -0.0332628 100
0.801606 0.0664 -0.0333542 100
0.805503 0.0781 -0.0335164 100
0.811298 0.0901 -0.0337575 100
0.817892 0.1024 -0.0340319 100
0.824287 0.1149 -0.034298 100
0.829582 0.1275 -0.0345183 100
0.837575 0.1407 -0.0348509 100
0.850264 0.155 -0.0353789 100
0.864652 0.1702 -0.0359775 100
0.868349 0.1962 -0.0361313 100
0.892727 0.2149 -0.0371457 100
0.928397 0.2372 -0.0386299 45
0.868848 -0.1941 -0.0361521 21
0.850964 -0.1777 -0.035408 100
0.846467 -0.1644 -0.0352209 100
0.834878 -0.1501 -0.0347386 100
0.827084 -0.1368 -0.0344144 100
0.81999 -0.1239 -0.0341192 100
0.813696 -0.1114 -0.0338573 100
0.806302 -0.0989 -0.0335496 100
0.800607 -0.0869 -0.0333127 100
0.798709 -0.0755 -0.0332337 100
0.79771 -0.0642 -0.0331921 100
0.796511 -0.0529 -0.0331422 100
0.795212 -0.0417 -0.0330882 100
0.792714 -0.0304 -0.0329842 100
0.791115 -0.0193 -0.0329177 100
0.787539 0.0052 -0.0269443 100
0.78534 0.0162 -0.026869 100
0.78704 0.0272 -0.0269272 100
0.791637 0.0385 -0.0270845 100
0.792936 0.0496 -0.0271289 100
0.793236 0.0608 -0.0271392 100
0.795235 0.0721 -0.0272076 100
0.800132 0.0839 -0.0273751 100
0.804829 0.0957 -0.0275358 100
0.810426 0.1079 -0.0277273 100
0.818721 0.1207 -0.0280111 100
0.825817 0.1335 -0.0282539 100
0.833712 0.1468 -0.028524 100
0.844306 0.1608 -0.0288864 100
0.855699 0.1754 -0.0292762 100
0.863895 0.1897 -0.0295566 100
0.88938 0.2084 -0.0304286 100
0.918463 0.2287 -0.0314236 100
0.958639 0.253 -0.0327981 23
0.868092 -0.1795 -0.0297002 44
0.849003 -0.1632 -0.0290472 100
0.844306 -0.1501 -0.0288864 100
0.833412 -0.1362 -0.0285137 100
0.826416 -0.1233 -0.0282744 100
0.82112 -0.1108 -0.0280932 100
0.814623 -0.0983 -0.0278709 100
0.807927 -0.0861 -0.0276418 100
0.80313 -0.0743 -0.0274777 100
0.800032 -0.0627 -0.0273717 100
0.796934 -0.0513 -0.0272657 100
0.795534 -0.04 -0.0272178 100
0.794035 -0.0289 -0.0271665 100
0.791337 -0.0177 -0.0270742 100
0.785632 0.0093 -0.0205354 100
0.785432 0.0203 -0.0205302 100
0.788131 0.0314 -0.0206008 100
0.792629 0.0426 -0.0207184 100
0.795928 0.054 -0.0208046 100
0.799027 0.0654 -0.0208856 100
0.802026 0.0769 -0.020964 100
0.805825 0.0886 -0.0210633 100
0.810523 0.1006 -0.0211861 100
0.817921 0.1132 -0.0213794 100
0.824219 0.1258 -0.0215441 100
0.832216 0.1389 -0.0217531 100
0.842012 0.1526 -0.0220092 100
0.852509 0.1669 -0.0222835 100
0.857907 0.1804 -0.0224246 100
0.8788 0.1976 -0.0229707 100
0.903092 0.2164 -0.0236057 100
0.955274 0.243 -0.0249697 32
0.866904 -0.191 -0.0226598 18
0.84991 -0.1748 -0.0222156 100
0.845411 -0.1616 -0.022098 100
0.835715 -0.1477 -0.0218445 100
0.826918 -0.1343 -0.0216146 100
0.81882 -0.1213 -0.021403 100
0.811523 -0.1087 -0.0212122 100
0.804025 -0.0963 -0.0210162 100
0.798327 -0.0843 -0.0208673 100
0.796428 -0.0729 -0.0208176 100
0.794329 -0.0615 -0.0207628 100
0.793129 -0.0503 -0.0207314 100
0.79173 -0.0391 -0.0206948 100
0.788231 -0.0279 -0.0206034 100
0.786531 -0.0169 -0.020559 100
0.785732 0.0093 -0.0162505 100
0.785532 0.0203 -0.0162463 100
0.786232 0.0312 -0.0162608 100
0.787732 0.0422 -0.0162918 100
0.790031 0.0534 -0.0163394 100
0.79323 0.0647 -0.0164056 100
0.79623 0.0761 -0.0164676 100
0.799029 0.0876 -0.0165255 100
0.803728 0.0994 -0.0166227 100
0.810127 0.1117 -0.016755 100
0.816425 0.1241 -0.0168853 100
0.822524 0.1368 -0.0170114 100
0.830422 0.15 -0.0171748 100
0.84102 0.164 -0.0173939 100
0.845519 0.1771 -0.017487 100
0.867315 0.1943 -0.0179378 100
0.88691 0.2117 -0.018343 100
0.913905 0.2316 -0.0189013 48
0.974392 0.2614 -0.0201523 26
0.846019 -0.1692 -0.0174973 100
0.84142 -0.1562 -0.0174022 100
0.830722 -0.1423 -0.017181 100
0.822724 -0.1292 -0.0170155 100
0.815526 -0.1164 -0.0168667 100
0.808127 -0.1039 -0.0167137 100
0.802628 -0.0919 -0.0165999 100
0.797829 -0.0801 -0.0165007 100
0.79383 -0.0686 -0.016418 100
0.792731 -0.0574 -0.0163952 100
0.79343 -0.0464 -0.0164097 100
0.791031 -0.0352 -0.0163601 100
0.788431 -0.0241 -0.0163063 100
0.787732 -0.0132 -0.0162918 100
0.784922 0.0038 -0.0110595 100
0.784822 0.0148 -0.0110581 100
0.783522 0.0257 -0.0110398 100
0.785022 0.0368 -0.0110609 100
0.788422 0.048 -0.0111088 100
0.791721 0.0593 -0.0111553 100
0.793821 0.0706 -0.0111849 100
0.795721 0.082 -0.0112117 100
0.798421 0.0935 -0.0112497 100
0.80602 0.1058 -0.0113568 100
0.813319 0.1184 -0.0114596 100
0.820519 0.1311 -0.011561 100
0.829418 0.1445 -0.0116864 100
0.841116 0.1586 -0.0118513 100
0.851515 0.173 -0.0119978 100
0.863714 0.188 -0.0121697 100
0.869714 0.2021 -0.0122542 100
0.894011 0.2209 -0.0125966 100
0.925708 0.2425 -0.0130432 47
0.853715 -0.1771 -0.0120288 39
0.836517 -0.1614 -0.0117865 100
0.832717 -0.1487 -0.0117329 100
0.824918 -0.1354 -0.011623 100
0.815819 -0.1222 -0.0114948 100
0.80852 -0.1096 -0.011392 100
0.80302 -0.0975 -0.0113145 100
0.798321 -0.0856 -0.0112483 100
0.794521 -0.074 -0.0111947 100
0.792421 -0.0627 -0.0111652 100
0.789222 -0.0513 -0.0111201 100
0.786922 -0.0401 -0.0110877 100
0.785422 -0.0291 -0.0110665 100
0.785722 -0.0181 -0.0110708 100
0.782961 0.0046 -0.00782881 100
0.783761 0.0156 -0.0078368 100
0.784561 0.0266 -0.0078448 100
0.784061 0.0375 -0.0078398 100
0.783461 0.0485 -0.00783381 100
0.786661 0.0597 -0.0078658 100
0.79076 0.0711 -0.00790679 100
0.79366 0.0826 -0.00793579 100
0.79646 0.0941 -0.00796379 100
0.80096 0.106 -0.00800878 100
0.80636 0.1182 -0.00806277 100
0.813459 0.1309 -0.00813376 100
0.819459 0.1436 -0.00819375 100
0.826259 0.1567 -0.00826174 100
0.835758 0.1706 -0.00835673 100
0.846958 0.1853 -0.00846871 100
0.853057 0.1991 -0.0085297 100
0.874456 0.2171 -0.00874367 100
0.909955 0.2394 -0.00909861 49
0.949952 0.2642 -0.00949855 40
0.850057 -0.1754 -0.0084997 29
0.835758 -0.1603 -0.00835673 100
0.831958 -0.1476 -0.00831873 100
0.823059 -0.1342 -0.00822974 100
0.816959 -0.1215 -0.00816875 100
0.80866 -0.1088 -0.00808577 100
0.80016 -0.0963 -0.00800078 100
0.79546 -0.0845 -0.00795379 100
0.79456 -0.0732 -0.00794479 100
0.79356 -0.0619 -0.00793479 100
0.790361 -0.0506 -0.0079028 100
0.785961 -0.0393 -0.0078588 100
0.783461 -0.0282 -0.00783381 100
0.782761 -0.0172 -0.00782681 100
0.781 0.0022 -0.000621166 100
0.7809 0.0131 -0.000621086 100
0.7826 0.0241 -0.000622438 100
0.7842 0.0351 -0.000623711 100
0.7856 0.0462 -0.000624824 100
0.7889 0.0574 -0.000627449 100
0.794 0.069 -0.000631505 100
0.7969 0.0805 -0.000633812 100
0.7977 0.0918 -0.000634448 100
0.8003 0.1035 -0.000636516 100
0.8057 0.1156 -0.000640811 100
0.812 0.1281 -0.000645821 100
0.819 0.141 -0.000651389 100
0.8267 0.1542 -0.000657513 100
0.8304 0.167 -0.000660456 100
0.8446 0.1821 -0.00067175 100
0.8614 0.1984 -0.000685112 100
0.8673 0.2126 -0.000689804 100
0.8933 0.2322 -0.000710483 51
0.9469 0.2603 -0.000753114 44
0.8425 -0.1725 -0.000670079 45
0.8321 -0.1582 -0.000661808 100
0.8293 -0.1457 -0.000659581 100
0.8194 -0.1322 -0.000651707 100
0.8113 -0.1193 -0.000645265 100
0.8059 -0.107 -0.00064097 100
0.8004 -0.0949 -0.000636595 100
0.7967 -0.0832 -0.000633653 100
0.7958 -0.0719 -0.000632937 100
0.7947 -0.0606 -0.000632062 100
0.7895 -0.0492 -0.000627926 100
0.7861 -0.0379 -0.000625222 100
0.7845 -0.0269 -0.000623949 100
0.7828 -0.0159 -0.000622597 100
0.781 0.0016 0.000532428 100
0.7819 0.0126 0.000533041 100
0.7836 0.0235 0.0005342 100
0.7862 0.0346 0.000535973 100
0.7897 0.0458 0.000538359 100
0.7929 0.0571 0.00054054 100
0.7941 0.0683 0.000541358 100
0.796 0.0797 0.000542654 100
0.7978 0.0912 0.000543881 100
0.8014 0.1029 0.000546335 100
0.8088 0.1154 0.00055138 100
0.816 0.128 0.000556288 100
0.822 0.1408 0.000560378 100
0.8298 0.1541 0.000565696 100
0.8335 0.1668 0.000568218 100
0.8477 0.182 0.000577899 100
0.8675 0.199 0.000591397 100
0.8811 0.2151 0.000600668 100
0.9158 0.2371 0.000624324 100
0.9587 0.2626 0.00065357 41
0.8364 -0.1771 0.000570195 100
0.8359 -0.1649 0.000569854 100
0.8253 -0.1508 0.000562628 100
0.8155 -0.1373 0.000555947 100
0.8085 -0.1246 0.000551175 100
0.8022 -0.1121 0.00054688 100
0.7977 -0.1002 0.000543812 100
0.7941 -0.0885 0.000541358 100
0.7923 -0.0771 0.000540131 100
0.7883 -0.0656 0.000537404 100
0.7851 -0.0543 0.000535223 100
0.7838 -0.0433 0.000534336 100
0.7823 -0.0322 0.000533314 100
0.7817 -0.0213 0.000532905 100
0.781954 0.0016 0.00844074 100
0.781854 0.0126 0.00843966 100
0.782554 0.0235 0.00844721 100
0.782154 0.0344 0.00844289 100
0.784654 0.0455 0.00846988 100
0.787954 0.0568 0.0085055 100
0.790054 0.0681 0.00852817 100
0.791954 0.0794 0.00854867 100
0.793754 0.0908 0.0085681 100
0.797354 0.1025 0.00860696 100
0.804753 0.1149 0.00868683 100
0.811953 0.1275 0.00876455 100
0.819052 0.1404 0.00884119 100
0.824852 0.1533 0.00890379 100
0.827552 0.1658 0.00893293 100
0.841751 0.1809 0.0090862 100
0.86155 0.1978 0.00929992 100
0.870349 0.2127 0.00939491 100
0.895348 0.2321 0.00966475 100
0.924846 0.2535 0.00998317 46
0.838351 -0.1727 0.0090495 100
0.837751 -0.1604 0.00904303 100
0.827052 -0.1464 0.00892754 100
0.819152 -0.1332 0.00884226 100
0.812053 -0.1204 0.00876563 100
0.805753 -0.108 0.00869763 100
0.799253 -0.0958 0.00862747 100
0.795554 -0.0841 0.00858753 100
0.793654 -0.0727 0.00856702 100
0.789554 -0.0612 0.00852277 100
0.786354 -0.0499 0.00848823 100
0.784954 -0.0388 0.00847312 100
0.785454 -0.0279 0.00847851 100
0.784754 -0.0169 0.00847096 100
0.777787 0.0105 0.0132572 100
0.777587 0.0213 0.0132538 100
0.779187 0.0322 0.0132811 100
0.781686 0.0432 0.0133237 100
0.784986 0.0544 0.0133799 100
0.789185 0.0657 0.0134515 100
0.791185 0.077 0.0134856 100
0.792985 0.0883 0.0135163 100
0.794685 0.0998 0.0135452 100
0.798084 0.1115 0.0136032 100
0.804383 0.1238 0.0137105 100
0.811482 0.1365 0.0138315 100
0.817381 0.1493 0.0139321 100
0.82598 0.1628 0.0140787 100
0.838278 0.1773 0.0142883 100
0.841678 0.1903 0.0143462 100
0.858375 0.2067 0.0146308 100
0.881572 0.2253 0.0150262 100
0.908268 0.2457 0.0154812 100
0.941263 0.2688 0.0160436 49
0.923666 -0.2383 0.0157437 40
0.841278 -0.1677 0.0143394 100
0.831779 -0.1538 0.0141775 100
0.82498 -0.1407 0.0140616 100
0.816981 -0.1276 0.0139253 100
0.809782 -0.115 0.0138026 100
0.803383 -0.1027 0.0136935 100
0.798784 -0.0908 0.0136151 100
0.795984 -0.0793 0.0135674 100
0.790985 -0.0677 0.0134822 100
0.784886 -0.0561 0.0133782 100
0.781586 -0.045 0.013322 100
0.782186 -0.0341 0.0133322 100
0.780587 -0.0231 0.0133049 100
0.778787 -0.0122 0.0132743 100
0.777604 0.0096 0.021475 100
0.779403 0.0205 0.0215247 100
0.781102 0.0315 0.0215716 100
0.783501 0.0426 0.0216379 100
0.7859 0.0537 0.0217041 100
0.786 0.0648 0.0217069 100
0.788 0.076 0.0217621 100
0.791898 0.0876 0.0218698 100
0.795497 0.0992 0.0219692 100
0.798995 0.111 0.0220658 100
0.806293 0.1235 0.0222673 100
0.81439 0.1364 0.0224909 100
0.821187 0.1494 0.0226786 100
0.828884 0.1628 0.0228912 100
0.83828 0.1768 0.0231507 100
0.851275 0.192 0.0235096 100
0.858273 0.2062 0.0237028 100
0.884363 0.2256 0.0244234 100
0.912952 0.2465 0.0252129 100
0.948838 0.2705 0.026204 45
0.919749 -0.2404 0.0254006 45
0.894859 -0.2206 0.0247132 40
0.868669 -0.2013 0.0239899 41
0.847977 -0.1841 0.0234185 50
0.841579 -0.1704 0.0232418 100
0.831083 -0.1563 0.0229519 100
0.821387 -0.1426 0.0226842 100
0.81349 -0.1296 0.0224661 100
0.805293 -0.1168 0.0222397 100
0.798895 -0.1045 0.022063 100
0.794297 -0.0926 0.021936 100
0.792598 -0.0812 0.0218891 100
0.790599 -0.0699 0.0218339 100
0.7865 -0.0584 0.0217207 100
0.784301 -0.0473 0.02166 100
0.782902 -0.0362 0.0216213 100
0.782302 -0.0253 0.0216048 100
0.780602 -0.0143 0.0215578 100
0.77648 0.0038 0.0284209 100
0.77638 0.0146 0.0284173 100
0.779078 0.0256 0.028516 100
0.780577 0.0366 0.0285709 100
0.780078 0.0475 0.0285526 100
0.782276 0.0586 0.0286331 100
0.785374 0.0698 0.0287465 100
0.789271 0.0813 0.0288891 100
0.79107 0.0927 0.028955 100
0.793669 0.1042 0.0290501 100
0.801064 0.1166 0.0293207 100
0.810157 0.1295 0.0296536 100
0.815154 0.142 0.0298365 100
0.82095 0.1549 0.0300486 100
0.828545 0.1683 0.0303266 100
0.840737 0.1831 0.0307729 100
0.845933 0.1966 0.0309631 100
0.86542 0.2139 0.0316764 100
0.893302 0.2341 0.0326969 100
0.914987 0.2535 0.0334906 100
0.977545 0.2856 0.0357804 36
0.924581 -0.2485 0.0338418 36
0.896 -0.2275 0.0327956 100
0.870917 -0.2082 0.0318775 100
0.848332 -0.1903 0.0310509 100
0.842136 -0.1766 0.0308241 100
0.830744 -0.1621 0.0304071 100
0.824148 -0.1489 0.0301657 100
0.818252 -0.1361 0.0299499 100
0.811157 -0.1233 0.0296902 100
0.803862 -0.1107 0.0294232 100
0.797366 -0.0985 0.0291854 100
0.793768 -0.0868 0.0290537 100
0.79087 -0.0753 0.0289477 100
0.785874 -0.0638 0.0287648 100
0.781677 -0.0525 0.0286111 100
0.779378 -0.0414 0.028527 100
0.778878 -0.0305 0.0285087 100
0.77728 -0.0195 0.0284502 100
0.775292 0.006 0.0331418 100
0.776091 0.0168 0.0331759 100
0.778789 0.0278 0.0332913 100
0.779288 0.0387 0.0333126 100
0.779688 0.0496 0.0333297 100
0.780887 0.0607 0.0333809 100
0.783984 0.072 0.0335133 100
0.78788 0.0834 0.0336799 100
0.793575 0.0953 0.0339233 100
0.798071 0.1071 0.0341155 100
0.804465 0.1194 0.0343889 100
0.812558 0.1323 0.0347348 100
0.817553 0.1448 0.0349483 100
0.825246 0.1581 0.0352772 100
0.828843 0.1709 0.035431 100
0.84293 0.1861 0.0360331 100
0.861713 0.2029 0.0368361 100
0.882994 0.221 0.0377458 100
0.901077 0.2389 0.0385188 100
0.940941 0.2636 0.0402228 46
0.921658 -0.2582 0.0393986 38
0.899179 -0.2384 0.0384376 47
0.871404 -0.2181 0.0372503 100
0.851922 -0.2006 0.0364175 100
0.845927 -0.1867 0.0361613 100
0.835637 -0.1723 0.0357214 100
0.82135 -0.1574 0.0351106 100
0.808662 -0.1433 0.0345682 100
0.805664 -0.1312 0.0344401 100
0.797572 -0.1184 0.0340942 100
0.794175 -0.1066 0.033949 100
0.791577 -0.095 0.0338379 100
0.789879 -0.0836 0.0337653 100
0.786981 -0.0722 0.0336415 100
0.781886 -0.0608 0.0334237 100
0.77769 -0.0495 0.0332443 100
0.77729 -0.0386 0.0332272 100
0.776791 -0.0277 0.0332058 100
0.772272 0.0063 0.0335401 100
0.773071 0.0172 0.0335748 100
0.777767 0.0281 0.0337788 100
0.781264 0.0392 0.0339306 100
0.782662 0.0502 0.0339914 100
0.785859 0.0615 0.0341302 100
0.789855 0.0729 0.0343038 100
0.793752 0.0845 0.034473 100
0.797448 0.0961 0.0346336 100
0.801045 0.1079 0.0347898 100
0.804342 0.1199 0.0349329 100
0.811535 0.1325 0.0352453 100
0.819428 0.1456 0.0355881 100
0.829019 0.1593 0.0360047 100
0.83851 0.1733 0.0364169 100
0.8487 0.1878 0.0368594 100
0.862487 0.2035 0.0374582 100
0.869281 0.218 0.0377533 100
0.895156 0.2378 0.0388771 100
0.928325 0.2606 0.0403176 100
0.92273 -0.2583 0.0400746 39
0.89146 -0.2362 0.0387165 51
0.871379 -0.2179 0.0378444 100
0.850998 -0.2002 0.0369592 100
0.845903 -0.1866 0.0367379 100
0.834713 -0.1719 0.036252 100
0.823324 -0.1576 0.0357573 100
0.814632 -0.1442 0.0353799 100
0.807639 -0.1313 0.0350761 100
0.799546 -0.1186 0.0347247 100
0.794151 -0.1065 0.0344904 100
0.791554 -0.0949 0.0343776 100
0.788856 -0.0834 0.0342604 100
0.785959 -0.072 0.0341346 100
0.780964 -0.0605 0.0339176 100
0.777667 -0.0494 0.0337744 100
0.773371 -0.0383 0.0335879 100
0.772772 -0.0274 0.0335618 100
0.775069 -0.0167 0.0336616 100
0.771898 0.0023 0.04126 100
0.771798 0.0131 0.0412547 100
0.773496 0.0239 0.0413454 100
0.777091 0.0349 0.0415376 100
0.780486 0.046 0.041719 100
0.781784 0.0571 0.0417884 100
0.785878 0.0684 0.0420073 100
0.79187 0.0801 0.0423275 100
0.795564 0.0918 0.042525 100
0.797262 0.1033 0.0426158 100
0.801656 0.1152 0.0428506 100
0.809844 0.128 0.0432883 100
0.816834 0.1408 0.043662 100
0.823624 0.1539 0.0440249 100
0.831114 0.1674 0.0444252 100
0.842397 0.1819 0.0450284 100
0.857276 0.1977 0.0458237 100
0.863168 0.2118 0.0461386 100
0.888232 0.2312 0.0474784 100
0.909901 0.2504 0.0486366 100
0.961028 0.279 0.0513695 38
0.957633 -0.2726 0.051188 23
0.911199 -0.2457 0.048706 49
0.886435 -0.2258 0.0473823 100
0.869159 -0.2085 0.0464589 100
0.84759 -0.1908 0.0453059 100
0.83361 -0.1754 0.0445587 100
0.829116 -0.1624 0.0443185 100
0.820429 -0.1489 0.0438541 100
0.811641 -0.1356 0.0433844 100
0.802554 -0.1225 0.0428987 100
0.797262 -0.1104 0.0426158 100
0.792768 -0.0985 0.0423756 100
0.790072 -0.0869 0.0422315 100
0.787276 -0.0755 0.042082 100
0.78428 -0.0641 0.0419219 100
0.783082 -0.053 0.0418578 100
0.781784 -0.042 0.0417884 100
0.779287 -0.0309 0.041655 100
0.776591 -0.02 0.0415109 100
0.771175 0.0015 0.0356874 100
0.772074 0.0123 0.035729 100
0.77587 0.0232 0.0359047 100
0.779366 0.0342 0.0360665 100
0.781863 0.0453 0.0361821 100
0.783162 0.0564 0.0362422 100
0.786259 0.0677 0.0363855 100
0.790154 0.0792 0.0365658 100
0.791952 0.0906 0.036649 100
0.793651 0.102 0.0367275 100
0.796048 0.1137 0.0368385 100
0.80334 0.1262 0.0371759 100
0.810333 0.139 0.0374995 100
0.816127 0.1518 0.0377677 100
0.82272 0.1649 0.0380728 100
0.833108 0.1792 0.0385535 100
0.844097 0.1939 0.039062 100
0.849091 0.2076 0.0392932 100
0.86937 0.2255 0.0402316 100
0.895042 0.2456 0.0414196 100
0.919316 0.2661 0.0425429 100
0.929006 -0.2574 0.0429913 30
0.898738 -0.2355 0.0415906 50
0.876762 -0.2167 0.0405736 100
0.854386 -0.1985 0.0395382 100
0.848292 -0.1846 0.0392562 100
0.837004 -0.1699 0.0387338 100
0.825616 -0.1556 0.0382068 100
0.817825 -0.1423 0.0378462 100
0.81283 -0.1298 0.0376151 100
0.806637 -0.1172 0.0373285 100
0.800343 -0.1049 0.0370373 100
0.795748 -0.093 0.0368246 100
0.790954 -0.0812 0.0366027 100
0.787058 -0.0697 0.0364224 100
0.783961 -0.0584 0.0362791 100
0.780764 -0.0472 0.0361312 100
0.777368 -0.0361 0.035974 100
0.772773 -0.025 0.0357614 100
0.771075 -0.0142 0.0356828 100
0.769418 0.0065 0.0493736 100
0.771214 0.0173 0.0494888 100
0.77291 0.0281 0.0495977 100
0.775405 0.039 0.0497578 100
0.779796 0.0502 0.0500396 100
0.781992 0.0613 0.0501805 100
0.785085 0.0726 0.050379 100
0.788877 0.0841 0.0506223 100
0.791672 0.0956 0.0508016 100
0.794167 0.1072 0.0509617 100
0.799555 0.1193 0.0513075 100
0.806641 0.1319 0.0517622 100
0.813527 0.1448 0.0522041 100
0.820313 0.1578 0.0526395 100
0.827797 0.1713 0.0531198 100
0.837078 0.1854 0.0537154 100
0.843066 0.1992 0.0540996 100
0.863524 0.2168 0.0554124 100
0.887375 0.236 0.0569429 100
0.910926 0.2559 0.0584542 100
0.949347 0.2811 0.0609197 40
0.947052 -0.2711 0.0607724 26
0.917014 -0.2487 0.0588448 43
0.890469 -0.2282 0.0571414 100
0.87031 -0.2101 0.0558479 100
0.846858 -0.1919 0.0543429 100
0.841569 -0.1784 0.0540035 100
0.830292 -0.1639 0.0532799 100
0.82171 -0.1504 0.0527292 100
0.814824 -0.1374 0.0522873 100
0.804845 -0.1241 0.0516469 100
0.798558 -0.1118 0.0512435 100
0.794167 -0.0999 0.0509617 100
0.790474 -0.0882 0.0507248 100
0.786682 -0.0767 0.0504814 100
0.78269 -0.0652 0.0502253 100
0.779497 -0.054 0.0500204 100
0.777201 -0.043 0.0498731 100
0.774707 -0.032 0.049713 100
0.772112 -0.0211 0.0495465 100
0.771146 0.009 0.0520364 100
0.770947 0.0198 0.052023 100
0.772643 0.0307 0.0521374 100
0.775137 0.0417 0.0523058 100
0.779427 0.0528 0.0525953 100
0.78262 0.0641 0.0528107 100
0.786611 0.0755 0.05308 100
0.789405 0.0869 0.0532685 100
0.792099 0.0985 0.0534503 100
0.795591 0.1102 0.0536859 100
0.800879 0.1224 0.0540428 100
0.80896 0.1352 0.0545881 100
0.81784 0.1485 0.0551873 100
0.826421 0.162 0.0557663 100
0.835799 0.176 0.0563992 100
0.847872 0.191 0.0572138 100
0.85286 0.2047 0.0575505 100
0.872216 0.2223 0.0588566 100
0.892171 0.2407 0.0602031 100
0.916516 0.2611 0.0618459 100
0.972089 0.2917 0.065596 29
0.967799 -0.2816 0.0653065 29
0.91482 -0.2523 0.0617314 42
0.887382 -0.2315 0.05988 100
0.86623 -0.2131 0.0584526 100
0.843881 -0.1951 0.0569445 100
0.837695 -0.1814 0.0565271 100
0.827418 -0.167 0.0558336 100
0.818938 -0.1534 0.0552614 100
0.814049 -0.1408 0.0549315 100
0.808062 -0.1281 0.0545275 100
0.798983 -0.1152 0.0539149 100
0.792498 -0.103 0.0534772 100
0.789904 -0.0915 0.0533022 100
0.788208 -0.0801 0.0531877 100
0.785214 -0.0687 0.0529858 100
0.783119 -0.0575 0.0528444 100
0.781822 -0.0464 0.0527568 100
0.77843 -0.0353 0.0525279 100
0.774838 -0.0243 0.0522856 100
0.772144 -0.0134 0.0521038 100
0.767683 0.0011 0.0596944 100
0.76858 0.0119 0.0597642 100
0.769378 0.0227 0.0598262 100
0.772967 0.0336 0.0601053 100
0.77835 0.0448 0.060524 100
0.782637 0.0561 0.0608573 100
0.784731 0.0673 0.0610201 100
0.787722 0.0787 0.0612527 100
0.790514 0.0902 0.0614698 100
0.793106 0.1017 0.0616713 100
0.795598 0.1134 0.0618651 100
0.80178 0.1258 0.0623458 100
0.810753 0.1389 0.0630435 100
0.818529 0.152 0.0636482 100
0.825209 0.1653 0.0641676 100
0.835478 0.1795 0.0649661 100
0.847442 0.1946 0.0658965 100
0.852427 0.2083 0.0662841 100
0.872566 0.2263 0.0678501 100
0.8944 0.2453 0.0695479 100
0.932984 0.2701 0.0725481 52
0.94415 -0.2636 0.0734164 31
0.899485 -0.2376 0.0699433 49
0.878548 -0.219 0.0683152 100
0.853324 -0.2 0.0663539 100
0.847342 -0.1861 0.0658887 100
0.835179 -0.1712 0.0649429 100
0.825707 -0.1573 0.0642064 100
0.819028 -0.1441 0.063687 100
0.812049 -0.1312 0.0631443 100
0.803973 -0.1183 0.0625163 100
0.797592 -0.106 0.0620202 100
0.793106 -0.0941 0.0616713 100
0.790314 -0.0826 0.0614543 100
0.786426 -0.071 0.0611519 100
0.782338 -0.0596 0.0608341 100
0.780145 -0.0485 0.0606635 100
0.778749 -0.0374 0.060555 100
0.774263 -0.0263 0.0602061 100
0.772468 -0.0154 0.0600666 100
0.771429 0.0227 0.0711097 100
0.775014 0.0337 0.0714401 100
0.7784 0.0448 0.0717522 100
0.781686 0.056 0.0720551 100
0.784773 0.0673 0.0723397 100
0.788756 0.0788 0.0727068 100
0.791544 0.0903 0.0729638 100
0.794133 0.102 0.0732025 100
0.79951 0.1141 0.0736982 100
0.805784 0.1265 0.0742764 100
0.811759 0.1392 0.0748272 100
0.81853 0.1522 0.0754514 100
0.827094 0.1658 0.0762407 100
0.83735 0.1801 0.0771862 100
0.842528 0.1936 0.0776635 100
0.863041 0.2111 0.0795544 100
0.883156 0.2292 0.0814085 100
0.90576 0.2487 0.0834922 100
0.944297 0.2736 0.0870444 49
0.925178 -0.2607 0.0852821 36
0.88933 -0.2371 0.0819776 100
0.865431 -0.2178 0.0797747 100
0.85866 -0.2034 0.0791505 100
0.847806 -0.1883 0.07815 100
0.837649 -0.1737 0.0772137 100
0.826297 -0.1593 0.0761673 100
0.816737 -0.1456 0.0752861 100
0.808871 -0.1325 0.074561 100
0.800705 -0.1197 0.0738083 100
0.794432 -0.1074 0.07323 100
0.790947 -0.0956 0.0729088 100
0.789154 -0.0842 0.0727435 100
0.786366 -0.0727 0.0724865 100
0.781288 -0.0612 0.0720184 100
0.778101 -0.05 0.0717247 100
0.77372 -0.0388 0.0713208 100
0.770235 -0.0278 0.0709995 100
0.76655 -0.0169 0.0706599 100
0.767063 0.0189 0.0758083 100
0.770646 0.0298 0.0761623 100
0.776119 0.0409 0.0767032 100
0.779502 0.0521 0.0770376 100
0.783583 0.0634 0.0774409 100
0.786668 0.0748 0.0777458 100
0.788459 0.0862 0.0779228 100
0.791146 0.0978 0.0781883 100
0.796619 0.1098 0.0787292 100
0.802889 0.1222 0.0793489 100
0.809954 0.135 0.0800471 100
0.815826 0.1477 0.0806274 100
0.823488 0.1611 0.0813847 100
0.835729 0.1757 0.0825944 100
0.84976 0.1912 0.0839811 100
0.856627 0.2054 0.0846598 100
0.8827 0.2248 0.0872365 100
0.914047 0.2465 0.0903346 100
0.938329 0.2673 0.0927343 51
0.916236 -0.2575 0.0905509 39
0.88887 -0.2364 0.0878463 100
0.8622 -0.2164 0.0852105 100
0.84578 -0.1997 0.0835878 100
0.8416 -0.1863 0.0831747 100
0.829559 -0.1714 0.0819846 100
0.820105 -0.1575 0.0810503 100
0.812442 -0.1442 0.080293 100
0.805476 -0.1313 0.0796046 100
0.79841 -0.1187 0.0789063 100
0.793037 -0.1065 0.0783752 100
0.790549 -0.0949 0.0781293 100
0.788757 -0.0834 0.0779523 100
0.785871 -0.072 0.0776671 100
0.781891 -0.0605 0.0772737 100
0.780597 -0.0494 0.0771458 100
0.777313 -0.0383 0.0768213 100
0.772735 -0.0272 0.0763689 100
0.768058 -0.0162 0.0759066 100
0.767912 0.0151 0.0783599 100
0.769604 0.0259 0.0785324 100
0.772091 0.0368 0.0787862 100
0.777463 0.048 0.0793344 100
0.78174 0.0593 0.0797709 100
0.78572 0.0707 0.080177 100
0.788704 0.0821 0.0804815 100
0.790396 0.0935 0.0806541 100
0.793977 0.1052 0.0810196 100
0.801339 0.1176 0.0817708 100
0.808402 0.1303 0.0824916 100
0.815366 0.1431 0.0832022 100
0.825016 0.1568 0.0841869 100
0.828597 0.1695 0.0845523 100
0.842724 0.1847 0.0859938 100
0.851677 0.1992 0.0869075 100
0.872071 0.2169 0.0889886 100
0.895848 0.2362 0.0914148 100
0.926091 0.2581 0.0945008 100
0.989263 0.2907 0.100947 30
0.933154 -0.2587 0.0952216 30
0.896246 -0.235 0.0914554 45
0.86849 -0.2147 0.0886231 100
0.850981 -0.1978 0.0868364 100
0.846902 -0.1844 0.0864202 100
0.834666 -0.1695 0.0851716 100
0.82422 -0.1554 0.0841056 100
0.81656 -0.1421 0.083324 100
0.809596 -0.1293 0.0826134 100
0.795569 -0.1156 0.081182 100
0.792186 -0.1038 0.0808368 100
0.790495 -0.0924 0.0806643 100
0.788804 -0.081 0.0804917 100
0.784824 -0.0695 0.0800856 100
0.78174 -0.0582 0.0797709 100
0.777562 -0.0469 0.0793446 100
0.77219 -0.0357 0.0787964 100
0.764928 -0.0139 0.0780553 100
0.768228 0.028 0.0811272 100
0.771709 0.039 0.0814947 100
0.776085 0.0502 0.0819568 100
0.780261 0.0614 0.0823979 100
0.783245 0.0727 0.0827129 100
0.788118 0.0844 0.0832275 100
0.790803 0.0959 0.0835111 100
0.795377 0.1078 0.0839942 100
0.803631 0.1204 0.0848658 100
0.810692 0.1331 0.0856115 100
0.816559 0.1459 0.0862311 100
0.824217 0.1592 0.0870397 100
0.83267 0.173 0.0879324 100
0.834062 0.1855 0.0880794 100
0.845996 0.2006 0.0893397 100
0.867178 0.2186 0.0915765 100
0.883288 0.2359 0.0932779 100
0.910636 0.2569 0.0961659 100
0.94415 0.2807 0.099705 44
0.936095 -0.2653 0.0988544 32
0.89741 -0.2408 0.0947691 46
0.880404 -0.2231 0.0929733 100
0.860217 -0.2051 0.0908414 100
0.839731 -0.1878 0.088678 100
0.83446 -0.1744 0.0881214 100
0.825013 -0.1604 0.0871237 100
0.817355 -0.1471 0.0863151 100
0.810493 -0.1341 0.0855905 100
0.803433 -0.1214 0.0848448 100
0.799156 -0.1093 0.0843933 100
0.79667 -0.0976 0.0841307 100
0.793985 -0.086 0.0838472 100
0.791101 -0.0745 0.0835426 100
0.787123 -0.063 0.0831225 100
0.781952 -0.0515 0.0825764 100
0.77867 -0.0403 0.0822299 100
0.77519 -0.0292 0.0818623 100
0.770516 -0.0183 0.0813687 100
0.772017 0.0211 0.0851656 100
0.775595 0.0321 0.0855603 100
0.780068 0.0433 0.0860537 100
0.783348 0.0545 0.0864156 100
0.785535 0.0658 0.0866568 100
0.788517 0.0772 0.0869858 100
0.792294 0.0888 0.0874024 100
0.795872 0.1005 0.0877972 100
0.801339 0.1126 0.0884003 100
0.807501 0.1251 0.0890801 100
0.813565 0.1377 0.0897489 100
0.821318 0.1509 0.0906042 100
0.83086 0.1648 0.0916569 100
0.840203 0.1789 0.0926876 100
0.851236 0.1938 0.0939047 100
0.8571 0.2078 0.0945516 100
0.881155 0.2267 0.0972052 100
0.905706 0.2467 0.0999136 100
0.947154 0.2723 0.104486 46
0.969022 -0.2859 0.106898 30
0.917435 -0.2568 0.101207 41
0.887218 -0.235 0.0978741 100
0.861474 -0.2152 0.0950341 100
0.85561 -0.2011 0.0943872 100
0.842787 -0.1856 0.0929727 100
0.831655 -0.171 0.0917446 100
0.823206 -0.1573 0.0908126 100
0.817441 -0.1443 0.0901766 100
0.811577 -0.1315 0.0895297 100
0.803426 -0.1187 0.0886305 100
0.797164 -0.1063 0.0879397 100
0.792592 -0.0944 0.0874353 100
0.789908 -0.0829 0.0871393 100
0.787026 -0.0714 0.0868213 100
0.78295 -0.06 0.0863717 100
0.77977 -0.0488 0.0860208 100
0.777384 -0.0377 0.0857577 100
0.771818 -0.0266 0.0851436 100
0.76884 0.0184 0.0874688 100
0.775398 0.0295 0.0882148 100
0.777981 0.0405 0.0885087 100
0.779273 0.0516 0.0886557 100
0.782453 0.0629 0.0890174 100
0.785433 0.0742 0.0893565 100
0.790302 0.0859 0.0899104 100
0.795866 0.0979 0.0905434 100
0.804312 0.1104 0.0915042 100
0.811565 0.123 0.0923294 100
0.814645 0.1353 0.0926798 100
0.818619 0.1478 0.093132 100
0.827164 0.1614 0.0941041 100
0.836504 0.1754 0.0951667 100
0.840776 0.1887 0.0956527 100
0.857469 0.2051 0.0975518 100
0.88052 0.2238 0.100174 100
0.892642 0.2403 0.101553 100
0.92076 0.2618 0.104752 100
0.974216 0.2918 0.110834 35
0.951562 -0.2736 0.108256 25
0.907347 -0.2471 0.103226 47
0.8837 -0.2274 0.100536 100
0.86353 -0.2093 0.0982413 100
0.845049 -0.1923 0.0961388 100
0.841869 -0.1792 0.0957771 100
0.831536 -0.1648 0.0946015 100
0.822991 -0.1511 0.0936293 100
0.817228 -0.1382 0.0929737 100
0.80918 -0.1252 0.0920581 100
0.801033 -0.1124 0.0911312 100
0.794674 -0.1001 0.0904078 100
0.791991 -0.0885 0.0901026 100
0.789209 -0.077 0.0897861 100
0.786228 -0.0655 0.0894469 100
0.783049 -0.0542 0.0890852 100
0.77977 -0.0429 0.0887122 100
0.775398 -0.0318 0.0882148 100
0.770728 -0.0207 0.0876835 100
0.775423 0.0125 0.0923254 100
0.779097 0.0236 0.0927628 100
0.781679 0.0347 0.0930702 100
0.785154 0.0459 0.093484 100
0.788332 0.0572 0.0938624 100
0.789523 0.0685 0.0940042 100
0.79141 0.0799 0.0942289 100
0.79419 0.0915 0.0945599 100
0.800744 0.1037 0.0953402 100
0.808986 0.1163 0.0963215 100
0.815143 0.1289 0.0970546 100
0.8211 0.1417 0.0977639 100
0.828846 0.1551 0.0986861 100
0.839272 0.1693 0.0999275 100
0.843641 0.1826 0.100448 100
0.860423 0.1989 0.102446 100
0.881673 0.2169 0.104976 100
0.897759 0.2343 0.106891 100
0.931818 0.2572 0.110947 100
0.969155 0.2823 0.115392 36
0.961906 -0.2859 0.114529 30
0.91603 -0.2583 0.109067 44
0.888822 -0.2372 0.105827 51
0.866976 -0.2183 0.103226 100
0.847712 -0.2008 0.100932 100
0.843641 -0.1874 0.100448 100
0.83252 -0.1727 0.0991236 100
0.824079 -0.1589 0.0981186 100
0.819412 -0.146 0.0975629 100
0.813454 -0.1332 0.0968536 100
0.806404 -0.1204 0.0960141 100
0.800148 -0.108 0.0952693 100
0.794687 -0.0959 0.094619 100
0.791013 -0.0842 0.0941816 100
0.789126 -0.0728 0.093957 100
0.786048 -0.0614 0.0935904 100
0.781877 -0.05 0.0930939 100
0.777508 -0.0387 0.0925737 100
0.772047 -0.0276 0.0919234 100
0.777829 0.0211 0.0957504 100
0.780409 0.0321 0.096068 100
0.783883 0.0433 0.0964957 100
0.787158 0.0546 0.0968988 100
0.789342 0.0659 0.0971676 100
0.791327 0.0772 0.097412 100
0.794106 0.0888 0.0977541 100
0.800656 0.1009 0.0985605 100
0.808001 0.1134 0.0994646 100
0.813261 0.1258 0.100112 100
0.819316 0.1385 0.100857 100
0.82805 0.152 0.101933 100
0.839463 0.1663 0.103338 100
0.84393 0.1795 0.103887 100
0.860703 0.1958 0.105952 100
0.88492 0.2144 0.108933 100
0.899213 0.2313 0.110693 100
0.933256 0.254 0.114883 100
0.947448 -0.2841 0.11663 25
0.908344 -0.2586 0.111817 46
0.88492 -0.2386 0.108933 100
0.862192 -0.2195 0.106135 100
0.844823 -0.2025 0.103997 100
0.840853 -0.1891 0.103509 100
0.829737 -0.1744 0.10214 100
0.820407 -0.1604 0.100992 100
0.813758 -0.1473 0.100173 100
0.807902 -0.1346 0.0994524 100
0.800855 -0.1219 0.0985849 100
0.795495 -0.1096 0.0979251 100
0.793014 -0.098 0.0976197 100
0.791327 -0.0865 0.097412 100
0.78954 -0.0751 0.0971921 100
0.786464 -0.0637 0.0968133 100
0.782394 -0.0523 0.0963124 100
0.77902 -0.0411 0.095897 100
0.776538 -0.03 0.0955916 100
0.778743 0.0066 0.0989183 100
0.779536 0.0175 0.0990191 100
0.781223 0.0286 0.0992334 100
0.783703 0.0397 0.0995484 100
0.786084 0.0509 0.0998508 100
0.788266 0.0622 0.100128 100
0.791242 0.0736 0.100506 100
0.794119 0.0852 0.100871 100
0.799774 0.0972 0.10159 100
0.80523 0.1093 0.102283 100
0.812472 0.122 0.103203 100
0.820507 0.135 0.104223 100
0.828245 0.1483 0.105206 100
0.835884 0.1618 0.106177 100
0.846201 0.1761 0.107487 100
0.850466 0.1895 0.108029 100
0.868025 0.2063 0.110259 100
0.889156 0.2246 0.112943 100
0.915643 0.245 0.116308 100
0.945602 0.2673 0.120113 47
0.934987 -0.2685 0.118765 40
0.903143 -0.2457 0.11472 100
0.883402 -0.2271 0.112212 100
0.860387 -0.2083 0.109289 100
0.842927 -0.1916 0.107071 100
0.838661 -0.1783 0.106529 100
0.830328 -0.1643 0.105471 100
0.822789 -0.1509 0.104513 100
0.815051 -0.1376 0.10353 100
0.808007 -0.1248 0.102636 100
0.800766 -0.1122 0.101716 100
0.795409 -0.1001 0.101035 100
0.790746 -0.0882 0.100443 100
0.788961 -0.0768 0.100216 100
0.787969 -0.0655 0.10009 100
0.785786 -0.0542 0.099813 100
0.782512 -0.043 0.0993972 100
0.781124 -0.0319 0.0992207 100
0.781421 -0.0209 0.0992585 100
0.777035 0.0038 0.104269 100
0.777927 0.0148 0.104388 100
0.780603 0.0259 0.104747 100
0.784072 0.0371 0.105213 100
0.787442 0.0484 0.105665 100
0.787739 0.0596 0.105705 100
0.789722 0.0709 0.105971 100
0.794578 0.0827 0.106623 100
0.802309 0.0949 0.10766 100
0.809742 0.1074 0.108658 100
0.815986 0.12 0.109495 100
0.822032 0.1327 0.110307 100
0.82897 0.1459 0.111238 100
0.83561 0.1592 0.112129 100
0.845918 0.1736 0.113512 100
0.852162 0.1874 0.11435 100
0.871687 0.2046 0.11697 100
0.890915 0.2224 0.11955 100
0.914602 0.2421 0.122728 100
0.964654 0.2699 0.129445 42
0.919062 -0.267 0.123327 39
0.887347 -0.2443 0.119071 50
0.876246 -0.228 0.117582 100
0.856226 -0.2099 0.114895 100
0.8368 -0.1927 0.112288 100
0.832637 -0.1794 0.11173 100
0.823321 -0.1653 0.11048 100
0.816779 -0.1521 0.109602 100
0.812914 -0.1395 0.109083 100
0.807958 -0.1269 0.108418 100
0.800822 -0.1143 0.107461 100
0.79438 -0.102 0.106596 100
0.791803 -0.0903 0.10625 100
0.790019 -0.0788 0.106011 100
0.787145 -0.0673 0.105625 100
0.783973 -0.0559 0.1052 100
0.780703 -0.0447 0.104761 100
0.779315 -0.0335 0.104575 100
0.77872 -0.0225 0.104495 100
0.778919 -0.0115 0.104521 100
0.78231 0.0023 0.109958 100
0.784192 0.0134 0.110222 100
0.786865 0.0246 0.110598 100
0.78845 0.0358 0.110821 100
0.789836 0.0471 0.111015 100
0.792114 0.0584 0.111335 100
0.795184 0.07 0.111767 100
0.800036 0.0818 0.112449 100
0.80469 0.0938 0.113103 100
0.811127 0.1062 0.114008 100
0.819445 0.119 0.115177 100
0.826476 0.132 0.116165 100
0.833408 0.1452 0.11714 100
0.842915 0.1592 0.118476 100
0.84747 0.1724 0.119116 100
0.862423 0.1882 0.121218 100
0.882921 0.2058 0.124099 100
0.908767 0.2254 0.127732 100
0.937188 0.2465 0.131726 100
0.990959 0.2757 0.139284 31
0.945506 -0.287 0.132896 25
0.901736 -0.2599 0.126743 51
0.873712 -0.2386 0.122804 100
0.864502 -0.223 0.12151 100
0.846281 -0.2056 0.118949 100
0.84133 -0.1918 0.118253 100
0.831328 -0.1773 0.116847 100
0.82202 -0.1632 0.115539 100
0.815484 -0.1499 0.11462 100
0.808651 -0.1369 0.11366 100
0.80162 -0.1241 0.112672 100
0.797461 -0.1119 0.112087 100
0.793005 -0.0999 0.111461 100
0.789341 -0.0882 0.110946 100
0.787559 -0.0767 0.110695 100
0.785578 -0.0653 0.110417 100
0.783499 -0.054 0.110125 100
0.781122 -0.0428 0.109791 100
0.779736 -0.0317 0.109596 100
0.780033 -0.0206 0.109637 100
0.780928 0.005 0.11257 100
0.779741 0.0159 0.112398 100
0.781423 0.027 0.112641 100
0.784986 0.0382 0.113155 100
0.788352 0.0495 0.11364 100
0.789539 0.0608 0.113811 100
0.791519 0.0722 0.114096 100
0.795379 0.0839 0.114653 100
0.801021 0.0959 0.115466 100
0.808444 0.1084 0.116536 100
0.815768 0.1211 0.117592 100
0.822796 0.134 0.118605 100
0.832495 0.1477 0.120003 100
0.842096 0.1616 0.121387 100
0.8514 0.1759 0.122728 100
0.864366 0.1913 0.124597 100
0.871294 0.2057 0.125596 100
0.896237 0.225 0.129191 100
0.936124 0.2491 0.134941 100
0.983039 0.2765 0.141704 32
0.97423 -0.293 0.140434 32
0.914349 -0.261 0.131802 41
0.889209 -0.2403 0.128178 100
0.864663 -0.2206 0.12464 100
0.857932 -0.2061 0.12367 100
0.843383 -0.1901 0.121572 100
0.832297 -0.1753 0.119974 100
0.822994 -0.1613 0.118633 100
0.815372 -0.1479 0.117535 100
0.811512 -0.1354 0.116978 100
0.805475 -0.1227 0.116108 100
0.798249 -0.1102 0.115066 100
0.792806 -0.098 0.114282 100
0.790133 -0.0864 0.113897 100
0.789341 -0.0751 0.113782 100
0.788352 -0.0638 0.11364 100
0.788154 -0.0526 0.113611 100
0.786768 -0.0414 0.113411 100
0.783304 -0.0301 0.112912 100
0.78073 -0.019 0.112541 100
0.785881 0.0094 0.112554 100
0.787663 0.0206 0.11281 100
0.788356 0.0317 0.112909 100
0.790731 0.043 0.113249 100
0.792117 0.0542 0.113448 100
0.794196 0.0656 0.113745 100
0.799145 0.0774 0.114454 100
0.805877 0.0895 0.115418 100
0.81142 0.1017 0.116212 100
0.816766 0.1141 0.116978 100
0.823992 0.127 0.118013 100
0.832901 0.1404 0.119289 100
0.841513 0.1541 0.120522 100
0.851016 0.1682 0.121883 100
0.865073 0.1837 0.123896 100
0.881802 0.2003 0.126292 100
0.888533 0.215 0.127256 100
0.915261 0.2352 0.131084 100
0.96921 0.2636 0.138811 43
0.936543 -0.2776 0.134132 32
0.905956 -0.2547 0.129752 49
0.878733 -0.2337 0.125853 100
0.859826 -0.2158 0.123145 100
0.843493 -0.1991 0.120806 100
0.839335 -0.1857 0.12021 100
0.828249 -0.171 0.118622 100
0.820824 -0.1575 0.117559 100
0.814093 -0.1443 0.116595 100
0.808253 -0.1316 0.115759 100
0.802115 -0.119 0.11488 100
0.79776 -0.1069 0.114256 100
0.794295 -0.0951 0.11376 100
0.790632 -0.0833 0.113235 100
0.787762 -0.0718 0.112824 100
0.787663 -0.0606 0.11281 100
0.788455 -0.0495 0.112923 100
0.787069 -0.0383 0.112725 100
0.786475 -0.0272 0.11264 100
0.785782 -0.0161 0.11254 100
0.781836 0.0061 0.120055 100
0.784604 0.0172 0.12048 100
0.786284 0.0283 0.120738 100
0.787767 0.0395 0.120966 100
0.790139 0.0508 0.12133 100
0.792313 0.0622 0.121664 100
0.795279 0.0737 0.12212 100
0.80111 0.0856 0.123015 100
0.807733 0.0979 0.124032 100
0.814058 0.1103 0.125003 100
0.821274 0.1231 0.126111 100
0.82928 0.1363 0.127341 100
0.838077 0.1499 0.128692 100
0.848554 0.1641 0.1303 100
0.858735 0.1787 0.131864 100
0.864863 0.1927 0.132805 100
0.887201 0.2109 0.136235 100
0.911022 0.2301 0.139893 100
0.94789 0.2537 0.145554 48
0.916458 -0.2675 0.140727 37
0.885718 -0.2451 0.136007 100
0.87366 -0.2286 0.134156 100
0.854682 -0.2108 0.131241 100
0.850729 -0.1971 0.130634 100
0.83017 -0.1801 0.127477 100
0.819 -0.1656 0.125762 100
0.81732 -0.1533 0.125504 100
0.812576 -0.1406 0.124776 100
0.808523 -0.1282 0.124153 100
0.803384 -0.1158 0.123364 100
0.797058 -0.1034 0.122393 100
0.793499 -0.0916 0.121846 100
0.790732 -0.08 0.121421 100
0.788854 -0.0686 0.121133 100
0.786679 -0.0572 0.120799 100
0.785493 -0.046 0.120617 100
0.784999 -0.0349 0.120541 100
0.784406 -0.0238 0.12045 100
0.782726 -0.0127 0.120192 100
0.785951 0.0072 0.126086 100
0.788715 0.0184 0.126529 100
0.788913 0.0407 0.126561 100
0.790196 0.052 0.126767 100
0.794343 0.0636 0.127432 100
0.801255 0.0755 0.128541 100
0.807969 0.0877 0.129618 100
0.81261 0.0998 0.130363 100
0.816954 0.1121 0.13106 100
0.822187 0.1247 0.131899 100
0.827223 0.1374 0.132707 100
0.836899 0.1512 0.134259 100
0.847365 0.1655 0.135938 100
0.858523 0.1803 0.137728 100
0.863657 0.1941 0.138552 100
0.884984 0.2121 0.141973 100
0.904929 0.2304 0.145173 100
0.940771 0.2537 0.150923 100
0.940179 -0.2673 0.150828 35
0.908484 -0.2445 0.145743 51
0.883997 -0.2246 0.141815 100
0.864842 -0.2068 0.138742 100
0.847365 -0.19 0.135938 100
0.84312 -0.1766 0.135257 100
0.833838 -0.1624 0.133768 100
0.82821 -0.1492 0.132865 100
0.819521 -0.1357 0.131471 100
0.812511 -0.1228 0.130347 100
0.799478 -0.1093 0.128256 100
0.794936 -0.0972 0.127527 100
0.791381 -0.0855 0.126957 100
0.789505 -0.074 0.126656 100
0.788419 -0.0627 0.126482 100
0.787234 -0.0514 0.126292 100
0.786938 -0.0402 0.126244 100
0.787432 -0.0291 0.126323 100
0.788715 -0.018 0.126529 100
0.787328 0.0017 0.130072 100
0.788216 0.0128 0.130219 100
0.789893 0.024 0.130496 100
0.791472 0.0353 0.130756 100
0.792952 0.0466 0.131001 100
0.796109 0.0581 0.131522 100
0.800154 0.0698 0.132191 100
0.806962 0.0819 0.133315 100
0.813572 0.0942 0.134408 100
0.820084 0.1067 0.135483 100
0.8263 0.1194 0.13651 100
0.833403 0.1325 0.137684 100
0.842184 0.1461 0.139134 100
0.845934 0.1591 0.139754 100
0.861029 0.1746 0.142248 100
0.881649 0.1918 0.145654 100
0.897139 0.2219 0.148213 100
0.918845 0.2411 0.151799 100
0.964921 0.2678 0.159411 43
0.960382 -0.2804 0.158662 25
0.915589 -0.2534 0.151261 42
0.887471 -0.2322 0.146616 100
0.863792 -0.213 0.142704 100
0.856984 -0.1985 0.141579 100
0.844158 -0.183 0.13946 100
0.836955 -0.1691 0.138271 100
0.829556 -0.1554 0.137048 100
0.819887 -0.1417 0.135451 100
0.81298 -0.1287 0.13431 100
0.808836 -0.1163 0.133625 100
0.797589 -0.1032 0.131767 100
0.792064 -0.0911 0.130854 100
0.7894 -0.0795 0.130414 100
0.787427 -0.0681 0.130088 100
0.786341 -0.0568 0.129909 100
0.786045 -0.0456 0.12986 100
0.784664 -0.0344 0.129632 100
0.784072 -0.0233 0.129534 100
0.784269 -0.0122 0.129567 100
0.785088 0.0078 0.131352 100
0.786863 0.0189 0.131649 100
0.788441 0.0301 0.131913 100
0.789921 0.0414 0.13216 100
0.79426 0.0529 0.132886 100
0.798304 0.0645 0.133563 100
0.803235 0.0763 0.134388 100
0.808956 0.0884 0.135345 100
0.812605 0.1005 0.135956 100
0.817044 0.1128 0.136698 100
0.823159 0.1255 0.137721 100
0.829175 0.1384 0.138728 100
0.835882 0.1517 0.13985 100
0.843378 0.1654 0.141104 100
0.849788 0.1791 0.142177 100
0.868429 0.1959 0.145295 100
0.889635 0.214 0.148843 100
0.907585 0.2319 0.151847 100
0.938653 0.254 0.157045 50
0.938259 -0.2703 0.156979 33
0.903837 -0.2466 0.15122 51
0.875629 -0.2257 0.1465 100
0.852747 -0.207 0.142672 100
0.84683 -0.1929 0.141682 100
0.837854 -0.1785 0.14018 100
0.830457 -0.1647 0.138942 100
0.822961 -0.1512 0.137688 100
0.818128 -0.1384 0.13688 100
0.814183 -0.1259 0.13622 100
0.809942 -0.1135 0.13551 100
0.805504 -0.1013 0.134768 100
0.798008 -0.0889 0.133513 100
0.793274 -0.0771 0.132721 100
0.790315 -0.0655 0.132226 100
0.787258 -0.0541 0.131715 100
0.785877 -0.0428 0.131484 100
0.785482 -0.0317 0.131418 100
0.783806 -0.0205 0.131137 100
0.786074 0.0024 0.131517 100
0.786962 0.0135 0.131665 100
0.786666 0.0247 0.131616 100
0.788244 0.0359 0.13188 100
0.790611 0.0472 0.132276 100
0.792879 0.0586 0.132655 100
0.799783 0.0705 0.13381 100
0.805603 0.0826 0.134784 100
0.810337 0.0946 0.135576 100
0.815761 0.107 0.136484 100
0.822961 0.1198 0.137688 100
0.832035 0.1332 0.139206 100
0.840715 0.1468 0.140659 100
0.850282 0.1609 0.142259 100
0.85472 0.1743 0.143002 100
0.870599 0.1904 0.145659 100
0.890029 0.2079 0.148909 100
0.910051 0.2262 0.152259 100
0.948812 0.2501 0.158744 49
0.962423 -0.2902 0.161021 28
0.914095 -0.2616 0.152936 43
0.886183 -0.2401 0.148266 52
0.864484 -0.2212 0.144635 100
0.858862 -0.2068 0.143695 100
0.846238 -0.1912 0.141583 100
0.834304 -0.1761 0.139586 100
0.82592 -0.1622 0.138183 100
0.817438 -0.1486 0.136764 100
0.811619 -0.1357 0.135791 100
0.807575 -0.1233 0.135114 100
0.80432 -0.1111 0.13457 100
0.799882 -0.099 0.133827 100
0.796233 -0.0871 0.133216 100
0.792485 -0.0754 0.132589 100
0.791499 -0.064 0.132424 100
0.790315 -0.0527 0.132226 100
0.787948 -0.0413 0.13183 100
0.786469 -0.0301 0.131583 100
0.785877 -0.0189 0.131484 100
0.786932 0.0091 0.131844 100
0.787721 0.0202 0.131976 100
0.787425 0.0313 0.131927 100
0.78989 0.0425 0.13234 100
0.792159 0.0538 0.13272 100
0.795315 0.0653 0.133249 100
0.800147 0.0771 0.134058 100
0.806953 0.0892 0.135198 100
0.812476 0.1014 0.136124 100
0.817801 0.1138 0.137016 100
0.825987 0.1268 0.138388 100
0.828059 0.1391 0.138735 100
0.836738 0.1527 0.140189 100
0.856758 0.1689 0.143543 100
0.869876 0.1842 0.145741 100
0.885557 0.2006 0.148368 100
0.910509 0.2197 0.152549 100
0.940886 0.2411 0.157638 100
0.937631 -0.2763 0.157093 27
0.905184 -0.2529 0.151656 47
0.875103 -0.2313 0.146616 100
0.856167 -0.2135 0.143444 100
0.851334 -0.1996 0.142634 100
0.841472 -0.1848 0.140982 100
0.834272 -0.171 0.139776 100
0.827763 -0.1575 0.138685 100
0.819182 -0.144 0.137247 100
0.813265 -0.1312 0.136256 100
0.808136 -0.1187 0.135397 100
0.801923 -0.1063 0.134356 100
0.7964 -0.0941 0.13343 100
0.790778 -0.0822 0.132489 100
0.788904 -0.0708 0.132175 100
0.787819 -0.0595 0.131993 100
0.785551 -0.0482 0.131613 100
0.78417 -0.0371 0.131381 100
0.783677 -0.026 0.131299 100
0.783973 -0.0149 0.131348 100
0.78691 0.006 0.132576 100
0.788685 0.0171 0.132875 100
0.789375 0.0283 0.132991 100
0.790855 0.0396 0.13324 100
0.791249 0.0508 0.133307 100
0.793418 0.0622 0.133672 100
0.798349 0.0739 0.134503 100
0.803181 0.0858 0.135317 100
0.809788 0.0981 0.13643 100
0.815211 0.1105 0.137344 100
0.818465 0.1227 0.137892 100
0.824481 0.1355 0.138906 100
0.833158 0.1491 0.140368 100
0.842724 0.1631 0.141979 100
0.855839 0.1782 0.144189 100
0.860967 0.192 0.145053 100
0.885126 0.2105 0.149123 100
0.905144 0.2288 0.152496 100
0.941926 0.2523 0.158692 52
0.930684 -0.2639 0.156798 36
0.904651 -0.2428 0.152412 52
0.882069 -0.2235 0.148608 100
0.859192 -0.2048 0.144754 100
0.844499 -0.1888 0.142278 100
0.840258 -0.1754 0.141564 100
0.831975 -0.1615 0.140168 100
0.823396 -0.1478 0.138723 100
0.815606 -0.1345 0.13741 100
0.810577 -0.122 0.136563 100
0.80535 -0.1096 0.135683 100
0.799927 -0.0974 0.134769 100
0.796278 -0.0855 0.134154 100
0.792432 -0.0738 0.133506 100
0.79046 -0.0624 0.133174 100
0.788291 -0.051 0.132809 100
0.785924 -0.0397 0.13241 100
0.784445 -0.0286 0.132161 100
0.783755 -0.0175 0.132044 100
