1.36437 0.0116 -0.232271 100
1.3759 0.0312 -0.234235 100
1.38714 0.0511 -0.236148 100
1.39907 0.0714 -0.238179 100
1.38517 -0.1052 -0.235813 100
1.38152 -0.0852 -0.235192 100
1.37078 -0.0651 -0.233362 100
1.36368 -0.0454 -0.232154 100
1.3622 -0.0261 -0.231902 100
1.36709 0.0075 -0.222 100
1.37371 0.0269 -0.223074 100
1.3821 0.0466 -0.224436 100
1.39809 0.0669 -0.227033 100
1.39236 -0.0986 -0.226103 100
1.37973 -0.0782 -0.224051 100
1.37084 -0.0583 -0.222609 100
1.36561 -0.0388 -0.221759 100
1.36502 -0.0195 -0.221663 100
1.34388 0.0123 -0.201495 100
1.34556 0.0313 -0.201747 100
1.34902 0.0505 -0.202266 100
1.35703 0.0699 -0.203467 100
1.36781 0.0898 -0.205083 100
1.38808 0.1109 -0.208123 100
1.40025 0.1317 -0.209947 100
1.3692 -0.1123 -0.205291 100
1.36267 -0.0924 -0.204312 100
1.35199 -0.0725 -0.202711 100
1.34694 -0.0532 -0.201955 100
1.34457 -0.0342 -0.201599 100
1.34412 0.0114 -0.186519 100
1.34977 0.0304 -0.187303 100
1.3571 0.0498 -0.18832 100
1.36819 0.0695 -0.189859 100
1.38186 0.0897 -0.191756 100
1.39434 0.1103 -0.193488 100
1.43109 0.1335 -0.198587 100
1.38929 -0.1445 -0.192787 100
1.37829 -0.1237 -0.191261 100
1.36403 -0.1031 -0.189282 100
1.35254 -0.083 -0.187688 100
1.3466 -0.0636 -0.186863 100
1.34442 -0.0446 -0.186561 100
1.34293 -0.0256 -0.186354 100
1.32311 0.0028 -0.177753 100
1.32589 0.0215 -0.178126 100
1.33243 0.0404 -0.179004 100
1.33966 0.0595 -0.179976 100
1.34759 0.0789 -0.181042 100
1.35919 0.0988 -0.182599 100
1.37554 0.1195 -0.184796 100
1.38952 0.1405 -0.186674 100
1.36692 -0.1465 -0.183638 100
1.35701 -0.1261 -0.182306 100
1.34878 -0.1062 -0.181201 100
1.34214 -0.0867 -0.180309 100
1.33431 -0.0673 -0.179257 100
1.32718 -0.0482 -0.178299 100
1.32381 -0.0294 -0.177846 100
1.32416 0.0095 -0.161765 100
1.33577 0.0284 -0.163184 100
1.34222 0.0475 -0.163972 100
1.35036 0.0668 -0.164966 100
1.36317 0.0867 -0.16653 100
1.37766 0.1071 -0.168301 100
1.38987 0.1277 -0.169792 100
1.42649 0.1513 -0.174267 100
1.37716 -0.1635 -0.16824 100
1.36644 -0.1428 -0.166931 100
1.35741 -0.1226 -0.165827 100
1.34709 -0.1025 -0.164566 100
1.33855 -0.083 -0.163523 100
1.33061 -0.0637 -0.162553 100
1.32634 -0.0448 -0.162032 100
1.32584 -0.0261 -0.161971 100
1.31295 0.0065 -0.154383 100
1.31574 0.025 -0.15471 100
1.31921 0.0436 -0.155119 100
1.32537 0.0625 -0.155843 100
1.3353 0.0817 -0.157011 100
1.34493 0.1013 -0.158143 100
1.35626 0.1214 -0.159475 100
1.36629 0.1417 -0.160654 100
1.39876 0.1649 -0.164473 100
1.36629 -0.1689 -0.160654 100
1.35765 -0.1485 -0.159638 100
1.34474 -0.128 -0.15812 100
1.3355 -0.1082 -0.157034 100
1.32696 -0.0887 -0.15603 100
1.31911 -0.0696 -0.155107 100
1.31593 -0.0509 -0.154733 100
1.31355 -0.0323 -0.154453 100
1.31665 0.0148 -0.138382 100
1.32033 0.0333 -0.138769 100
1.3257 0.0521 -0.139333 100
1.33276 0.071 -0.140075 100
1.34062 0.0903 -0.140901 100
1.35205 0.1101 -0.142103 100
1.37025 0.1309 -0.144016 100
1.38408 0.1519 -0.145469 100
1.42535 0.1766 -0.149806 100
1.37781 -0.1793 -0.14481 100
1.36737 -0.1585 -0.143713 100
1.34967 -0.1373 -0.141852 100
1.33753 -0.1172 -0.140577 100
1.3261 -0.0975 -0.139375 100
1.31943 -0.0784 -0.138674 100
1.31744 -0.0598 -0.138465 100
1.31416 -0.0412 -0.13812 100
1.31356 -0.0228 -0.138058 100
1.29855 0.0182 -0.118038 100
1.30313 0.0365 -0.118454 100
1.3094 0.0551 -0.119024 100
1.31548 0.0738 -0.119577 100
1.32334 0.0929 -0.120292 100
1.33679 0.1127 -0.121514 100
1.34993 0.1328 -0.122709 100
1.36776 0.154 -0.124329 100
1.38031 0.175 -0.12547 100
1.42114 0.2004 -0.129181 100
1.38688 -0.2006 -0.126067 100
1.35501 -0.1766 -0.12317 100
1.34346 -0.156 -0.12212 100
1.33261 -0.1358 -0.121134 100
1.32145 -0.116 -0.12012 100
1.31309 -0.0968 -0.119359 100
1.30731 -0.0779 -0.118834 100
1.30133 -0.0593 -0.118291 100
1.29805 -0.0409 -0.117992 100
1.29845 -0.0227 -0.118029 100
1.29875 0.008 -0.105106 100
1.30145 0.0262 -0.105323 100
1.30593 0.0446 -0.105686 100
1.31221 0.0632 -0.106195 100
1.31819 0.082 -0.106679 100
1.32786 0.1013 -0.107461 100
1.34112 0.1213 -0.108534 100
1.35517 0.1417 -0.109671 100
1.36693 0.1623 -0.110623 100
1.40212 0.1864 -0.11347 100
1.37102 -0.1859 -0.110954 100
1.3467 -0.1635 -0.108986 100
1.33992 -0.1437 -0.108437 100
1.32696 -0.1235 -0.107388 100
1.31859 -0.1041 -0.106711 100
1.3139 -0.0852 -0.106332 100
1.30802 -0.0665 -0.105856 100
1.30085 -0.0479 -0.105275 100
1.29845 -0.0296 -0.105081 100
1.28945 0.0045 -0.0957919 100
1.29224 0.0226 -0.0959993 100
1.29483 0.0408 -0.096192 100
1.30012 0.0592 -0.0965846 100
1.3081 0.078 -0.0971773 100
1.31677 0.097 -0.0978218 100
1.32525 0.1163 -0.0984515 100
1.33741 0.1363 -0.0993554 100
1.35517 0.1573 -0.100674 100
1.36773 0.1782 -0.101608 100
1.40652 0.2033 -0.104489 100
1.37012 -0.2044 -0.101785 100
1.3432 -0.1812 -0.0997851 100
1.33662 -0.1613 -0.0992961 100
1.32186 -0.1408 -0.0981997 100
1.31079 -0.1211 -0.0973773 100
1.30341 -0.102 -0.0968291 100
1.29673 -0.0832 -0.0963327 100
1.29184 -0.0647 -0.0959697 100
1.28965 -0.0465 -0.0958067 100
1.29014 -0.0285 -0.0958437 100
1.28943 0.0162 -0.0798183 100
1.29502 0.0344 -0.0801643 100
1.30341 0.0529 -0.0806833 100
1.31349 0.0718 -0.0813073 100
1.32237 0.0908 -0.0818572 100
1.33025 0.1289 -0.0823453 100
1.34612 0.1494 -0.0833277 100
1.36379 0.1707 -0.0844212 100
1.37307 0.1915 -0.0849958 100
1.40581 0.2161 -0.0870223 100
1.39892 -0.2151 -0.086596 100
1.36519 -0.1904 -0.0845077 100
1.34003 -0.1678 -0.0829508 100
1.33125 -0.1478 -0.0824071 100
1.32127 -0.128 -0.0817892 100
1.31398 -0.1087 -0.0813382 100
1.3074 -0.0898 -0.0809304 100
1.29961 -0.071 -0.0804485 100
1.29442 -0.0526 -0.0801273 100
1.29303 -0.0344 -0.0800408 100
1.28539 0.0025 -0.0643414 100
1.28819 0.0204 -0.0644814 100
1.28879 0.0384 -0.0645114 100
1.29318 0.0566 -0.0647313 100
1.30117 0.0752 -0.0651313 100
1.31096 0.0941 -0.0656212 100
1.32055 0.1133 -0.0661011 100
1.33273 0.1331 -0.0667111 100
1.34961 0.1538 -0.067556 100
1.3612 0.1744 -0.0681359 100
1.39815 0.199 -0.0699856 100
1.38666 -0.2343 -0.0694107 100
1.34831 -0.2085 -0.067491 100
1.33723 -0.1877 -0.066936 100
1.32284 -0.1669 -0.0662161 100
1.31415 -0.1473 -0.0657812 100
1.30616 -0.1279 -0.0653813 100
1.29678 -0.1088 -0.0649113 100
1.29128 -0.0902 -0.0646363 100
1.28839 -0.072 -0.0644914 100
1.28729 -0.0539 -0.0644364 100
1.28589 -0.0359 -0.0643664 100
1.28779 0.0117 -0.0534802 100
1.28959 0.0298 -0.0535549 100
1.29099 0.0479 -0.053613 100
1.29319 0.0661 -0.0537042 100
1.30108 0.0848 -0.054032 100
1.31377 0.104 -0.054559 100
1.32316 0.1234 -0.054949 100
1.33315 0.1432 -0.055364 100
1.34894 0.164 -0.0560196 100
1.36033 0.1848 -0.0564926 100
1.3972 0.2097 -0.0580237 100
1.36692 -0.2091 -0.0567664 100
1.34304 -0.1862 -0.0557747 100
1.33755 -0.1664 -0.0555465 100
1.32386 -0.146 -0.0549781 100
1.31287 -0.1262 -0.0545217 100
1.30248 -0.1068 -0.0540901 100
1.29388 -0.0879 -0.0537333 100
1.28899 -0.0695 -0.05353 100
1.28689 -0.0513 -0.0534428 100
1.28649 -0.0333 -0.0534262 100
1.27754 0.0018 -0.0341743 100
1.27934 0.0196 -0.0342225 100
1.28394 0.0376 -0.0343455 100
1.28834 0.0558 -0.0344631 100
1.29144 0.074 -0.034546 100
1.29624 0.0924 -0.0346744 100
1.30483 0.1113 -0.0349044 100
1.31503 0.1307 -0.0351771 100
1.33002 0.151 -0.0355782 100
1.34762 0.1721 -0.0360489 100
1.35791 0.1927 -0.0363243 100
1.3946 0.2178 -0.0373057 100
1.43579 0.2448 -0.0384074 100
1.3937 -0.2416 -0.0372816 100
1.36141 -0.2165 -0.0364179 100
1.33562 -0.1933 -0.035728 100
1.32723 -0.1732 -0.0355034 100
1.31463 -0.153 -0.0351664 100
1.30573 -0.1335 -0.0349284 100
1.29754 -0.1144 -0.0347092 100
1.29104 -0.0957 -0.0345353 100
1.28824 -0.0774 -0.0344605 100
1.28614 -0.0593 -0.0344043 100
1.28084 -0.0411 -0.0342626 100
1.27734 -0.0232 -0.034169 100
1.27573 0.0027 -0.0261458 100
1.27853 0.0206 -0.0262032 100
1.28313 0.0386 -0.0262975 100
1.28753 0.0567 -0.0263876 100
1.29253 0.0751 -0.0264901 100
1.30033 0.0938 -0.0266499 100
1.30883 0.1128 -0.0268241 100
1.31612 0.132 -0.0269737 100
1.32902 0.1521 -0.027238 100
1.34762 0.1733 -0.0276191 100
1.35891 0.1941 -0.0278507 100
1.39661 0.2195 -0.0286231 100
1.40041 -0.245 -0.028701 100
1.36131 -0.2186 -0.0278998 100
1.35032 -0.1975 -0.0276744 100
1.33122 -0.1757 -0.0272831 100
1.31762 -0.1552 -0.0270044 100
1.30873 -0.1356 -0.026822 100
1.29853 -0.1163 -0.026613 100
1.29103 -0.0974 -0.0264594 100
1.28933 -0.0792 -0.0264245 100
1.28533 -0.0609 -0.0263426 100
1.28003 -0.0427 -0.026234 100
1.27853 -0.0248 -0.0262032 100
1.27295 0.0091 -0.0117165 100
1.27665 0.027 -0.0117506 100
1.28215 0.045 -0.0118012 100
1.28835 0.0632 -0.0118583 100
1.29435 0.0817 -0.0119135 100
1.30204 0.1004 -0.0119843 100
1.31344 0.1198 -0.0120893 100
1.32664 0.1397 -0.0122108 100
1.33344 0.1593 -0.0122734 100
1.35584 0.1812 -0.0124795 100
1.39184 0.2058 -0.0128109 100
1.42734 0.2315 -0.0131376 100
1.35024 -0.2371 -0.012428 100
1.33964 -0.216 -0.0123304 100
1.32274 -0.1944 -0.0121749 100
1.31144 -0.1741 -0.0120709 100
1.29984 -0.1541 -0.0119641 100
1.28995 -0.1347 -0.011873 100
1.28475 -0.116 -0.0118251 100
1.27825 -0.0975 -0.0117653 100
1.27445 -0.0793 -0.0117303 100
1.27245 -0.0614 -0.0117119 100
1.27125 -0.0435 -0.0117009 100
1.27165 -0.0258 -0.0117046 100
1.273 0.0044 -0.00309497 100
1.2738 0.0222 -0.00309692 100
1.2754 0.04 -0.00310081 100
1.2797 0.0581 -0.00311126 100
1.2857 0.0763 -0.00312585 100
1.2925 0.0948 -0.00314238 100
1.3 0.1136 -0.00316061 100
1.3103 0.1329 -0.00318566 100
1.3232 0.1529 -0.00321702 100
1.3388 0.1737 -0.00325495 100
1.3481 0.1941 -0.00327756 100
1.3789 0.2181 -0.00335244 100
1.419 0.2448 -0.00344993 100
1.386 -0.2591 -0.0033697 100
1.3501 -0.2329 -0.00328242 100
1.3403 -0.2121 -0.00325859 100
1.3244 -0.1906 -0.00321994 100
1.311 -0.1701 -0.00318736 100
1.2984 -0.1501 -0.00315672 100
1.2894 -0.1308 -0.00313484 100
1.2851 -0.1123 -0.00312439 100
1.2806 -0.0939 -0.00311345 100
1.2758 -0.0757 -0.00310178 100
1.2737 -0.0578 -0.00309667 100
1.2724 -0.0399 -0.00309351 100
1.27099 0.0044 0.00529732 100
1.27279 0.0222 0.00530482 100
1.27539 0.0401 0.00531566 100
1.27869 0.0581 0.00532941 100
1.28569 0.0764 0.00535858 100
1.29249 0.0949 0.00538693 100
1.30099 0.1138 0.00542235 100
1.31219 0.1333 0.00546903 100
1.32619 0.1534 0.00552738 100
1.33479 0.1733 0.00556322 100
1.36389 0.1965 0.00568451 100
1.39659 0.2212 0.0058208 100
1.43479 0.2478 0.00598001 100
1.37479 -0.2483 0.00572994 100
1.34159 -0.223 0.00559157 100
1.33269 -0.2025 0.00555447 100
1.31859 -0.1815 0.00549571 100
1.30709 -0.1614 0.00544778 100
1.29729 -0.1418 0.00540693 100
1.28719 -0.1226 0.00536484 100
1.27879 -0.1038 0.00532983 100
1.27309 -0.0854 0.00530607 100
1.27019 -0.0675 0.00529398 100
1.27099 -0.0497 0.00529732 100
1.26959 -0.0319 0.00529148 100
1.26985 0 0.0194075 100
1.27175 0.0178 0.0194366 100
1.27435 0.0356 0.0194763 100
1.28075 0.0537 0.0195741 100
1.28685 0.072 0.0196673 100
1.29465 0.0906 0.0197865 100
1.30425 0.1095 0.0199332 100
1.31555 0.129 0.0201059 100
1.32755 0.1489 0.0202893 100
1.33524 0.1687 0.0204069 100
1.36244 0.1915 0.0208226 100
1.39624 0.2162 0.0213391 100
1.43243 0.2423 0.0218923 100
1.37014 -0.2505 0.0209403 100
1.33894 -0.2256 0.0204635 100
1.32125 -0.2036 0.020193 100
1.31605 -0.1841 0.0201135 100
1.30455 -0.1639 0.0199378 100
1.29285 -0.1441 0.019759 100
1.28475 -0.1251 0.0196352 100
1.27945 -0.1066 0.0195542 100
1.27475 -0.0883 0.0194824 100
1.27195 -0.0702 0.0194396 100
1.26975 -0.0523 0.019406 100
1.26835 -0.0345 0.0193846 100
1.26532 0.0009 0.0415449 100
1.26722 0.0185 0.0416073 100
1.27082 0.0363 0.0417254 100
1.27711 0.0542 0.0419322 100
1.28431 0.0725 0.0421684 100
1.2901 0.0908 0.0423588 100
1.2987 0.1096 0.042641 100
1.31099 0.129 0.0430446 100
1.32299 0.1488 0.0434384 100
1.33858 0.1695 0.0439503 100
1.34498 0.1893 0.0441604 100
1.37386 0.2129 0.0451087 100
1.41904 0.2402 0.046592 100
1.39635 -0.27 0.0458471 100
1.35377 -0.2423 0.0444491 100
1.33628 -0.22 0.0438749 100
1.31349 -0.1976 0.0431267 100
1.30819 -0.1782 0.0429527 100
1.2957 -0.1581 0.0425425 100
1.28781 -0.139 0.0422833 100
1.28271 -0.1204 0.0421159 100
1.27621 -0.1019 0.0419026 100
1.27151 -0.0838 0.0417484 100
1.26862 -0.0659 0.0416532 100
1.26742 -0.0481 0.0416138 100
1.26492 -0.0304 0.0415318 100
1.26493 0.0141 0.0496703 100
1.26762 0.0318 0.0497762 100
1.27402 0.0498 0.0500274 100
1.28121 0.068 0.0503099 100
1.28611 0.0862 0.0505021 100
1.2918 0.1047 0.0507258 100
1.3011 0.1237 0.0510907 100
1.31419 0.1435 0.0516047 100
1.32698 0.1636 0.0521069 100
1.34336 0.1847 0.0527504 100
1.35446 0.2055 0.053186 100
1.39293 0.2312 0.0546966 100
1.45448 0.2623 0.0571136 100
1.38363 -0.2605 0.0543317 100
1.34676 -0.2342 0.0528838 100
1.33607 -0.2132 0.052464 100
1.32018 -0.1918 0.0518401 100
1.30779 -0.1714 0.0513536 100
1.2972 -0.1517 0.0509377 100
1.28821 -0.1324 0.0505845 100
1.28201 -0.1138 0.0503413 100
1.27542 -0.0953 0.0500823 100
1.26972 -0.0771 0.0498586 100
1.26562 -0.0592 0.0496978 100
1.26333 -0.0414 0.0496075 100
1.26283 -0.0238 0.0495879 100
1.26335 0.0022 0.0645579 100
1.26415 0.0199 0.0645988 100
1.26575 0.0376 0.0646804 100
1.27014 0.0555 0.064905 100
1.27623 0.0736 0.0652163 100
1.28303 0.092 0.0655633 100
1.28862 0.1105 0.0658491 100
1.29791 0.1296 0.0663237 100
1.31079 0.1494 0.066982 100
1.32547 0.1699 0.0677322 100
1.34175 0.191 0.0685641 100
1.35174 0.2118 0.0690744 100
1.38709 0.2372 0.070881 100
1.44352 0.2677 0.0737645 100
1.39298 -0.2608 0.0711821 100
1.35124 -0.2335 0.0690489 100
1.33855 -0.2121 0.0684008 100
1.32068 -0.1904 0.0674873 100
1.30829 -0.17 0.0668545 100
1.29761 -0.1502 0.0663084 100
1.28972 -0.1311 0.0659052 100
1.28343 -0.1123 0.0655837 100
1.27594 -0.0937 0.065201 100
1.26914 -0.0754 0.0648539 100
1.26505 -0.0575 0.0646447 100
1.26275 -0.0397 0.0645273 100
1.26115 -0.022 0.0644457 100
1.26381 0.0062 0.0744874 100
1.26361 0.0238 0.0744757 100
1.2671 0.0416 0.0746816 100
1.27139 0.0595 0.0749346 100
1.27638 0.0776 0.0752288 100
1.28217 0.096 0.07557 100
1.28966 0.1146 0.0760113 100
1.29885 0.1338 0.0765526 100
1.31182 0.1536 0.0773175 100
1.3273 0.1743 0.0782294 100
1.34646 0.1959 0.0793591 100
1.35645 0.2168 0.0799475 100
1.39268 0.2425 0.0820833 100
1.44899 0.2732 0.0854017 100
1.36563 -0.2408 0.0804888 100
1.33428 -0.2161 0.0786413 100
1.3254 -0.1957 0.0781177 100
1.31312 -0.1752 0.077394 100
1.30254 -0.1553 0.0767703 100
1.29166 -0.1358 0.076129 100
1.28247 -0.1167 0.0755877 100
1.27698 -0.0983 0.0752641 100
1.27229 -0.08 0.0749875 100
1.2683 -0.062 0.0747522 100
1.265 -0.0442 0.074558 100
1.26251 -0.0265 0.0744109 100
1.25905 0.0004 0.0862814 100
1.26194 0.018 0.0864797 100
1.26553 0.0357 0.0867258 100
1.26892 0.0535 0.0869582 100
1.27401 0.0715 0.0873069 100
1.28189 0.0899 0.087847 100
1.28848 0.1084 0.0882983 100
1.29776 0.1274 0.0889341 100
1.30873 0.1469 0.0896862 100
1.3214 0.167 0.0905544 100
1.32888 0.1868 0.0910672 100
1.35672 0.21 0.0929747 100
1.38804 0.2347 0.0951215 100
1.42296 0.261 0.0975144 100
1.38625 -0.2568 0.0949984 100
1.35522 -0.2316 0.0928721 100
1.32779 -0.2079 0.090992 100
1.3196 -0.1878 0.0904314 100
1.30723 -0.1675 0.0895836 100
1.29656 -0.1478 0.0888521 100
1.28758 -0.1287 0.0882367 100
1.2793 -0.1099 0.0876693 100
1.27172 -0.0914 0.0871497 100
1.26793 -0.0734 0.0868899 100
1.26483 -0.0555 0.0866779 100
1.26144 -0.0378 0.0864455 100
1.25885 -0.0202 0.0862677 100
1.257 0.0132 0.0990903 100
1.26368 0.031 0.0996169 100
1.26817 0.0489 0.0999705 100
1.27524 0.067 0.100528 100
1.28322 0.0855 0.101157 100
1.2898 0.1041 0.101676 100
1.29917 0.1232 0.102415 100
1.31223 0.143 0.103444 100
1.32589 0.1633 0.104521 100
1.34323 0.1845 0.105888 100
1.3544 0.2054 0.106768 100
1.39069 0.2309 0.109629 100
1.44133 0.2601 0.113621 100
1.36955 -0.259 0.107963 100
1.33566 -0.2333 0.105291 100
1.32698 -0.2127 0.104607 100
1.31303 -0.1916 0.103507 100
1.30076 -0.1713 0.10254 100
1.29119 -0.1517 0.101786 100
1.28422 -0.1326 0.101236 100
1.27893 -0.114 0.100819 100
1.27146 -0.0954 0.10023 100
1.26478 -0.0771 0.0997033 100
1.26069 -0.0592 0.0993811 100
1.2584 -0.0414 0.0992003 100
1.2569 -0.0238 0.0990825 100
1.25907 0.0004 0.111583 100
1.26295 0.0182 0.111928 100
1.26654 0.036 0.112245 100
1.27291 0.054 0.11281 100
1.27998 0.0723 0.113437 100
1.28676 0.0908 0.114038 100
1.29532 0.1097 0.114797 100
1.30658 0.1292 0.115794 100
1.31943 0.1491 0.116933 100
1.33407 0.1698 0.118231 100
1.34144 0.1899 0.118884 100
1.36913 0.2134 0.121338 100
1.41127 0.2403 0.125072 100
1.37979 -0.2684 0.122283 100
1.34423 -0.242 0.119131 100
1.33367 -0.2208 0.118195 100
1.31793 -0.1993 0.116801 100
1.30479 -0.1786 0.115635 100
1.29423 -0.1587 0.1147 100
1.28546 -0.1394 0.113923 100
1.27939 -0.1206 0.113384 100
1.2749 -0.1021 0.112987 100
1.27022 -0.0839 0.112572 100
1.26534 -0.0657 0.11214 100
1.26016 -0.0477 0.111681 100
1.25867 -0.03 0.111548 100
1.2593 0.0168 0.118882 100
1.26786 0.0347 0.11969 100
1.27423 0.0528 0.120291 100
1.28031 0.071 0.120865 100
1.28718 0.0895 0.121513 100
1.29574 0.1084 0.122321 100
1.30699 0.1278 0.123383 100
1.32093 0.1479 0.124699 100
1.33845 0.169 0.126353 100
1.34681 0.1892 0.127143 100
1.37558 0.213 0.129859 100
1.40973 0.2386 0.133083 100
1.34104 -0.2444 0.126598 100
1.33058 -0.2233 0.125611 100
1.31286 -0.2014 0.123938 100
1.30171 -0.181 0.122885 100
1.29225 -0.1613 0.121992 100
1.28449 -0.142 0.121259 100
1.27842 -0.1232 0.120686 100
1.27304 -0.1047 0.120179 100
1.26746 -0.0864 0.119652 100
1.26358 -0.0683 0.119286 100
1.25841 -0.0503 0.118797 100
1.25502 -0.0326 0.118477 100
1.25972 0.008 0.125987 100
1.26439 0.0257 0.126455 100
1.27096 0.0437 0.127112 100
1.27812 0.0619 0.127828 100
1.2831 0.0802 0.128326 100
1.28977 0.0987 0.128993 100
1.29822 0.1177 0.129839 100
1.30937 0.1373 0.130953 100
1.32111 0.1572 0.132127 100
1.33753 0.1783 0.133769 100
1.34877 0.199 0.134894 100
1.38509 0.2243 0.138526 100
1.42798 0.2518 0.142815 100
1.38529 -0.2744 0.138546 100
1.35076 -0.248 0.135093 100
1.34041 -0.2267 0.134058 100
1.32569 -0.2051 0.132585 100
1.31265 -0.1843 0.131281 100
1.3022 -0.1643 0.130237 100
1.29056 -0.1444 0.129072 100
1.2835 -0.1255 0.128366 100
1.27723 -0.1068 0.127739 100
1.27156 -0.0884 0.127171 100
1.26778 -0.0703 0.126793 100
1.26459 -0.0523 0.126475 100
1.25922 -0.0344 0.125937 100
1.25804 0.0132 0.131559 100
1.26968 0.0312 0.132776 100
1.27415 0.0492 0.133244 100
1.28121 0.0675 0.133983 100
1.28808 0.086 0.1347 100
1.29772 0.1049 0.135709 100
1.30896 0.1243 0.136885 100
1.31901 0.144 0.137935 100
1.33174 0.1643 0.139266 100
1.34009 0.1845 0.14014 100
1.37082 0.2083 0.143354 100
1.40514 0.2338 0.146942 100
1.3746 -0.2635 0.143749 100
1.34089 -0.2376 0.140223 100
1.33134 -0.2167 0.139225 100
1.31652 -0.1954 0.137675 100
1.30429 -0.1749 0.136396 100
1.29176 -0.1548 0.135085 100
1.2839 -0.1356 0.134264 100
1.27773 -0.1169 0.133619 100
1.27127 -0.0983 0.132943 100
1.26659 -0.0801 0.132454 100
1.2646 -0.0622 0.132246 100
1.26132 -0.0443 0.131903 100
1.25784 -0.0265 0.131539 100
1.2599 0.0018 0.151695 100
1.26477 0.0196 0.152281 100
1.27132 0.0375 0.15307 100
1.27658 0.0556 0.153703 100
1.28164 0.0739 0.154313 100
1.28641 0.0923 0.154887 100
1.29495 0.1113 0.155915 100
1.30607 0.1307 0.157254 100
1.31798 0.1506 0.158688 100
1.33049 0.171 0.160194 100
1.33982 0.1914 0.161318 100
1.3704 0.2155 0.165 100
1.41031 0.2421 0.169805 100
1.37874 -0.2607 0.166004 100
1.34608 -0.235 0.162071 100
1.33546 -0.2138 0.160792 100
1.32056 -0.1925 0.158999 100
1.30736 -0.1718 0.157409 100
1.29584 -0.1518 0.156022 100
1.28601 -0.1324 0.154839 100
1.27876 -0.1135 0.153966 100
1.2743 -0.0951 0.153428 100
1.26953 -0.0768 0.152855 100
1.26546 -0.0587 0.152364 100
1.26318 -0.0408 0.15209 100
1.26069 -0.023 0.151791 100
1.26094 0.0078 0.159601 100
1.2656 0.0256 0.160191 100
1.27017 0.0436 0.160769 100
1.27532 0.0618 0.161422 100
1.27929 0.08 0.161924 100
1.28505 0.0985 0.162653 100
1.29437 0.1176 0.163833 100
1.30648 0.1373 0.165365 100
1.31917 0.1574 0.166972 100
1.33554 0.1785 0.169044 100
1.34576 0.1991 0.170337 100
1.38197 0.2244 0.174921 100
1.42374 0.2518 0.180207 100
1.38674 -0.2667 0.175524 100
1.34636 -0.2393 0.170413 100
1.33485 -0.2179 0.168956 100
1.31808 -0.1962 0.166834 100
1.30787 -0.1759 0.165541 100
1.29834 -0.1561 0.164335 100
1.28663 -0.1363 0.162853 100
1.27949 -0.1174 0.161949 100
1.27503 -0.0989 0.161384 100
1.27036 -0.0806 0.160794 100
1.2664 -0.0624 0.160292 100
1.26411 -0.0445 0.160003 100
1.26064 -0.0266 0.159563 100
1.2663 0.0098 0.164974 100
1.26798 0.0276 0.165193 100
1.27245 0.0456 0.165775 100
1.2776 0.0638 0.166446 100
1.28256 0.0821 0.167092 100
1.2902 0.1008 0.168087 100
1.3015 0.1201 0.16956 100
1.31162 0.1396 0.170878 100
1.32332 0.1597 0.172402 100
1.33175 0.1797 0.1735 100
1.3606 0.2031 0.17726 100
1.39184 0.2278 0.181329 100
1.43448 0.2555 0.186884 100
1.38777 -0.2683 0.180799 100
1.35525 -0.2423 0.176562 100
1.32808 -0.2183 0.173022 100
1.32114 -0.1982 0.172118 100
1.30705 -0.1773 0.170283 100
1.29664 -0.1574 0.168927 100
1.28782 -0.138 0.167777 100
1.28167 -0.1192 0.166976 100
1.2783 -0.1008 0.166537 100
1.27463 -0.0825 0.166059 100
1.27066 -0.0643 0.165542 100
1.2665 -0.0463 0.165 100
1.26402 -0.0284 0.164677 100
1.26317 0.0107 0.173274 100
1.2708 0.0287 0.174321 100
1.27615 0.0468 0.175055 100
1.28041 0.0651 0.175639 100
1.28526 0.0835 0.176305 100
1.29289 0.1023 0.177351 100
1.30221 0.1216 0.178629 100
1.31518 0.1415 0.180409 100
1.33173 0.1623 0.182679 100
1.34015 0.1826 0.183834 100
1.3669 0.2059 0.187503 100
1.41188 0.233 0.193673 100
1.35917 -0.253 0.186443 100
1.33123 -0.2284 0.182611 100
1.32351 -0.2079 0.181551 100
1.30865 -0.1867 0.179512 100
1.29834 -0.1666 0.178099 100
1.29061 -0.1472 0.177039 100
1.28368 -0.1281 0.176087 100
1.27744 -0.1093 0.175231 100
1.27189 -0.0907 0.17447 100
1.26614 -0.0724 0.173682 100
1.26297 -0.0544 0.173247 100
1.26268 -0.0365 0.173206 100
1.26307 -0.0187 0.173261 100
1.26895 0.0054 0.189359 100
1.2737 0.0233 0.190068 100
1.27617 0.0414 0.190437 100
1.27844 0.0595 0.190776 100
1.28349 0.0778 0.191529 100
1.29209 0.0967 0.192813 100
1.30446 0.1161 0.194658 100
1.31652 0.1359 0.196458 100
1.33027 0.1562 0.19851 100
1.33878 0.1764 0.199779 100
1.36459 0.1994 0.203631 100
1.40662 0.2258 0.209904 100
1.38091 -0.2698 0.206067 100
1.34362 -0.2429 0.200502 100
1.33314 -0.2217 0.198938 100
1.3184 -0.2002 0.196739 100
1.30732 -0.1798 0.195086 100
1.29694 -0.1597 0.193536 100
1.28626 -0.1401 0.191942 100
1.27815 -0.121 0.190732 100
1.27577 -0.1027 0.190378 100
1.27211 -0.0844 0.189832 100
1.26727 -0.0661 0.189108 100
1.26509 -0.0482 0.188784 100
1.26559 -0.0303 0.188857 100
1.26475 0.0161 0.196373 100
1.27423 0.0342 0.197846 100
1.27759 0.0523 0.198367 100
1.28075 0.0705 0.198858 100
1.28757 0.0891 0.199917 100
1.29894 0.1083 0.201681 100
1.31109 0.1279 0.203569 100
1.32394 0.1481 0.205563 100
1.33945 0.1689 0.207972 100
1.34973 0.1896 0.209568 100
1.38214 0.214 0.2146 100
1.43461 0.2429 0.222747 100
1.37453 -0.2596 0.213419 100
1.33994 -0.2336 0.208049 100
1.32058 -0.2111 0.205041 100
1.31751 -0.1916 0.204566 100
1.30635 -0.1713 0.202832 100
1.29479 -0.1512 0.201037 100
1.28303 -0.1316 0.199211 100
1.27482 -0.1126 0.197938 100
1.27226 -0.0943 0.197539 100
1.26949 -0.0761 0.197109 100
1.26554 -0.058 0.196496 100
1.26425 -0.0401 0.196296 100
1.26366 -0.0223 0.196204 100
1.26872 0.0135 0.232802 100
1.27432 0.0317 0.233831 100
1.27964 0.05 0.234805 100
1.2877 0.0686 0.236285 100
1.29744 0.0876 0.238072 100
1.30885 0.107 0.240165 100
1.32095 0.1269 0.242385 100
1.33472 0.1473 0.244912 100
1.34524 0.1678 0.246843 100
1.37986 0.1921 0.253196 100
1.41311 0.2171 0.259296 100
1.35055 -0.2625 0.247818 100
1.34052 -0.2409 0.245977 100
1.32331 -0.2185 0.242818 100
1.31062 -0.1974 0.24049 100
1.30049 -0.177 0.238631 100
1.29006 -0.157 0.236718 100
1.28042 -0.1374 0.23495 100
1.27236 -0.1183 0.23347 100
1.26891 -0.0999 0.232838 100
1.26823 -0.0818 0.232712 100
1.26823 -0.0637 0.232712 100
1.26705 -0.0456 0.232495 100
1.26557 -0.0276 0.232224 100
1.26938 0.0027 0.229734 100
1.27213 0.0207 0.230233 100
1.27568 0.0389 0.230874 100
1.27892 0.0571 0.231462 100
1.28689 0.0758 0.232904 100
1.29654 0.0948 0.23465 100
1.30589 0.1141 0.236341 100
1.31789 0.134 0.238514 100
1.33255 0.1546 0.241168 100
1.34397 0.1752 0.243234 100
1.37752 0.1994 0.249306 100
1.41058 0.2247 0.25529 100
1.37457 -0.2661 0.248772 100
1.33737 -0.2393 0.24204 100
1.32596 -0.2179 0.239974 100
1.31228 -0.1967 0.237499 100
1.30116 -0.1762 0.235487 100
1.29073 -0.1562 0.233599 100
1.28197 -0.1367 0.232014 100
1.27597 -0.1178 0.230928 100
1.27253 -0.0994 0.230304 100
1.26987 -0.0811 0.229823 100
1.26889 -0.063 0.229645 100
1.26761 -0.0449 0.229414 100
1.26712 -0.0269 0.229325 100
1.27133 0.0158 0.240592 100
1.27988 0.0341 0.24221 100
1.28706 0.0526 0.243567 100
1.29511 0.0713 0.245092 100
1.30376 0.0904 0.246729 100
1.31417 0.1099 0.2487 100
1.32823 0.1301 0.251359 100
1.33609 0.15 0.252846 100
1.36212 0.1725 0.257774 100
1.40241 0.1979 0.265397 100
1.35613 -0.2631 0.256639 100
1.32862 -0.2382 0.251433 100
1.32105 -0.2176 0.250001 100
1.30838 -0.1965 0.247602 100
1.29727 -0.176 0.245501 100
1.28784 -0.1562 0.243716 100
1.2791 -0.1367 0.242061 100
1.27212 -0.1177 0.240741 100
1.26868 -0.0993 0.24009 100
1.26799 -0.0811 0.23996 100
1.26799 -0.0631 0.23996 100
1.26868 -0.0451 0.24009 100
1.26917 -0.027 0.240183 100
1.26879 0.0036 0.249024 100
1.27154 0.0217 0.249563 100
1.27605 0.0399 0.250449 100
1.28224 0.0584 0.251662 100
1.29107 0.0772 0.253396 100
1.29872 0.0961 0.254898 100
1.30903 0.1156 0.25692 100
1.32492 0.136 0.26004 100
1.34239 0.1571 0.263468 100
1.35083 0.1776 0.265125 100
1.38223 0.2017 0.271288 100
1.3626 -0.2616 0.267436 100
1.33218 -0.2362 0.261465 100
1.32365 -0.2153 0.25979 100
1.31001 -0.194 0.257113 100
1.2999 -0.1737 0.255129 100
1.29136 -0.1539 0.253454 100
1.28361 -0.1346 0.251932 100
1.27556 -0.1154 0.250353 100
1.27017 -0.0968 0.249294 100
1.26742 -0.0785 0.248754 100
1.26644 -0.0603 0.248562 100
1.26614 -0.0423 0.248504 100
1.26663 -0.0243 0.2486 100
1.27399 0.0064 0.296331 100
1.28159 0.0248 0.298098 100
1.28694 0.0433 0.299344 100
1.29308 0.062 0.300771 100
1.30078 0.0811 0.302561 100
1.3112 0.1006 0.304985 100
1.32337 0.1205 0.307817 100
1.34003 0.1414 0.311691 100
1.35152 0.1622 0.314364 100
1.39068 0.1871 0.323472 100
1.43236 0.2136 0.333168 100
1.34275 -0.2441 0.312326 100
1.33048 -0.2223 0.309471 100
1.31315 -0.2001 0.305438 100
1.30224 -0.1795 0.302901 100
1.29396 -0.1595 0.300975 100
1.28626 -0.1399 0.299185 100
1.2813 -0.1209 0.29803 100
1.27691 -0.1021 0.297011 100
1.27233 -0.0834 0.295946 100
1.27048 -0.0651 0.295515 100
1.26932 -0.0468 0.295243 100
1.26883 -0.0286 0.29513 100
1.27942 0.0137 0.290109 100
1.28596 0.0322 0.291591 100
1.29025 0.0508 0.292564 100
1.29532 0.0695 0.293714 100
1.304 0.0887 0.295682 100
1.31531 0.1084 0.298247 100
1.32916 0.1287 0.301387 100
1.33891 0.1489 0.303598 100
1.36778 0.172 0.310144 100
1.40298 0.1968 0.318127 100
1.36037 -0.2546 0.308463 100
1.33101 -0.2295 0.301807 100
1.32243 -0.2087 0.299861 100
1.30975 -0.1875 0.296986 100
1.29766 -0.1669 0.294244 100
1.29005 -0.1472 0.29252 100
1.28518 -0.1281 0.291414 100
1.28098 -0.1092 0.290463 100
1.27552 -0.0904 0.289225 100
1.27269 -0.072 0.288583 100
1.27162 -0.0537 0.28834 100
1.27123 -0.0355 0.288252 100
1.28434 0.0064 0.300385 100
1.29291 0.025 0.302389 100
1.29729 0.0438 0.303413 100
1.3043 0.0627 0.305053 100
1.31793 0.0824 0.308241 100
1.33517 0.1027 0.312272 100
1.35007 0.1233 0.315757 100
1.36282 0.1442 0.31874 100
1.40041 0.1685 0.327531 100
1.35825 -0.2434 0.31767 100
1.33264 -0.2191 0.31168 100
1.32679 -0.1987 0.310314 100
1.31589 -0.1778 0.307763 100
1.30654 -0.1575 0.305577 100
1.29593 -0.1374 0.303095 100
1.28804 -0.1179 0.30125 100
1.28561 -0.0991 0.300681 100
1.28385 -0.0805 0.300271 100
1.28191 -0.0619 0.299815 100
1.28074 -0.0434 0.299542 100
1.2822 -0.0251 0.299884 100
1.28293 0.0122 0.305934 100
1.29139 0.0308 0.307952 100
1.29674 0.0496 0.309228 100
1.30462 0.0686 0.311107 100
1.31814 0.0883 0.314331 100
1.33526 0.1087 0.318414 100
1.35209 0.1296 0.322427 100
1.36561 0.1507 0.325651 100
1.40695 0.1757 0.33551 100
1.3624 -0.2681 0.324886 100
1.33429 -0.2427 0.318182 100
1.32592 -0.2216 0.316187 100
1.31055 -0.1998 0.312522 100
1.30151 -0.1794 0.310365 100
1.29421 -0.1595 0.308625 100
1.2875 -0.14 0.307025 100
1.28254 -0.1209 0.305842 100
1.28108 -0.1022 0.305494 100
1.2804 -0.0837 0.305331 100
1.27855 -0.0652 0.304891 100
1.27641 -0.0467 0.30438 100
1.27884 -0.0284 0.30496 100
1.29296 0 0.324271 100
1.29577 0.0186 0.324976 100
1.30023 0.0374 0.326095 100
1.30828 0.0564 0.328114 100
1.31905 0.0759 0.330814 100
1.33243 0.0959 0.334171 100
1.3464 0.1164 0.337674 100
1.35824 0.1371 0.340642 100
1.3948 0.161 0.349813 100
1.34718 -0.2485 0.337869 100
1.33612 -0.2267 0.335096 100
1.32273 -0.205 0.331739 100
1.31187 -0.184 0.329014 100
1.3046 -0.164 0.32719 100
1.29897 -0.1443 0.325779 100
1.29121 -0.1247 0.323833 100
1.28597 -0.1056 0.322519 100
1.28442 -0.0869 0.32213 100
1.28248 -0.0683 0.321643 100
1.28238 -0.0498 0.321619 100
1.28384 -0.0314 0.321984 100
1.28732 0.0088 0.330233 100
1.29768 0.0276 0.332891 100
1.30688 0.0466 0.335252 100
1.31483 0.0658 0.337289 100
1.32442 0.0854 0.339749 100
1.33962 0.1057 0.343651 100
1.35154 0.1262 0.346707 100
1.38825 0.1498 0.356124 100
1.43029 0.1752 0.366908 100
1.37004 -0.2479 0.351453 100
1.34272 -0.2231 0.344446 100
1.3341 -0.202 0.342234 100
1.32132 -0.1807 0.338954 100
1.31018 -0.16 0.336097 100
1.30059 -0.1399 0.333637 100
1.29274 -0.1203 0.331624 100
1.28557 -0.101 0.329785 100
1.28286 -0.0822 0.32909 100
1.28102 -0.0636 0.328617 100
1.28267 -0.0452 0.32904 100
1.28412 -0.0268 0.329413 100
1.28743 0.0065 0.329785 100
1.29693 0.0252 0.332217 100
1.30613 0.0442 0.334575 100
1.31407 0.0634 0.336609 100
1.32279 0.0829 0.338843 100
1.33693 0.1032 0.342466 100
1.34895 0.1236 0.345543 100
1.38576 0.1471 0.354972 100
1.41918 0.1714 0.363533 100
1.33945 -0.2376 0.343111 100
1.33112 -0.2164 0.340977 100
1.31756 -0.1948 0.337503 100
1.30564 -0.1739 0.334451 100
1.29634 -0.1537 0.332068 100
1.28966 -0.1341 0.330356 100
1.2855 -0.115 0.329289 100
1.28307 -0.0962 0.328669 100
1.2823 -0.0776 0.32847 100
1.2823 -0.0591 0.32847 100
1.28298 -0.0406 0.328644 100
1.2853 -0.0222 0.329239 100
1.28806 0.0028 0.331376 100
1.29464 0.0215 0.33307 100
1.30103 0.0404 0.334714 100
1.3081 0.0595 0.336533 100
1.31779 0.079 0.339025 100
1.33106 0.099 0.342438 100
1.33832 0.119 0.344307 100
1.36447 0.1412 0.351034 100
1.40195 0.1655 0.360676 100
1.35556 -0.2507 0.348742 100
1.32922 -0.2261 0.341965 100
1.32253 -0.2054 0.340246 100
1.30985 -0.1841 0.336982 100
1.30355 -0.1641 0.335362 100
1.29697 -0.1444 0.333668 100
1.29019 -0.1248 0.331924 100
1.28399 -0.1055 0.330329 100
1.2805 -0.0867 0.329432 100
1.28147 -0.0682 0.329682 100
1.28234 -0.0497 0.329906 100
1.28283 -0.0312 0.33003 100
1.28836 0.0158 0.329785 100
1.29776 0.0346 0.33219 100
1.30677 0.0537 0.334497 100
1.31655 0.0732 0.337001 100
1.33089 0.0933 0.340671 100
1.34494 0.1137 0.344267 100
1.35782 0.1346 0.347565 100
1.39434 0.1585 0.356914 100
1.35395 -0.2512 0.346573 100
1.3276 -0.2266 0.339828 100
1.32091 -0.2059 0.338117 100
1.30725 -0.1845 0.334621 100
1.30008 -0.1644 0.332785 100
1.29543 -0.1449 0.331595 100
1.28759 -0.1253 0.329587 100
1.28429 -0.1063 0.328743 100
1.28371 -0.0876 0.328595 100
1.28284 -0.069 0.328372 100
1.28265 -0.0504 0.328322 100
1.28323 -0.0319 0.328471 100
1.2868 0.0074 0.332244 100
1.29038 0.026 0.333169 100
1.29677 0.0448 0.334819 100
1.30568 0.0639 0.337119 100
1.31817 0.0836 0.340344 100
1.33144 0.1036 0.343769 100
1.34441 0.1241 0.347119 100
1.35603 0.1449 0.350119 100
1.38953 0.1687 0.358769 100
1.37452 -0.2531 0.354894 100
1.34151 -0.2271 0.346369 100
1.33105 -0.2057 0.343669 100
1.31643 -0.1841 0.339894 100
1.30723 -0.1637 0.337519 100
1.29871 -0.1437 0.335319 100
1.29087 -0.1241 0.333294 100
1.2867 -0.1051 0.332219 100
1.28409 -0.0863 0.331544 100
1.28225 -0.0676 0.331069 100
1.28109 -0.0491 0.330769 100
1.28254 -0.0307 0.331144 100
