0.916108 0.0138 -0.223174 43
0.915816 0.0269 -0.223103 41
0.917274 0.0401 -0.223458 43
0.921549 0.0536 -0.224499 40
0.883581 0.0089 -0.213463 100
0.884261 0.0216 -0.213627 100
0.885913 0.0343 -0.214026 100
0.886302 0.0471 -0.21412 100
0.889413 0.06 -0.214872 100
0.897286 0.0735 -0.216774 100
0.902924 0.087 -0.218136 49
0.921004 0.1021 -0.222504 45
0.910409 -0.0675 -0.219944 43
0.901466 -0.0539 -0.217784 47
0.893398 -0.0405 -0.215835 47
0.889024 -0.0276 -0.214778 100
0.883483 -0.0147 -0.213439 52
0.887436 0.0025 -0.201388 100
0.883438 0.0152 -0.200481 100
0.88412 0.0278 -0.200636 100
0.886558 0.0406 -0.201189 100
0.888801 0.0534 -0.201698 100
0.892897 0.0665 -0.202628 100
0.897773 0.0797 -0.203734 51
0.915034 0.0945 -0.207651 46
0.911816 -0.0612 -0.206921 44
0.904795 -0.0477 -0.205328 47
0.896603 -0.0345 -0.203469 51
0.892995 -0.0216 -0.20265 51
0.863024 0.0111 -0.190969 100
0.862828 0.0234 -0.190926 100
0.864391 0.0358 -0.191272 100
0.865758 0.0483 -0.191574 100
0.866929 0.0607 -0.191833 100
0.871909 0.0736 -0.192935 100
0.880501 0.087 -0.194836 100
0.888019 0.1005 -0.1965 100
0.894268 0.1142 -0.197883 100
0.912917 0.1298 -0.202009 47
0.917311 -0.0921 -0.202982 39
0.899052 -0.0773 -0.198941 46
0.893194 -0.064 -0.197645 51
0.884211 -0.0507 -0.195657 100
0.875033 -0.0376 -0.193627 100
0.869566 -0.025 -0.192417 100
0.865953 -0.0125 -0.191617 100
0.863453 0.0082 -0.179926 100
0.863257 0.0205 -0.179885 100
0.864823 0.0328 -0.180212 100
0.866194 0.0453 -0.180497 100
0.867466 0.0577 -0.180763 100
0.869522 0.0703 -0.181191 100
0.878235 0.0836 -0.183007 100
0.880878 0.0966 -0.183557 100
0.890179 0.1104 -0.185495 100
0.914751 0.1267 -0.190616 47
0.941085 0.1441 -0.196103 40
0.9171 -0.0885 -0.191105 41
0.896738 -0.0736 -0.186862 51
0.889885 -0.0603 -0.185434 100
0.879899 -0.0471 -0.183353 100
0.874515 -0.0343 -0.182231 100
0.870991 -0.0217 -0.181497 100
0.848788 0.0026 -0.171801 100
0.84869 0.0146 -0.171781 100
0.850356 0.0268 -0.172118 100
0.851826 0.039 -0.172416 100
0.850258 0.051 -0.172098 100
0.852414 0.0633 -0.172535 100
0.857315 0.076 -0.173527 100
0.862999 0.0888 -0.174677 100
0.872409 0.1024 -0.176582 100
0.875839 0.1154 -0.177276 100
0.890639 0.1303 -0.180272 100
0.914946 0.1471 -0.185192 49
0.947584 0.1662 -0.191798 40
0.917886 -0.1108 -0.185787 40
0.893971 -0.0951 -0.180946 51
0.887307 -0.0816 -0.179597 100
0.874663 -0.0679 -0.177038 100
0.866724 -0.0549 -0.175431 100
0.860549 -0.0423 -0.174182 100
0.853198 -0.0298 -0.172694 100
0.849572 -0.0175 -0.17196 100
0.848652 0.0066 -0.162129 100
0.849438 0.0187 -0.162279 100
0.851108 0.0309 -0.162598 100
0.853465 0.0431 -0.163049 100
0.856706 0.0555 -0.163668 100
0.862796 0.0682 -0.164831 100
0.868591 0.0811 -0.165939 100
0.87419 0.0942 -0.167008 100
0.884504 0.108 -0.168978 100
0.89079 0.1217 -0.170179 100
0.913283 0.138 -0.174477 50
0.945206 0.1566 -0.180575 39
0.920355 -0.123 -0.175828 40
0.896585 -0.1069 -0.171287 100
0.891084 -0.0935 -0.170236 100
0.879592 -0.0796 -0.16804 100
0.870752 -0.0664 -0.166351 100
0.866725 -0.0537 -0.165582 100
0.862403 -0.0411 -0.164756 100
0.856019 -0.0286 -0.163537 100
0.852384 -0.0164 -0.162842 100
0.839107 0.0078 -0.158796 100
0.83891 0.0196 -0.158759 100
0.837534 0.0315 -0.158498 100
0.839008 0.0435 -0.158777 100
0.842251 0.0556 -0.159391 100
0.847262 0.068 -0.160339 100
0.85414 0.0808 -0.161641 100
0.860723 0.0938 -0.162887 100
0.865243 0.1067 -0.163742 100
0.872415 0.1201 -0.165099 100
0.877525 0.1335 -0.166066 100
0.893049 0.1489 -0.169004 52
0.922821 0.1673 -0.174638 42
0.915157 -0.1338 -0.173188 40
0.888726 -0.1171 -0.168186 52
0.880472 -0.1033 -0.166624 100
0.87104 -0.0897 -0.164839 100
0.863376 -0.0766 -0.163389 100
0.854533 -0.0636 -0.161715 100
0.848441 -0.0511 -0.160562 100
0.8451 -0.0388 -0.15993 100
0.842644 -0.0268 -0.159465 100
0.841956 -0.0148 -0.159335 100
0.841648 0.0043 -0.150512 100
0.841451 0.0163 -0.150477 100
0.840171 0.0282 -0.150248 100
0.840762 0.0401 -0.150354 100
0.842042 0.0521 -0.150583 100
0.845192 0.0644 -0.151146 100
0.84716 0.0766 -0.151498 100
0.85287 0.0893 -0.152519 100
0.861335 0.1026 -0.154033 100
0.869604 0.1161 -0.155512 100
0.880629 0.1303 -0.157483 100
0.888406 0.1443 -0.158874 100
0.916461 0.1622 -0.163891 45
0.913606 -0.129 -0.163381 45
0.886929 -0.1125 -0.15861 52
0.878562 -0.0988 -0.157114 100
0.869112 -0.0853 -0.155424 100
0.861335 -0.0722 -0.154033 100
0.855429 -0.0595 -0.152977 100
0.851196 -0.0471 -0.15222 100
0.845881 -0.0348 -0.151269 100
0.842337 -0.0227 -0.150635 100
0.827214 0.0029 -0.146005 100
0.8281 0.0147 -0.146161 100
0.828789 0.0264 -0.146283 100
0.829282 0.0382 -0.14637 100
0.830661 0.05 -0.146613 100
0.831842 0.0619 -0.146821 100
0.834895 0.074 -0.14736 100
0.839622 0.0864 -0.148195 100
0.84425 0.099 -0.149012 100
0.850652 0.112 -0.150141 100
0.858727 0.1254 -0.151567 100
0.864734 0.1388 -0.152627 100
0.88502 0.1549 -0.156207 100
0.908064 0.1722 -0.160275 52
0.934555 0.191 -0.16495 42
0.920275 -0.1532 -0.16243 39
0.895065 -0.1361 -0.15798 48
0.889058 -0.1223 -0.15692 100
0.866211 -0.1067 -0.152888 100
0.852818 -0.0928 -0.150524 100
0.849174 -0.0803 -0.149881 100
0.843266 -0.0677 -0.148838 100
0.840213 -0.0555 -0.148299 100
0.836963 -0.0434 -0.147725 100
0.832532 -0.0314 -0.146943 100
0.829971 -0.0195 -0.146491 100
0.826172 0.0104 -0.133572 100
0.827949 0.0221 -0.133859 100
0.829528 0.0339 -0.134114 100
0.832984 0.0458 -0.134673 100
0.83713 0.058 -0.135343 100
0.839203 0.07 -0.135678 100
0.841078 0.0822 -0.135982 100
0.84483 0.0946 -0.136588 100
0.851246 0.1076 -0.137626 100
0.858453 0.1208 -0.138791 100
0.861612 0.1337 -0.139301 100
0.876222 0.1487 -0.141664 100
0.898434 0.1656 -0.145255 100
0.911563 0.1813 -0.147377 46
0.908108 -0.1436 -0.146819 43
0.884514 -0.1271 -0.143004 100
0.877407 -0.1134 -0.141855 100
0.869114 -0.0998 -0.140514 100
0.8625 -0.0867 -0.139445 100
0.853813 -0.0737 -0.138041 100
0.845817 -0.061 -0.136748 100
0.840684 -0.0487 -0.135918 100
0.837327 -0.0366 -0.135375 100
0.831799 -0.0246 -0.134481 100
0.828146 -0.0127 -0.133891 100
0.820675 0.0059 -0.124069 100
0.818499 0.0175 -0.12374 100
0.819192 0.029 -0.123844 100
0.822652 0.0408 -0.124367 100
0.824926 0.0526 -0.124711 100
0.827102 0.0644 -0.12504 100
0.832045 0.0766 -0.125788 100
0.838769 0.0892 -0.126804 100
0.843416 0.1017 -0.127507 100
0.849744 0.1146 -0.128463 100
0.853007 0.1273 -0.128957 100
0.864774 0.1416 -0.130735 100
0.886131 0.1579 -0.133964 100
0.894535 0.1724 -0.135235 100
0.9241 0.1917 -0.139704 41
0.899183 -0.1578 -0.135937 48
0.878814 -0.1415 -0.132858 100
0.86507 -0.1268 -0.13078 100
0.85983 -0.1137 -0.129988 100
0.852513 -0.1005 -0.128882 100
0.845888 -0.0876 -0.12788 100
0.838176 -0.0749 -0.126714 100
0.830266 -0.0624 -0.125518 100
0.826113 -0.0504 -0.124891 100
0.822751 -0.0386 -0.124382 100
0.821268 -0.0269 -0.124158 100
0.820576 -0.0153 -0.124054 100
0.820181 0.0016 -0.113524 100
0.821072 0.0132 -0.113647 100
0.821766 0.0248 -0.113743 100
0.82236 0.0364 -0.113825 100
0.824737 0.0482 -0.114154 100
0.827907 0.0601 -0.114593 100
0.832959 0.0723 -0.115292 100
0.837813 0.0846 -0.115964 100
0.841478 0.097 -0.116471 100
0.845935 0.1096 -0.117088 100
0.853166 0.1228 -0.118089 100
0.863171 0.1366 -0.119474 100
0.874859 0.1512 -0.121092 100
0.882388 0.1653 -0.122134 100
0.907251 0.1832 -0.125575 52
0.945288 0.2048 -0.13084 40
0.921218 -0.1675 -0.127508 39
0.898038 -0.1503 -0.1243 49
0.873572 -0.1336 -0.120914 100
0.866539 -0.12 -0.11994 100
0.856336 -0.1063 -0.118528 100
0.847817 -0.0932 -0.117349 100
0.843162 -0.0806 -0.116704 100
0.839199 -0.0683 -0.116156 100
0.833157 -0.056 -0.11532 100
0.827907 -0.044 -0.114593 100
0.824539 -0.0321 -0.114127 100
0.822855 -0.0205 -0.113894 100
0.815865 0.0069 -0.100245 100
0.814673 0.0183 -0.100099 100
0.815368 0.0298 -0.100184 100
0.814872 0.0412 -0.100123 100
0.817155 0.0529 -0.100403 100
0.819338 0.0646 -0.100672 100
0.822316 0.0765 -0.101038 100
0.826088 0.0885 -0.101501 100
0.831646 0.101 -0.102184 100
0.83909 0.1138 -0.103099 100
0.846236 0.1269 -0.103977 100
0.853184 0.1402 -0.10483 100
0.862911 0.1543 -0.106026 100
0.869461 0.1681 -0.10683 100
0.89229 0.1856 -0.109635 100
0.918791 0.2045 -0.112891 47
0.904697 -0.1687 -0.11116 44
0.882464 -0.1517 -0.108428 100
0.875714 -0.1379 -0.107599 100
0.862812 -0.1235 -0.106013 100
0.851596 -0.1097 -0.104635 100
0.843159 -0.0966 -0.103599 100
0.837502 -0.0841 -0.102904 100
0.832638 -0.0718 -0.102306 100
0.828668 -0.0597 -0.101818 100
0.825393 -0.0479 -0.101416 100
0.821026 -0.0361 -0.100879 100
0.817453 -0.0244 -0.10044 100
0.815765 -0.0129 -0.100233 100
0.816525 0.0086 -0.0947171 100
0.816326 0.0201 -0.094694 100
0.816922 0.0316 -0.0947631 100
0.818412 0.0432 -0.094936 100
0.82169 0.055 -0.0953162 100
0.823776 0.0785 -0.0955582 100
0.826557 0.0905 -0.0958809 100
0.831127 0.1028 -0.0964109 100
0.836491 0.1155 -0.0970331 100
0.840762 0.1281 -0.0975286 100
0.84861 0.1416 -0.0984389 100
0.852484 0.1546 -0.0988883 100
0.865894 0.1696 -0.100444 100
0.885761 0.1865 -0.102748 100
0.912183 0.2055 -0.105813 52
0.941089 0.226 -0.109167 39
0.922812 -0.1673 -0.107046 40
0.893707 -0.1491 -0.10367 52
0.872152 -0.1329 -0.10117 100
0.866986 -0.1197 -0.100571 100
0.855762 -0.1059 -0.0992685 100
0.847318 -0.0928 -0.0982891 100
0.83957 -0.08 -0.0973903 100
0.832716 -0.0675 -0.0965953 100
0.82765 -0.0554 -0.0960076 100
0.825365 -0.0436 -0.0957426 100
0.820895 -0.0318 -0.0952241 100
0.817319 -0.0201 -0.0948092 100
0.801784 0.0102 -0.0992217 100
0.801585 0.0214 -0.0991971 100
0.803173 0.0328 -0.0993936 100
0.806647 0.0443 -0.0998234 100
0.811907 0.056 -0.100474 100
0.814983 0.0677 -0.100855 100
0.817961 0.0796 -0.101224 100
0.821633 0.0916 -0.101678 100
0.825305 0.1038 -0.102132 100
0.829671 0.1162 -0.102673 100
0.835824 0.129 -0.103434 100
0.844657 0.1426 -0.104527 100
0.84952 0.1557 -0.105129 100
0.866689 0.1715 -0.107254 100
0.889515 0.189 -0.110078 100
0.908073 0.2063 -0.112375 50
0.889713 -0.1728 -0.110103 49
0.867582 -0.1559 -0.107364 100
0.861826 -0.1424 -0.106652 100
0.851008 -0.1283 -0.105313 100
0.842871 -0.115 -0.104306 100
0.83642 -0.1022 -0.103508 100
0.82987 -0.0896 -0.102697 100
0.824114 -0.0772 -0.101985 100
0.820144 -0.0653 -0.101494 100
0.816075 -0.0534 -0.10099 100
0.812701 -0.0417 -0.100573 100
0.81022 -0.0302 -0.100266 100
0.806647 -0.0187 -0.0998234 100
0.805478 0.01 -0.0845156 100
0.808263 0.0214 -0.0848078 100
0.810849 0.0329 -0.0850791 100
0.812341 0.0443 -0.0852357 100
0.813633 0.0559 -0.0853713 100
0.814727 0.0674 -0.0854861 100
0.816717 0.0791 -0.0856948 100
0.820496 0.0911 -0.0860913 100
0.825071 0.1034 -0.0865714 100
0.830441 0.1159 -0.0871349 100
0.837602 0.1289 -0.0878862 100
0.847547 0.1426 -0.0889298 100
0.852321 0.1557 -0.0894307 100
0.869527 0.1715 -0.091236 100
0.890412 0.1886 -0.0934274 100
0.900357 0.2039 -0.0944709 100
0.94004 0.2268 -0.0986346 42
0.897374 -0.1744 -0.0941579 50
0.875196 -0.1574 -0.0918308 100
0.858686 -0.142 -0.0900985 100
0.853713 -0.1289 -0.0895767 100
0.844564 -0.1154 -0.0886167 100
0.836209 -0.1024 -0.0877401 100
0.829646 -0.0898 -0.0870514 100
0.824872 -0.0776 -0.0865505 100
0.820894 -0.0656 -0.0861331 100
0.817711 -0.0538 -0.0857992 100
0.814429 -0.0422 -0.0854548 100
0.810948 -0.0306 -0.0850896 100
0.808362 -0.0191 -0.0848182 100
0.798991 0.0032 -0.0694115 100
0.799887 0.0144 -0.0694894 100
0.800585 0.0257 -0.06955 100
0.802179 0.037 -0.0696885 100
0.802577 0.0483 -0.0697231 100
0.802776 0.0596 -0.0697404 100
0.804868 0.0711 -0.0699222 100
0.808754 0.0829 -0.0702597 100
0.813436 0.095 -0.0706665 100
0.817919 0.1071 -0.0710559 100
0.822303 0.1194 -0.0714368 100
0.829376 0.1324 -0.0720512 100
0.838243 0.1459 -0.0728215 100
0.849899 0.1602 -0.0738341 100
0.852489 0.1731 -0.0740592 100
0.864544 0.1882 -0.0751064 100
0.890944 0.2071 -0.0773999 100
0.911268 0.2253 -0.0791655 52
0.896424 -0.1713 -0.0778759 100
0.8762 -0.1547 -0.076119 100
0.85757 -0.139 -0.0745006 100
0.851592 -0.1258 -0.0739813 100
0.839438 -0.112 -0.0729254 100
0.829974 -0.099 -0.0721032 100
0.822402 -0.0864 -0.0714454 100
0.819513 -0.0745 -0.0711944 100
0.817521 -0.0627 -0.0710213 100
0.813337 -0.051 -0.0706578 100
0.808056 -0.0393 -0.0701991 100
0.805466 -0.0278 -0.0699741 100
0.802776 -0.0165 -0.0697404 100
0.798512 0.0078 -0.0630868 100
0.799309 0.019 -0.0631498 100
0.79891 0.0302 -0.0631183 100
0.800406 0.0415 -0.0632365 100
0.803795 0.0529 -0.0635043 100
0.804892 0.0643 -0.0635909 100
0.806985 0.0758 -0.0637563 100
0.81177 0.0878 -0.0641343 100
0.816356 0.0998 -0.0644966 100
0.821839 0.1122 -0.0649298 100
0.830014 0.1251 -0.0655757 100
0.838088 0.1384 -0.0662136 100
0.845864 0.1518 -0.0668279 100
0.856431 0.1661 -0.0676628 100
0.860818 0.1795 -0.0680093 100
0.877765 0.1958 -0.0693483 100
0.900195 0.2141 -0.0711204 100
0.946351 0.2391 -0.074767 47
0.899597 -0.179 -0.0710731 46
0.873578 -0.1612 -0.0690175 100
0.866899 -0.1475 -0.0684898 100
0.853042 -0.1329 -0.067395 100
0.842973 -0.1192 -0.0665995 100
0.835696 -0.1063 -0.0660246 100
0.828119 -0.0936 -0.065426 100
0.823434 -0.0814 -0.0650558 100
0.820543 -0.0696 -0.0648274 100
0.816456 -0.0577 -0.0645045 100
0.811172 -0.046 -0.0640871 100
0.804792 -0.0343 -0.063583 100
0.8022 -0.023 -0.0633783 100
0.799409 -0.0117 -0.0631577 100
0.794419 0.0061 -0.0501456 100
0.794219 0.0172 -0.050133 100
0.794918 0.0284 -0.0501771 100
0.795417 0.0395 -0.0502086 100
0.795816 0.0507 -0.0502338 100
0.796016 0.0619 -0.0502464 100
0.798012 0.0734 -0.0503723 100
0.802902 0.0851 -0.050681 100
0.810587 0.0974 -0.0511661 100
0.815078 0.1096 -0.0514496 100
0.820367 0.122 -0.0517835 100
0.828451 0.1351 -0.0522938 100
0.837234 0.1486 -0.0528481 100
0.845916 0.1623 -0.0533962 100
0.851406 0.1758 -0.0537427 100
0.86927 0.1922 -0.0548703 100
0.889829 0.2099 -0.0561681 100
0.915877 0.2296 -0.0578123 100
0.871565 -0.1769 -0.0550152 100
0.866076 -0.1632 -0.0546687 100
0.852503 -0.1484 -0.053812 100
0.840727 -0.1342 -0.0530686 100
0.829649 -0.1206 -0.0523693 100
0.823361 -0.1079 -0.0519725 100
0.81877 -0.0957 -0.0516827 100
0.813082 -0.0835 -0.0513236 100
0.806295 -0.0714 -0.0508952 100
0.800207 -0.0596 -0.0505109 100
0.796016 -0.0481 -0.0502464 100
0.794519 -0.0369 -0.0501519 100
0.79402 -0.0257 -0.0501204 100
0.794319 -0.0146 -0.0501393 100
0.793696 0.0099 -0.0437374 100
0.795493 0.021 -0.0438364 100
0.795194 0.0321 -0.0438199 100
0.795593 0.0432 -0.0438419 100
0.795892 0.0544 -0.0438584 100
0.799088 0.0659 -0.0440345 100
0.802083 0.0774 -0.0441996 100
0.805877 0.0891 -0.0444087 100
0.811469 0.1012 -0.0447168 100
0.816961 0.1135 -0.0450194 100
0.826147 0.1266 -0.0455256 100
0.835133 0.1399 -0.0460208 100
0.840924 0.153 -0.04634 100
0.849511 0.1668 -0.0468131 100
0.853904 0.1801 -0.0470552 100
0.873774 0.1971 -0.0481502 100
0.897139 0.2156 -0.0494377 100
0.919205 0.2345 -0.0506537 47
0.880065 -0.1717 -0.0484968 50
0.861792 -0.1557 -0.0474899 100
0.843121 -0.1402 -0.046461 100
0.835133 -0.1269 -0.0460208 100
0.828942 -0.1141 -0.0456797 100
0.823551 -0.1017 -0.0453826 100
0.816861 -0.0893 -0.0450139 100
0.810071 -0.0772 -0.0446398 100
0.805178 -0.0654 -0.0443701 100
0.800985 -0.0538 -0.0441391 100
0.79769 -0.0424 -0.0439575 100
0.795194 -0.0311 -0.0438199 100
0.794495 -0.02 -0.0437814 100
0.792223 0.0022 -0.0351052 100
0.791124 0.0133 -0.0350565 100
0.791823 0.0244 -0.0350875 100
0.792422 0.0355 -0.0351141 100
0.792822 0.0466 -0.0351318 100
0.793122 0.0578 -0.0351451 100
0.79522 0.0691 -0.035238 100
0.798117 0.0806 -0.0353664 100
0.802912 0.0925 -0.0355789 100
0.808507 0.1046 -0.0358268 100
0.815799 0.1171 -0.03615 100
0.821993 0.1298 -0.0364244 100
0.826988 0.1425 -0.0366458 100
0.829886 0.1549 -0.0367742 100
0.839376 0.1689 -0.0371947 100
0.859357 0.1854 -0.0380801 100
0.86645 0.1997 -0.0383944 100
0.887829 0.2177 -0.0393418 100
0.912804 0.2374 -0.0404485 100
0.871645 -0.1806 -0.0386246 50
0.864252 -0.1665 -0.038297 100
0.851764 -0.1518 -0.0377437 100
0.840975 -0.1378 -0.0372656 100
0.831984 -0.1244 -0.0368671 100
0.823692 -0.1114 -0.0364997 100
0.819196 -0.0991 -0.0363005 100
0.814601 -0.087 -0.0360969 100
0.807707 -0.0749 -0.0357914 100
0.801713 -0.063 -0.0355258 100
0.798516 -0.0516 -0.0353841 100
0.797218 -0.0403 -0.0353266 100
0.79472 -0.029 -0.0352159 100
0.793022 -0.0179 -0.0351406 100
0.794321 0.006 -0.0328489 100
0.794121 0.0171 -0.0328406 100
0.794821 0.0282 -0.0328696 100
0.793322 0.0392 -0.0328076 100
0.791723 0.0502 -0.0327415 100
0.792922 0.0614 -0.0327911 100
0.79502 0.0728 -0.0328778 100
0.798917 0.0844 -0.033039 100
0.803613 0.0963 -0.0332332 100
0.810108 0.1085 -0.0335018 100
0.814404 0.1207 -0.0336794 100
0.819599 0.1332 -0.0338943 100
0.826494 0.1462 -0.0341794 100
0.836085 0.16 -0.0345761 100
0.843579 0.1736 -0.034886 100
0.852771 0.188 -0.0352661 100
0.858866 0.2019 -0.0355181 100
0.881147 0.2202 -0.0364396 100
0.908923 0.2407 -0.0375882 100
0.86596 -0.169 -0.0358115 100
0.858366 -0.1551 -0.0354975 100
0.846676 -0.1408 -0.035014 100
0.838683 -0.1275 -0.0346835 100
0.83049 -0.1144 -0.0343447 100
0.824995 -0.1019 -0.0341174 100
0.8194 -0.0896 -0.033886 100
0.811606 -0.0773 -0.0335637 100
0.805711 -0.0654 -0.0333199 100
0.800516 -0.0537 -0.0331051 100
0.79522 -0.0422 -0.0328861 100
0.792722 -0.031 -0.0327828 100
0.793022 -0.0199 -0.0327952 100
0.787553 0.0014 -0.0265428 100
0.787453 0.0124 -0.0265394 100
0.788252 0.0234 -0.0265663 100
0.789752 0.0345 -0.0266169 100
0.789252 0.0455 -0.0266 100
0.789552 0.0566 -0.0266101 100
0.790651 0.0677 -0.0266472 100
0.791651 0.079 -0.0266809 100
0.795448 0.0906 -0.0268089 100
0.801045 0.1025 -0.0269975 100
0.806442 0.1147 -0.0271794 100
0.814637 0.1275 -0.0274556 100
0.820634 0.1402 -0.0276577 100
0.826531 0.1531 -0.0278564 100
0.835026 0.1667 -0.0281427 100
0.844421 0.1809 -0.0284594 100
0.848618 0.1942 -0.0286008 100
0.864209 0.2105 -0.0291263 100
0.890295 0.2301 -0.0300055 100
0.917779 0.2509 -0.0309318 43
0.869506 -0.1779 -0.0293048 41
0.853216 -0.1622 -0.0287558 100
0.847519 -0.1489 -0.0285638 100
0.837724 -0.1351 -0.0282337 100
0.82863 -0.1218 -0.0279272 100
0.821334 -0.1091 -0.0276813 100
0.814837 -0.0967 -0.0274623 100
0.808141 -0.0845 -0.0272367 100
0.803244 -0.0726 -0.0270716 100
0.798247 -0.061 -0.0269032 100
0.795049 -0.0496 -0.0267954 100
0.791651 -0.0383 -0.0266809 100
0.790051 -0.0272 -0.026627 100
0.789352 -0.0161 -0.0266034 100
0.788796 0.0061 -0.0179478 100
0.788596 0.0171 -0.0179433 100
0.789296 0.0281 -0.0179592 100
0.788796 0.0392 -0.0179478 100
0.789196 0.0503 -0.0179569 100
0.790395 0.0615 -0.0179842 100
0.793495 0.0729 -0.0180547 100
0.796294 0.0844 -0.0181184 100
0.800093 0.0961 -0.0182048 100
0.805592 0.1082 -0.01833 100
0.81089 0.1205 -0.0184505 100
0.816989 0.1331 -0.0185893 100
0.824887 0.1462 -0.018769 100
0.832585 0.1596 -0.0189441 100
0.839083 0.1731 -0.019092 100
0.844382 0.1865 -0.0192126 100
0.864076 0.2036 -0.0196607 100
0.884471 0.2215 -0.0201247 100
0.912164 0.242 -0.0207548 100
0.866976 -0.1713 -0.0197267 100
0.846681 -0.155 -0.0192649 100
0.834984 -0.1408 -0.0189987 100
0.831985 -0.1284 -0.0189305 100
0.823787 -0.1153 -0.018744 100
0.818388 -0.1029 -0.0186211 100
0.813689 -0.0908 -0.0185142 100
0.806991 -0.0787 -0.0183618 100
0.799993 -0.0667 -0.0182026 100
0.796894 -0.0552 -0.0181321 100
0.794594 -0.0439 -0.0180797 100
0.794095 -0.0328 -0.0180684 100
0.792495 -0.0216 -0.018032 100
0.782834 0.0093 -0.0101966 100
0.782634 0.0202 -0.010194 100
0.782334 0.0311 -0.0101901 100
0.782834 0.0421 -0.0101966 100
0.787133 0.0534 -0.0102526 100
0.790333 0.0647 -0.0102943 100
0.791333 0.0759 -0.0103073 100
0.795133 0.0875 -0.0103568 100
0.799832 0.0993 -0.010418 100
0.803232 0.1111 -0.0104623 100
0.806632 0.1231 -0.0105066 100
0.812731 0.1357 -0.010586 100
0.818631 0.1484 -0.0106629 100
0.82523 0.1616 -0.0107488 100
0.836629 0.1759 -0.0108973 100
0.840929 0.1891 -0.0109533 100
0.860527 0.2062 -0.0112086 100
0.884725 0.2251 -0.0115238 100
0.911423 0.2455 -0.0118715 52
0.94542 0.2689 -0.0123143 41
0.851528 -0.1729 -0.0110914 100
0.850928 -0.1604 -0.0110836 100
0.839329 -0.1461 -0.0109325 100
0.83043 -0.1327 -0.0108166 100
0.82323 -0.1198 -0.0107228 100
0.816931 -0.1072 -0.0106407 100
0.809431 -0.0948 -0.0105431 100
0.802732 -0.0826 -0.0104558 100
0.797832 -0.0709 -0.010392 100
0.793733 -0.0594 -0.0103386 100
0.790433 -0.0481 -0.0102956 100
0.788033 -0.0369 -0.0102643 100
0.786533 -0.0258 -0.0102448 100
0.785833 -0.0148 -0.0102357 100
0.783999 0.0031 -0.0013615 100
0.780899 0.0141 -0.00135611 100
0.781599 0.025 -0.00135733 100
0.785199 0.0361 -0.00136358 100
0.788599 0.0474 -0.00136948 100
0.789799 0.0586 -0.00137157 100
0.790899 0.0698 -0.00137348 100
0.791899 0.0811 -0.00137521 100
0.793599 0.0925 -0.00137817 100
0.798199 0.1044 -0.00138616 100
0.802599 0.1164 -0.0013938 100
0.807799 0.1287 -0.00140283 100
0.813799 0.1414 -0.00141325 100
0.820599 0.1544 -0.00142506 100
0.829099 0.1681 -0.00143982 100
0.839399 0.1824 -0.0014577 100
0.844599 0.196 -0.00146673 100
0.864999 0.2135 -0.00150216 100
0.889999 0.2329 -0.00154558 100
0.917499 0.2539 -0.00159333 49
0.848499 -0.1632 -0.00147351 100
0.842799 -0.1499 -0.00146361 100
0.831999 -0.136 -0.00144485 100
0.825899 -0.1231 -0.00143426 100
0.817599 -0.1102 -0.00141985 100
0.808099 -0.0975 -0.00140335 100
0.802499 -0.0854 -0.00139362 100
0.797599 -0.0736 -0.00138511 100
0.794599 -0.0621 -0.0013799 100
0.792399 -0.0508 -0.00137608 100
0.791999 -0.0397 -0.00137539 100
0.790499 -0.0285 -0.00137278 100
0.787799 -0.0174 -0.00136809 100
0.778997 0.001 0.00229978 100
0.778897 0.0118 0.00229948 100
0.778697 0.0227 0.00229889 100
0.780297 0.0337 0.00230362 100
0.782697 0.0448 0.0023107 100
0.785997 0.056 0.00232045 100
0.788097 0.0672 0.00232664 100
0.789097 0.0784 0.0023296 100
0.790897 0.0898 0.00233491 100
0.793597 0.1013 0.00234288 100
0.798997 0.1134 0.00235882 100
0.804196 0.1256 0.00237418 100
0.810296 0.1382 0.00239218 100
0.817096 0.1511 0.00241226 100
0.824796 0.1645 0.00243499 100
0.834096 0.1785 0.00246245 100
0.838396 0.1917 0.00247514 100
0.858896 0.2091 0.00253566 100
0.880096 0.2273 0.00259825 100
0.894196 0.2443 0.00263988 100
0.941596 0.2715 0.00277981 47
0.848196 -0.1747 0.00250407 100
0.847596 -0.1623 0.0025023 100
0.836996 -0.1482 0.00247101 100
0.827096 -0.1345 0.00244178 100
0.819996 -0.1216 0.00242082 100
0.811696 -0.1088 0.00239632 100
0.804196 -0.0964 0.00237418 100
0.798597 -0.0844 0.00235764 100
0.794697 -0.0728 0.00234613 100
0.793597 -0.0615 0.00234288 100
0.792397 -0.0503 0.00233934 100
0.789997 -0.0391 0.00233225 100
0.784497 -0.0278 0.00231602 100
0.780797 -0.0168 0.00230509 100
0.778932 0.0016 0.0102811 100
0.779832 0.0125 0.010293 100
0.779532 0.0234 0.010289 100
0.779132 0.0343 0.0102837 100
0.779632 0.0452 0.0102903 100
0.781932 0.0563 0.0103207 100
0.786032 0.0676 0.0103748 100
0.790031 0.0791 0.0104276 100
0.790831 0.0903 0.0104381 100
0.791431 0.1016 0.0104461 100
0.793931 0.1132 0.0104791 100
0.80013 0.1255 0.0105609 100
0.80813 0.1383 0.0106665 100
0.814029 0.1511 0.0107443 100
0.820629 0.1642 0.0108314 100
0.823228 0.1767 0.0108657 100
0.833327 0.191 0.010999 100
0.857725 0.2093 0.0113211 100
0.867324 0.2245 0.0114478 100
0.887323 0.2429 0.0117117 100
0.91552 0.2644 0.0120839 100
0.849026 -0.17 0.0112062 45
0.846426 -0.1572 0.0111719 100
0.837727 -0.1436 0.0110571 100
0.828728 -0.1301 0.0109383 100
0.821628 -0.1173 0.0108446 100
0.814229 -0.1047 0.010747 100
0.80473 -0.0921 0.0106216 100
0.79793 -0.08 0.0105318 100
0.794031 -0.0684 0.0104804 100
0.790831 -0.0571 0.0104381 100
0.787631 -0.0458 0.0103959 100
0.784132 -0.0346 0.0103497 100
0.782532 -0.0236 0.0103286 100
0.782832 -0.0127 0.0103326 100
0.777607 0.0076 0.0247205 100
0.777407 0.0185 0.0247142 100
0.777008 0.0293 0.0247015 100
0.778607 0.0403 0.0247523 100
0.779906 0.0513 0.0247936 100
0.783104 0.0625 0.0248953 100
0.786103 0.0739 0.0249906 100
0.788002 0.0852 0.025051 100
0.788702 0.0964 0.0250732 100
0.790301 0.1079 0.0251241 100
0.793599 0.1196 0.0252289 100
0.799796 0.132 0.0254259 100
0.807692 0.145 0.025677 100
0.813389 0.1578 0.0258581 100
0.820985 0.1712 0.0260996 100
0.833079 0.1859 0.026484 100
0.837277 0.1991 0.0266175 100
0.856667 0.2165 0.0272339 100
0.879656 0.2354 0.0279647 100
0.892549 0.2523 0.0283746 100
0.935927 0.2787 0.0297536 48
0.867862 -0.1954 0.0275898 42
0.860665 -0.1812 0.027361 100
0.846472 -0.1659 0.0269098 100
0.836877 -0.1519 0.0266048 100
0.826183 -0.138 0.0262648 100
0.816088 -0.1246 0.0259439 100
0.81089 -0.1122 0.0257786 100
0.803394 -0.0998 0.0255403 100
0.796798 -0.0877 0.0253306 100
0.792999 -0.076 0.0252099 100
0.791 -0.0647 0.0251463 100
0.786803 -0.0533 0.0250129 100
0.781505 -0.042 0.0248445 100
0.779006 -0.0309 0.024765 100
0.777307 -0.02 0.024711 100
0.775454 0.0049 0.0291014 100
0.777253 0.0157 0.0291689 100
0.777952 0.0266 0.0291952 100
0.777553 0.0375 0.0291802 100
0.778952 0.0485 0.0292327 100
0.780151 0.0595 0.0292777 100
0.782249 0.0707 0.0293564 100
0.785147 0.082 0.0294652 100
0.787945 0.0934 0.0295702 100
0.790543 0.105 0.0296677 100
0.793941 0.1167 0.0297952 100
0.800137 0.1291 0.0300277 100
0.808031 0.142 0.030324 100
0.816825 0.1553 0.030654 100
0.825319 0.1689 0.0309728 100
0.832614 0.1825 0.0312465 100
0.841707 0.1969 0.0315878 100
0.848603 0.211 0.0318465 100
0.871586 0.2298 0.0327091 100
0.891472 0.2483 0.0334554 100
0.934842 0.2746 0.035083 51
0.867289 -0.1927 0.0325478 46
0.846404 -0.1757 0.031764 100
0.840908 -0.1623 0.0315578 100
0.829316 -0.1481 0.0311228 100
0.820422 -0.1347 0.030789 100
0.814327 -0.1221 0.0305602 100
0.80903 -0.1097 0.0303615 100
0.800536 -0.0972 0.0300427 100
0.793841 -0.0852 0.0297914 100
0.791043 -0.0737 0.0296864 100
0.789944 -0.0625 0.0296452 100
0.787745 -0.0512 0.0295627 100
0.783448 -0.04 0.0294014 100
0.78095 -0.0289 0.0293077 100
0.778252 -0.0179 0.0292064 100
0.774142 0.0011 0.0364595 100
0.774042 0.0119 0.0364548 100
0.774841 0.0227 0.0364925 100
0.77544 0.0336 0.0365207 100
0.77584 0.0445 0.0365395 100
0.777139 0.0555 0.0366007 100
0.780335 0.0667 0.0367512 100
0.784231 0.078 0.0369347 100
0.787028 0.0894 0.0370664 100
0.788726 0.1008 0.0371464 100
0.790224 0.1122 0.037217 100
0.79352 0.124 0.0373722 100
0.799614 0.1365 0.0376592 100
0.807405 0.1494 0.0380261 100
0.813099 0.1623 0.0382943 100
0.821489 0.1759 0.0386894 100
0.832577 0.1905 0.0392116 100
0.837572 0.204 0.0394469 100
0.858848 0.2219 0.0404489 100
0.878826 0.2402 0.0413898 100
0.897505 0.2588 0.0422695 100
0.941556 0.2859 0.0443442 47
0.897605 -0.2193 0.0422742 49
0.868437 -0.1993 0.0409005 100
0.853554 -0.1834 0.0401996 100
0.850158 -0.1703 0.0400396 100
0.83877 -0.1558 0.0395033 100
0.827982 -0.1419 0.0389952 100
0.819092 -0.1286 0.0385765 100
0.810901 -0.1158 0.0381908 100
0.801512 -0.103 0.0377486 100
0.79392 -0.0908 0.037391 100
0.791123 -0.0793 0.0372593 100
0.789225 -0.068 0.0371699 100
0.78513 -0.0566 0.036977 100
0.781833 -0.0454 0.0368218 100
0.779336 -0.0343 0.0367042 100
0.778737 -0.0234 0.0366759 100
0.778038 -0.0125 0.036643 100
0.772645 0.0096 0.0440579 100
0.773444 0.0204 0.0441035 100
0.775141 0.0313 0.0442003 100
0.777637 0.0422 0.0443426 100
0.778935 0.0532 0.0444166 100
0.781131 0.0643 0.0445419 100
0.784126 0.0756 0.0447126 100
0.785923 0.0868 0.0448151 100
0.787621 0.0982 0.0449119 100
0.790116 0.1097 0.0450542 100
0.794509 0.1216 0.0453047 100
0.802596 0.1343 0.0457658 100
0.810384 0.1473 0.0462099 100
0.816174 0.1601 0.0465401 100
0.822664 0.1733 0.0469101 100
0.832847 0.1877 0.0474908 100
0.845626 0.203 0.0482195 100
0.852415 0.2172 0.0486066 100
0.876276 0.2364 0.0499673 100
0.901735 0.2568 0.051419 100
0.944965 0.2834 0.053884 44
0.891951 -0.2195 0.0508611 48
0.86769 -0.2008 0.0494777 100
0.860702 -0.1865 0.0490792 100
0.848522 -0.1715 0.0483846 100
0.836042 -0.1569 0.047673 100
0.824361 -0.1428 0.0470069 100
0.816474 -0.1298 0.0465572 100
0.809285 -0.1171 0.0461473 100
0.801897 -0.1046 0.045726 100
0.795308 -0.0925 0.0453503 100
0.790616 -0.0808 0.0450827 100
0.788619 -0.0695 0.0449688 100
0.787521 -0.0583 0.0449062 100
0.785324 -0.0472 0.044781 100
0.780931 -0.036 0.0445305 100
0.777337 -0.025 0.0443255 100
0.77564 -0.0141 0.0442287 100
0.773858 0.0039 0.0576243 100
0.772761 0.0147 0.0575427 100
0.773459 0.0256 0.0575946 100
0.774954 0.0365 0.057706 100
0.775453 0.0474 0.0577432 100
0.77665 0.0584 0.0578323 100
0.778744 0.0696 0.0579882 100
0.781636 0.0809 0.0582036 100
0.784428 0.0923 0.0584115 100
0.786024 0.1037 0.0585303 100
0.78752 0.1151 0.0586417 100
0.792705 0.1272 0.0590278 100
0.801681 0.1402 0.0596961 100
0.809459 0.1532 0.0602754 100
0.816041 0.1664 0.0607655 100
0.823321 0.1799 0.0613076 100
0.832395 0.1941 0.0619833 100
0.84516 0.2096 0.0629338 100
0.850844 0.2237 0.0633571 100
0.875476 0.2433 0.0651913 100
0.901704 0.2643 0.0671442 100
0.945582 0.2916 0.0704116 41
0.913271 -0.2291 0.0680056 47
0.884352 -0.2087 0.0658522 100
0.859919 -0.1902 0.0640328 100
0.841969 -0.174 0.0626962 100
0.837382 -0.1608 0.0623546 100
0.826811 -0.1468 0.0615675 100
0.820927 -0.1339 0.0611293 100
0.813847 -0.1211 0.0606021 100
0.806567 -0.1085 0.06006 100
0.799088 -0.0961 0.0595031 100
0.792406 -0.0841 0.0590056 100
0.788517 -0.0725 0.0587159 100
0.786423 -0.0612 0.05856 100
0.783231 -0.05 0.0583224 100
0.778844 -0.0388 0.0579956 100
0.775353 -0.0277 0.0577357 100
0.774655 -0.0168 0.0576838 100
0.772376 0.0072 0.0637221 100
0.772177 0.018 0.0637056 100
0.773871 0.0289 0.0638454 100
0.775366 0.0398 0.0639687 100
0.777658 0.0509 0.0641579 100
0.778854 0.0619 0.0642565 100
0.780947 0.0731 0.0644292 100
0.783837 0.0845 0.0646676 100
0.786528 0.0959 0.0648896 100
0.789019 0.1075 0.0650952 100
0.794401 0.1196 0.0655392 100
0.802474 0.1323 0.0662052 100
0.808354 0.145 0.0666903 100
0.815131 0.158 0.0672494 100
0.823602 0.1716 0.0679483 100
0.833767 0.186 0.068787 100
0.84463 0.2009 0.0696832 100
0.851407 0.2151 0.0702423 100
0.87722 0.2348 0.0723718 100
0.904627 0.2557 0.0746329 100
0.941103 0.2803 0.0776423 44
0.910407 -0.2378 0.0751098 40
0.887585 -0.2186 0.073227 100
0.867154 -0.2008 0.0715414 100
0.848517 -0.184 0.0700038 100
0.843135 -0.1705 0.0695598 100
0.831674 -0.1561 0.0686143 100
0.822007 -0.1424 0.0678167 100
0.814034 -0.1293 0.067159 100
0.806958 -0.1166 0.0665752 100
0.798587 -0.1039 0.0658845 100
0.792009 -0.0918 0.0653419 100
0.788222 -0.0802 0.0650294 100
0.787325 -0.069 0.0649554 100
0.785232 -0.0577 0.0647827 100
0.780947 -0.0464 0.0644292 100
0.778555 -0.0353 0.0642319 100
0.77696 -0.0244 0.0641003 100
0.774269 -0.0134 0.0638783 100
0.768378 0 0.0746917 100
0.768279 0.0108 0.074682 100
0.771066 0.0216 0.0749529 100
0.772658 0.0325 0.0751077 100
0.774151 0.0434 0.0752528 100
0.775445 0.0544 0.0753786 100
0.777635 0.0655 0.0755914 100
0.781616 0.0768 0.0759784 100
0.784403 0.0882 0.0762493 100
0.786991 0.0997 0.0765009 100
0.790474 0.1114 0.0768395 100
0.796745 0.1237 0.077449 100
0.803811 0.1363 0.078136 100
0.810679 0.1492 0.0788036 100
0.819238 0.1626 0.0796356 100
0.82959 0.1768 0.0806418 100
0.837652 0.1908 0.0814255 100
0.841733 0.2041 0.0818222 100
0.85716 0.2206 0.0833218 100
0.881843 0.2402 0.0857212 100
0.90812 0.261 0.0882755 100
0.959677 0.2905 0.0932872 41
0.895081 -0.2165 0.087008 51
0.870795 -0.1977 0.0846473 100
0.851088 -0.1808 0.0827316 100
0.845714 -0.1673 0.0822092 100
0.833272 -0.1527 0.0809998 100
0.823518 -0.1391 0.0800516 100
0.815556 -0.126 0.0792776 100
0.80829 -0.1133 0.0785714 100
0.800925 -0.1009 0.0778554 100
0.795351 -0.0889 0.0773136 100
0.790574 -0.0772 0.0768492 100
0.787588 -0.0658 0.0765589 100
0.782412 -0.0543 0.0760558 100
0.779128 -0.0431 0.0757366 100
0.776639 -0.0321 0.0754947 100
0.774052 -0.0212 0.0752431 100
0.768822 0.0009 0.0802645 100
0.768722 0.0117 0.0802541 100
0.768523 0.0225 0.0802333 100
0.771109 0.0334 0.0805033 100
0.773496 0.0444 0.0807525 100
0.776778 0.0556 0.0810951 100
0.780956 0.0669 0.0815312 100
0.78384 0.0782 0.0818324 100
0.784636 0.0895 0.0819154 100
0.786326 0.1008 0.0820919 100
0.789807 0.1126 0.0824554 100
0.796969 0.125 0.083203 100
0.803036 0.1376 0.0838364 100
0.808804 0.1503 0.0844386 100
0.817358 0.1638 0.0853316 100
0.827702 0.1779 0.0864115 100
0.838742 0.1927 0.0875641 100
0.849483 0.2077 0.0886855 100
0.856147 0.2221 0.0893812 100
0.879818 0.2415 0.0918524 100
0.906971 0.2627 0.0946871 100
0.96038 0.2928 0.100263 42
0.887377 -0.2284 0.0926416 50
0.862413 -0.2091 0.0900353 100
0.856545 -0.195 0.0894227 100
0.838742 -0.1786 0.0875641 100
0.826508 -0.1639 0.0862869 100
0.822828 -0.1512 0.0859027 100
0.81507 -0.138 0.0850928 100
0.809003 -0.1253 0.0844594 100
0.801842 -0.1127 0.0837118 100
0.794383 -0.1003 0.082933 100
0.788813 -0.0884 0.0823515 100
0.786028 -0.0769 0.0820608 100
0.783044 -0.0656 0.0817493 100
0.778867 -0.0542 0.0813132 100
0.776579 -0.0431 0.0810744 100
0.775087 -0.0321 0.0809186 100
0.774491 -0.0212 0.0808563 100
0.764031 0.0046 0.0872833 100
0.763832 0.0153 0.0872606 100
0.76562 0.0261 0.0874649 100
0.770091 0.0371 0.0879757 100
0.773469 0.0481 0.0883616 100
0.775754 0.0592 0.0886226 100
0.778735 0.0704 0.0889631 100
0.781716 0.0818 0.0893036 100
0.784398 0.0932 0.0896101 100
0.787975 0.1049 0.0900187 100
0.792346 0.1168 0.0905181 100
0.797513 0.129 0.0911083 100
0.803474 0.1416 0.0917893 100
0.81023 0.1545 0.0925612 100
0.817781 0.1679 0.0934238 100
0.827915 0.1821 0.0945815 100
0.83795 0.1966 0.0957279 100
0.843812 0.2106 0.0963975 100
0.861894 0.228 0.0984633 100
0.888421 0.2483 0.101494 100
0.911571 0.2687 0.104138 100
0.906206 -0.2353 0.103525 48
0.880473 -0.2154 0.100586 100
0.860106 -0.1977 0.098259 100
0.83944 -0.1806 0.0958981 100
0.834075 -0.1672 0.0952852 100
0.824636 -0.1533 0.0942069 100
0.815893 -0.1399 0.0932081 100
0.808839 -0.1271 0.0924023 100
0.802679 -0.1146 0.0916985 100
0.79632 -0.1023 0.0909721 100
0.790757 -0.0903 0.0903365 100
0.786981 -0.0787 0.0899052 100
0.784001 -0.0673 0.0895647 100
0.780921 -0.056 0.0892128 100
0.777642 -0.0448 0.0888383 100
0.776251 -0.0338 0.0886794 100
0.772674 -0.0228 0.0882708 100
0.767905 -0.0119 0.087726 100
0.765195 0.0092 0.0936145 100
0.768967 0.02 0.094076 100
0.771647 0.0309 0.0944039 100
0.772143 0.0418 0.0944646 100
0.772441 0.0527 0.094501 100
0.775617 0.0639 0.0948896 100
0.779587 0.0753 0.0953754 100
0.783359 0.0868 0.0958368 100
0.786039 0.0983 0.0961647 100
0.789514 0.11 0.0965897 100
0.795767 0.1223 0.0973547 100
0.801822 0.1348 0.0980955 100
0.807678 0.1475 0.098812 100
0.81145 0.16 0.0992734 100
0.818894 0.1734 0.100184 100
0.829019 0.1877 0.101423 100
0.842717 0.2033 0.103099 100
0.849466 0.2176 0.103924 100
0.875076 0.2373 0.107057 100
0.902273 0.2584 0.110385 100
0.931852 0.2811 0.114004 43
0.884009 -0.2225 0.10815 50
0.86773 -0.2055 0.106159 100
0.854926 -0.1898 0.104592 100
0.835173 -0.1732 0.102176 100
0.822865 -0.1586 0.10067 100
0.819093 -0.146 0.100208 100
0.813137 -0.1332 0.0994799 100
0.805097 -0.1203 0.0984962 100
0.796859 -0.1076 0.0974883 100
0.790407 -0.0954 0.096699 100
0.785742 -0.0837 0.0961283 100
0.782863 -0.0723 0.0957761 100
0.780779 -0.061 0.0955211 100
0.777602 -0.0498 0.0951325 100
0.776213 -0.0388 0.0949625 100
0.774724 -0.0278 0.0947803 100
0.772044 -0.0168 0.0944524 100
0.762487 0.0274 0.103649 100
0.767937 0.0384 0.10439 100
0.771306 0.0495 0.104848 100
0.773585 0.0606 0.105158 100
0.77854 0.072 0.105831 100
0.780422 0.0833 0.106087 100
0.782107 0.0946 0.106316 100
0.784683 0.1062 0.106667 100
0.789043 0.1181 0.107259 100
0.795187 0.1305 0.108094 100
0.800141 0.1429 0.108768 100
0.805789 0.1556 0.109536 100
0.815203 0.1694 0.110815 100
0.816689 0.1817 0.111017 100
0.82858 0.1966 0.112634 100
0.848893 0.2141 0.115395 100
0.858207 0.2294 0.116661 100
0.878817 0.2482 0.119463 100
0.901905 0.2684 0.122601 100
0.944513 0.2956 0.128393 44
0.903193 -0.2298 0.122776 50
0.882186 -0.2113 0.119921 100
0.858901 -0.193 0.116755 100
0.840074 -0.1764 0.114196 100
0.835615 -0.1632 0.11359 100
0.825111 -0.1492 0.112162 100
0.817383 -0.1359 0.111112 100
0.811338 -0.1232 0.11029 100
0.805096 -0.1107 0.109441 100
0.796673 -0.0981 0.108296 100
0.789142 -0.0859 0.107273 100
0.785278 -0.0743 0.106747 100
0.783296 -0.063 0.106478 100
0.780125 -0.0517 0.106047 100
0.775864 -0.0405 0.105468 100
0.77527 -0.0295 0.105387 100
0.774675 -0.0186 0.105306 100
0.760957 0.0217 0.10883 100
0.766501 0.0327 0.109623 100
0.769965 0.0438 0.110118 100
0.774222 0.055 0.110727 100
0.779271 0.0664 0.111449 100
0.782241 0.0778 0.111874 100
0.784022 0.0891 0.112129 100
0.786596 0.1007 0.112497 100
0.790061 0.1124 0.112992 100
0.795308 0.1247 0.113743 100
0.800257 0.1487 0.114451 100
0.80788 0.1619 0.115541 100
0.814314 0.1751 0.116461 100
0.822432 0.189 0.117622 100
0.833123 0.2039 0.119151 100
0.838864 0.2179 0.119972 100
0.859653 0.2363 0.122945 100
0.883015 0.2561 0.126287 100
0.907763 0.2772 0.129826 100
0.956666 0.3069 0.13682 39
0.890044 -0.2175 0.127292 100
0.864009 -0.1983 0.123568 100
0.840448 -0.1805 0.120199 100
0.828371 -0.1657 0.118471 100
0.817878 -0.1516 0.116971 100
0.810157 -0.1384 0.115866 100
0.804118 -0.1257 0.115003 100
0.79897 -0.1134 0.114267 100
0.790655 -0.1009 0.113077 100
0.785012 -0.0889 0.11227 100
0.78323 -0.0776 0.112016 100
0.782241 -0.0664 0.111874 100
0.780162 -0.0551 0.111577 100
0.776895 -0.0439 0.111109 100
0.77343 -0.0327 0.110614 100
0.768877 -0.0217 0.109963 100
0.762085 0.0339 0.118869 100
0.767421 0.045 0.119701 100
0.771669 0.0562 0.120364 100
0.77572 0.0675 0.120995 100
0.779673 0.0789 0.121612 100
0.781451 0.0903 0.121889 100
0.78402 0.1018 0.12229 100
0.788368 0.1137 0.122968 100
0.792616 0.1257 0.123631 100
0.799532 0.1384 0.12471 100
0.80635 0.1513 0.125773 100
0.811883 0.1643 0.126636 100
0.819294 0.1778 0.127792 100
0.83115 0.1927 0.129641 100
0.845675 0.2087 0.131907 100
0.850417 0.2226 0.132646 100
0.873933 0.2419 0.136314 100
0.895176 0.2615 0.139628 100
0.932129 0.2866 0.145392 44
0.923829 -0.2467 0.144097 40
0.884999 -0.223 0.13804 100
0.863855 -0.2048 0.134742 100
0.843501 -0.1874 0.131568 100
0.837276 -0.1737 0.130597 100
0.827 -0.1594 0.128994 100
0.819294 -0.146 0.127792 100
0.811488 -0.1328 0.126574 100
0.804473 -0.1201 0.12548 100
0.798248 -0.1076 0.124509 100
0.791727 -0.0954 0.123492 100
0.785107 -0.0834 0.122459 100
0.781254 -0.0719 0.121858 100
0.779277 -0.0606 0.12155 100
0.776116 -0.0494 0.121057 100
0.771768 -0.0382 0.120379 100
0.770187 -0.0272 0.120132 100
0.768508 -0.0163 0.11987 100
0.756709 0.0236 0.122746 100
0.760263 0.0345 0.123322 100
0.766679 0.0456 0.124363 100
0.769838 0.0567 0.124875 100
0.773984 0.068 0.125548 100
0.776846 0.0793 0.126012 100
0.77961 0.0907 0.126461 100
0.781288 0.102 0.126733 100
0.783657 0.1136 0.127117 100
0.789876 0.1259 0.128126 100
0.797773 0.1387 0.129407 100
0.803498 0.1514 0.130335 100
0.811098 0.1647 0.131568 100
0.813566 0.1771 0.131969 100
0.826398 0.1921 0.13405 100
0.846733 0.2095 0.137349 100
0.856209 0.2246 0.138886 100
0.875852 0.243 0.142072 100
0.894212 0.2617 0.14505 100
0.92649 0.2854 0.150286 47
0.912079 -0.2412 0.147948 41
0.885624 -0.2209 0.143657 100
0.863612 -0.2026 0.140087 100
0.84308 -0.1853 0.136756 100
0.833012 -0.1708 0.135123 100
0.82166 -0.1564 0.133282 100
0.818896 -0.144 0.132833 100
0.812974 -0.1312 0.131873 100
0.805965 -0.1184 0.130736 100
0.797674 -0.1057 0.129391 100
0.791258 -0.0936 0.12835 100
0.785533 -0.0817 0.127421 100
0.78267 -0.0703 0.126957 100
0.77961 -0.0589 0.126461 100
0.776451 -0.0477 0.125948 100
0.772009 -0.0365 0.125228 100
0.770529 -0.0255 0.124987 100
0.767864 -0.0146 0.124555 100
0.76439 0.0321 0.135464 100
0.76882 0.0432 0.136249 100
0.771085 0.0543 0.13665 100
0.775221 0.0657 0.137383 100
0.77719 0.0769 0.137732 100
0.777978 0.0882 0.137872 100
0.779652 0.0995 0.138168 100
0.783098 0.1113 0.138779 100
0.789203 0.1236 0.139861 100
0.796194 0.1363 0.1411 100
0.803973 0.1493 0.142478 100
0.811456 0.1626 0.143805 100
0.813918 0.1752 0.144241 100
0.826817 0.1902 0.146527 100
0.842374 0.2064 0.149284 100
0.846116 0.22 0.149947 100
0.865809 0.2383 0.153437 100
0.887964 0.2579 0.157363 100
0.921147 0.2817 0.163244 48
0.906968 -0.2405 0.160731 45
0.879594 -0.22 0.15588 100
0.858523 -0.2018 0.152146 100
0.841094 -0.1852 0.149057 100
0.836762 -0.1719 0.148289 100
0.825537 -0.1574 0.1463 100
0.816872 -0.1438 0.144764 100
0.809093 -0.1307 0.143386 100
0.801019 -0.1177 0.141955 100
0.794815 -0.1053 0.140856 100
0.789301 -0.0933 0.139878 100
0.784575 -0.0815 0.139041 100
0.78172 -0.07 0.138535 100
0.780636 -0.0587 0.138343 100
0.77847 -0.0475 0.137959 100
0.775122 -0.0363 0.137366 100
0.771577 -0.0252 0.136737 100
0.76695 -0.0141 0.135917 100
0.767535 0.0333 0.140562 100
0.769896 0.0443 0.140995 100
0.771175 0.0554 0.141229 100
0.774322 0.0667 0.141805 100
0.777273 0.078 0.142346 100
0.781011 0.0896 0.14303 100
0.783569 0.1012 0.143499 100
0.787897 0.1132 0.144291 100
0.796061 0.1259 0.145786 100
0.802946 0.1387 0.147047 100
0.809635 0.1517 0.148272 100
0.816225 0.1649 0.149479 100
0.823504 0.1786 0.150812 100
0.834324 0.1934 0.152794 100
0.848784 0.2094 0.155442 100
0.855374 0.224 0.156649 100
0.879769 0.2437 0.161116 100
0.91695 0.268 0.167925 100
0.903966 -0.2483 0.165548 43
0.878687 -0.2281 0.160918 52
0.854981 -0.209 0.156577 100
0.849177 -0.1949 0.155514 100
0.837275 -0.1797 0.153334 100
0.825177 -0.1649 0.151119 100
0.814848 -0.1509 0.149227 100
0.807078 -0.1376 0.147804 100
0.800192 -0.1248 0.146543 100
0.793995 -0.1123 0.145408 100
0.788684 -0.1002 0.144435 100
0.783077 -0.0882 0.143409 100
0.780323 -0.0767 0.142904 100
0.778355 -0.0653 0.142544 100
0.776191 -0.0541 0.142148 100
0.773929 -0.0429 0.141733 100
0.770585 -0.0317 0.141121 100
0.765961 -0.0207 0.140274 100
0.765825 0.0027 0.15321 100
0.765727 0.0136 0.15319 100
0.764452 0.0245 0.152935 100
0.766021 0.0355 0.153249 100
0.769355 0.0466 0.153916 100
0.773571 0.058 0.154759 100
0.775631 0.0692 0.155171 100
0.776513 0.0805 0.155348 100
0.777298 0.0918 0.155505 100
0.779847 0.1033 0.156015 100
0.786123 0.1156 0.15727 100
0.793183 0.1282 0.158683 100
0.798086 0.1406 0.159664 100
0.803871 0.1535 0.160821 100
0.811225 0.1669 0.162292 100
0.821325 0.1812 0.164313 100
0.825444 0.1944 0.165137 100
0.843682 0.2114 0.168786 100
0.86349 0.2295 0.172748 100
0.874472 0.2457 0.174945 100
0.900163 0.2668 0.180085 100
0.913597 -0.2473 0.182773 40
0.884572 -0.226 0.176966 100
0.855155 -0.2056 0.171081 100
0.839662 -0.1893 0.167981 100
0.835445 -0.1759 0.167138 100
0.823384 -0.1611 0.164725 100
0.812892 -0.1471 0.162626 100
0.807107 -0.1343 0.161469 100
0.803087 -0.1219 0.160664 100
0.796909 -0.1093 0.159428 100
0.788574 -0.0968 0.157761 100
0.782004 -0.0847 0.156447 100
0.779161 -0.0732 0.155878 100
0.7772 -0.0618 0.155485 100
0.776023 -0.0506 0.15525 100
0.772689 -0.0394 0.154583 100
0.769257 -0.0282 0.153896 100
0.766609 -0.0172 0.153367 100
0.764797 0.0076 0.15826 100
0.764601 0.0185 0.15822 100
0.766168 0.0295 0.158544 100
0.767735 0.0405 0.158868 100
0.769987 0.0517 0.159334 100
0.772142 0.0629 0.15978 100
0.773121 0.0741 0.159983 100
0.775961 0.0855 0.16057 100
0.779584 0.0972 0.16132 100
0.785949 0.1093 0.162637 100
0.792118 0.1217 0.163914 100
0.799071 0.1345 0.165352 100
0.805828 0.1474 0.166751 100
0.812389 0.1606 0.168108 100
0.818754 0.174 0.169425 100
0.828742 0.1885 0.171492 100
0.833639 0.2021 0.172506 100
0.853616 0.2199 0.176639 100
0.875159 0.2387 0.181097 100
0.898172 0.2588 0.185859 100
0.901599 -0.2422 0.186569 41
0.876334 -0.2221 0.181341 100
0.855378 -0.2039 0.177004 100
0.835108 -0.1865 0.172809 100
0.829918 -0.173 0.171735 100
0.819733 -0.1587 0.169628 100
0.810235 -0.145 0.167662 100
0.803478 -0.132 0.166264 100
0.799365 -0.1196 0.165413 100
0.792118 -0.107 0.163914 100
0.783795 -0.0946 0.162191 100
0.779192 -0.0828 0.161239 100
0.776352 -0.0713 0.160651 100
0.774296 -0.06 0.160226 100
0.772142 -0.0488 0.15978 100
0.769791 -0.0376 0.159294 100
0.767343 -0.0265 0.158787 100
0.764601 -0.0155 0.15822 100
0.763608 0.0105 0.168136 100
0.763413 0.0214 0.168093 100
0.763999 0.0324 0.168222 100
0.767417 0.0435 0.168975 100
0.769663 0.0547 0.169469 100
0.770835 0.0658 0.169727 100
0.773668 0.0772 0.170351 100
0.778453 0.0889 0.171405 100
0.782945 0.1008 0.172394 100
0.787242 0.1128 0.17334 100
0.792418 0.1251 0.17448 100
0.797399 0.1376 0.175576 100
0.802184 0.1502 0.17663 100
0.807751 0.1632 0.177856 100
0.816833 0.1772 0.179856 100
0.821033 0.1904 0.18078 100
0.838319 0.207 0.184586 100
0.858144 0.2249 0.188952 100
0.87377 0.2424 0.192392 100
0.898575 0.2631 0.197854 100
0.951019 0.2932 0.209401 43
0.898282 -0.2415 0.197789 41
0.87875 -0.2228 0.193489 51
0.853163 -0.2035 0.187855 100
0.834901 -0.1866 0.183834 100
0.829725 -0.173 0.182694 100
0.820447 -0.1589 0.180651 100
0.81195 -0.1453 0.17878 100
0.805212 -0.1322 0.177297 100
0.79818 -0.1194 0.175748 100
0.790074 -0.1067 0.173964 100
0.784703 -0.0946 0.172781 100
0.781969 -0.083 0.172179 100
0.776207 -0.0712 0.17091 100
0.7723 -0.0597 0.17005 100
0.772007 -0.0486 0.169985 100
0.77064 -0.0375 0.169684 100
0.768198 -0.0264 0.169147 100
0.766538 -0.0153 0.168781 100
0.76273 0.0016 0.172531 100
0.762632 0.0125 0.172509 100
0.76234 0.0235 0.172443 100
0.7639 0.0345 0.172796 100
0.768289 0.0457 0.173789 100
0.770533 0.0569 0.174297 100
0.773556 0.0682 0.17498 100
0.77541 0.0796 0.1754 100
0.778141 0.0911 0.176017 100
0.783603 0.1031 0.177253 100
0.79082 0.1156 0.178886 100
0.795892 0.128 0.180033 100
0.800866 0.1406 0.181158 100
0.807499 0.1536 0.182658 100
0.815789 0.1673 0.184534 100
0.825836 0.1817 0.186806 100
0.835784 0.2091 0.189057 100
0.841344 0.2233 0.190314 100
0.864557 0.2427 0.195565 100
0.890209 0.2636 0.201368 100
0.927565 0.2891 0.209818 47
0.88582 -0.2344 0.200375 52
0.853926 -0.213 0.19316 100
0.835784 -0.1958 0.189057 100
0.831688 -0.1824 0.18813 100
0.820666 -0.1677 0.185637 100
0.812376 -0.154 0.183761 100
0.802817 -0.1403 0.181599 100
0.795014 -0.1273 0.179834 100
0.789942 -0.1149 0.178687 100
0.7837 -0.1026 0.177275 100
0.778238 -0.0906 0.176039 100
0.774532 -0.0789 0.175201 100
0.772581 -0.0676 0.17476 100
0.770533 -0.0563 0.174297 100
0.77024 -0.0452 0.17423 100
0.767899 -0.0341 0.173701 100
0.764388 -0.023 0.172907 100
0.762632 -0.012 0.172509 100
0.768197 0.0003 0.184317 100
0.766155 0.0113 0.183827 100
0.766933 0.0223 0.184014 100
0.766544 0.0333 0.183921 100
0.766058 0.0443 0.183804 100
0.76635 0.0554 0.183874 100
0.767419 0.0665 0.184131 100
0.769364 0.0778 0.184597 100
0.772087 0.0893 0.185251 100
0.77656 0.1012 0.186324 100
0.782783 0.1134 0.187817 100
0.789882 0.126 0.18952 100
0.794744 0.1385 0.190687 100
0.799509 0.1512 0.19183 100
0.805051 0.1642 0.19316 100
0.81322 0.178 0.19512 100
0.817304 0.1913 0.1961 100
0.834515 0.2079 0.200229 100
0.856978 0.2266 0.205619 100
0.866993 0.2426 0.208022 100
0.889748 0.2627 0.213481 100
0.942938 0.2931 0.226244 42
0.873314 -0.2174 0.209538 51
0.859992 -0.2011 0.206342 100
0.840836 -0.1839 0.201746 100
0.820318 -0.1672 0.196823 100
0.812928 -0.1536 0.19505 100
0.803398 -0.1399 0.192763 100
0.795619 -0.1268 0.190897 100
0.790563 -0.1144 0.189683 100
0.784339 -0.102 0.18819 100
0.779866 -0.0901 0.187117 100
0.775199 -0.0783 0.185997 100
0.772281 -0.0668 0.185297 100
0.769267 -0.0555 0.184574 100
0.768975 -0.0443 0.184504 100
0.768489 -0.0333 0.184387 100
0.767906 -0.0222 0.184247 100
0.767128 -0.0112 0.184061 100
0.762791 0.0077 0.185403 100
0.761625 0.0186 0.18512 100
0.764152 0.0296 0.185734 100
0.766581 0.0407 0.186325 100
0.768913 0.0519 0.186891 100
0.770079 0.0631 0.187175 100
0.772023 0.0744 0.187647 100
0.77484 0.0859 0.188332 100
0.778436 0.0976 0.189206 100
0.782808 0.1096 0.190269 100
0.78893 0.122 0.191757 100
0.793886 0.1344 0.192961 100
0.800591 0.1474 0.194591 100
0.810016 0.1611 0.196882 100
0.817207 0.1748 0.19863 100
0.826147 0.1891 0.200803 100
0.831102 0.2027 0.202007 100
0.849954 0.2203 0.206589 100
0.871331 0.2391 0.211785 100
0.89232 0.2586 0.216887 100
0.944598 0.2885 0.229593 39
0.892806 -0.2376 0.217005 42
0.871331 -0.2187 0.211785 100
0.85248 -0.201 0.207203 100
0.83324 -0.1839 0.202527 100
0.827993 -0.1704 0.201251 100
0.816915 -0.156 0.198559 100
0.806421 -0.142 0.196008 100
0.798745 -0.1289 0.194142 100
0.793594 -0.1165 0.19289 100
0.788347 -0.1042 0.191615 100
0.783003 -0.0921 0.190316 100
0.778339 -0.0802 0.189182 100
0.775423 -0.0687 0.188474 100
0.772411 -0.0573 0.187742 100
0.771245 -0.0461 0.187458 100
0.769788 -0.0349 0.187104 100
0.768233 -0.0238 0.186726 100
0.765609 -0.0128 0.186088 100
0.765018 0.0033 0.197098 100
0.766858 0.0144 0.197572 100
0.766567 0.0254 0.197497 100
0.767148 0.0365 0.197647 100
0.766567 0.0475 0.197497 100
0.767729 0.0587 0.197797 100
0.769763 0.07 0.19832 100
0.77354 0.0816 0.199293 100
0.778188 0.0935 0.200491 100
0.783514 0.1056 0.201863 100
0.789712 0.118 0.20346 100
0.796684 0.1308 0.205256 100
0.803366 0.1438 0.206978 100
0.805206 0.1561 0.207452 100
0.812468 0.1696 0.209323 100
0.831933 0.1862 0.214338 100
0.840648 0.2009 0.216583 100
0.85285 0.2168 0.219727 100
0.872314 0.2351 0.224742 100
0.904561 0.2578 0.23305 100
0.886065 -0.2361 0.228284 47
0.860016 -0.216 0.221573 100
0.838324 -0.1978 0.215984 100
0.832417 -0.1838 0.214463 100
0.821474 -0.169 0.211643 100
0.812275 -0.155 0.209273 100
0.803753 -0.1415 0.207078 100
0.797943 -0.1286 0.205581 100
0.791939 -0.116 0.204034 100
0.785741 -0.1036 0.202437 100
0.77935 -0.0913 0.20079 100
0.77383 -0.0794 0.199368 100
0.770925 -0.0679 0.19862 100
0.768891 -0.0566 0.198096 100
0.767633 -0.0454 0.197772 100
0.767245 -0.0343 0.197672 100
0.766664 -0.0232 0.197522 100
0.766858 -0.0122 0.197572 100
0.765435 0.0066 0.199475 100
0.764274 0.0176 0.199172 100
0.764951 0.0287 0.199349 100
0.765435 0.0398 0.199475 100
0.765822 0.0509 0.199576 100
0.766983 0.0621 0.199879 100
0.767951 0.0733 0.200131 100
0.771725 0.0849 0.201114 100
0.778208 0.097 0.202804 100
0.784498 0.1092 0.204443 100
0.789627 0.1216 0.20578 100
0.793594 0.1339 0.206814 100
0.798433 0.1466 0.208074 100
0.800175 0.1588 0.208528 100
0.810239 0.173 0.211151 100
0.83056 0.1898 0.216447 100
0.834431 0.2034 0.217456 100
0.841979 0.2181 0.219423 100
0.863267 0.2368 0.224971 100
0.884169 0.2563 0.230418 100
0.93265 0.2849 0.243052 43
0.893169 -0.2334 0.232763 42
0.867041 -0.2133 0.225954 52
0.842366 -0.1944 0.219523 100
0.835495 -0.1802 0.217733 100
0.82456 -0.1655 0.214883 100
0.81527 -0.1515 0.212462 100
0.806755 -0.1379 0.210243 100
0.799884 -0.1249 0.208453 100
0.794756 -0.1124 0.207116 100
0.788563 -0.1 0.205502 100
0.782176 -0.0877 0.203838 100
0.776467 -0.0758 0.20235 100
0.772596 -0.0642 0.201341 100
0.769596 -0.0528 0.200559 100
0.768241 -0.0416 0.200206 100
0.76679 -0.0304 0.199828 100
0.766209 -0.0193 0.199677 100
0.765401 0.0098 0.207008 100
0.767138 0.021 0.207478 100
0.768779 0.0321 0.207921 100
0.769165 0.0433 0.208026 100
0.769455 0.0545 0.208104 100
0.771579 0.0659 0.208678 100
0.77544 0.0776 0.209723 100
0.779108 0.0893 0.210715 100
0.782583 0.1012 0.211655 100
0.787796 0.1135 0.213065 100
0.792912 0.126 0.214448 100
0.798704 0.1388 0.216015 100
0.808164 0.1525 0.218573 100
0.819362 0.1669 0.221602 100
0.830174 0.1816 0.224526 100
0.840889 0.1967 0.227424 100
0.847549 0.2112 0.229225 100
0.868883 0.2299 0.234995 100
0.890892 0.2495 0.240948 100
0.881046 -0.2292 0.238285 50
0.85865 -0.2102 0.232228 100
0.835965 -0.1919 0.226092 100
0.82998 -0.1779 0.224474 100
0.819941 -0.1634 0.221758 100
0.811639 -0.1496 0.219513 100
0.802179 -0.1359 0.216955 100
0.796291 -0.1231 0.215362 100
0.79214 -0.1108 0.214239 100
0.787796 -0.0986 0.213065 100
0.781328 -0.0863 0.211315 100
0.77573 -0.0743 0.209801 100
0.771772 -0.0627 0.208731 100
0.769648 -0.0513 0.208156 100
0.767428 -0.04 0.207556 100
0.76598 -0.0288 0.207164 100
0.765304 -0.0177 0.206981 100
0.764834 0.0105 0.212853 100
0.764641 0.0216 0.212799 100
0.765219 0.0327 0.21296 100
0.765701 0.0439 0.213094 100
0.766953 0.0551 0.213443 100
0.768013 0.0664 0.213738 100
0.771867 0.078 0.21481 100
0.776491 0.0898 0.216097 100
0.779959 0.1017 0.217062 100
0.786221 0.1141 0.218805 100
0.792194 0.1266 0.220467 100
0.797974 0.1394 0.222076 100
0.804622 0.1526 0.223926 100
0.81098 0.166 0.225695 100
0.81994 0.1802 0.228189 100
0.824949 0.1938 0.229583 100
0.842001 0.2107 0.234328 100
0.861462 0.2288 0.239744 100
0.884294 0.2486 0.246098 100
0.915219 0.2715 0.254705 43
0.880248 -0.225 0.244972 50
0.861654 -0.207 0.239798 100
0.836992 -0.1884 0.232934 100
0.822444 -0.1727 0.228886 100
0.818976 -0.1596 0.227921 100
0.808764 -0.1455 0.225079 100
0.801154 -0.1322 0.222961 100
0.796144 -0.1196 0.221566 100
0.791905 -0.1073 0.220387 100
0.786606 -0.095 0.218912 100
0.780152 -0.0828 0.217116 100
0.775431 -0.0709 0.215802 100
0.772445 -0.0594 0.214971 100
0.769362 -0.048 0.214113 100
0.76705 -0.0367 0.213469 100
0.765508 -0.0255 0.21304 100
0.765797 -0.0144 0.213121 100
0.763671 0.0066 0.213673 100
0.764441 0.0177 0.213888 100
0.766078 0.0289 0.214346 100
0.76656 0.0401 0.214481 100
0.767908 0.0513 0.214858 100
0.769064 0.0626 0.215182 100
0.770027 0.0739 0.215451 100
0.771856 0.0854 0.215963 100
0.776286 0.0973 0.217202 100
0.783509 0.1098 0.219223 100
0.790539 0.1224 0.22119 100
0.797376 0.1354 0.223103 100
0.805947 0.1488 0.225501 100
0.812303 0.1622 0.22728 100
0.821355 0.1764 0.229813 100
0.82463 0.1896 0.230729 100
0.840712 0.2061 0.235229 100
0.863054 0.2249 0.24148 100
0.880388 0.243 0.24633 100
0.910434 0.2655 0.254737 46
0.87644 -0.223 0.245225 50
0.854965 -0.2044 0.239216 100
0.834067 -0.1867 0.233369 100
0.828963 -0.173 0.231941 100
0.818852 -0.1586 0.229112 100
0.808644 -0.1445 0.226256 100
0.799976 -0.131 0.223831 100
0.793139 -0.1181 0.221918 100
0.787939 -0.1057 0.220463 100
0.783509 -0.0936 0.219223 100
0.779946 -0.0817 0.218226 100
0.777153 -0.0701 0.217445 100
0.773205 -0.0584 0.21634 100
0.769064 -0.0469 0.215182 100
0.765789 -0.0356 0.214265 100
0.765212 -0.0244 0.214104 100
0.764538 -0.0133 0.213915 100
0.764961 0.0019 0.216471 100
0.764865 0.013 0.216444 100
0.764576 0.0241 0.216362 100
0.764191 0.0352 0.216253 100
0.76371 0.0463 0.216117 100
0.764865 0.0575 0.216444 100
0.765923 0.0687 0.216743 100
0.76881 0.0802 0.21756 100
0.773332 0.0921 0.21884 100
0.780645 0.1044 0.220909 100
0.786803 0.1169 0.222652 100
0.791807 0.1293 0.224068 100
0.79758 0.1422 0.225701 100
0.803161 0.1552 0.227281 100
0.808549 0.1684 0.228806 100
0.816536 0.1824 0.231066 100
0.820577 0.1958 0.232209 100
0.835684 0.2122 0.236484 100
0.856949 0.2308 0.242502 100
0.876963 0.2498 0.248165 100
0.910448 0.2736 0.257641 47
0.888894 -0.226 0.251542 47
0.86176 -0.2059 0.243863 100
0.842804 -0.1886 0.238499 100
0.825484 -0.1722 0.233598 100
0.821058 -0.1589 0.232345 100
0.812687 -0.1452 0.229976 100
0.80701 -0.1321 0.22837 100
0.798157 -0.1188 0.225865 100
0.791133 -0.1061 0.223877 100
0.786707 -0.0939 0.222625 100
0.783147 -0.082 0.221617 100
0.77747 -0.0701 0.220011 100
0.7716 -0.0583 0.21835 100
0.766501 -0.0467 0.216906 100
0.766116 -0.0356 0.216798 100
0.765827 -0.0133 0.216716 100
