1.4049 0.4538 0.1292 1
1.4528 0.4687 0.1874 1
1.3737 0.4387 0.0756 1
1.3856 0.4422 0.1272 4
1.3788 0.4395 0.1777 2
1.3504 0.4261 0.0742 3
1.3586 0.4284 0.1246 4
1.3595 0.4281 0.175 5
1.3557 0.4225 0.0744 6
1.3431 0.4181 0.1231 6
1.3458 0.4187 0.1731 6
1.4129 0.439 0.2343 1
1.3989 0.4309 0.0256 3
1.3457 0.4143 0.0738 10
1.316 0.4046 0.1204 7
1.334 0.4096 0.1713 8
1.3748 0.4219 0.2278 2
1.3793 0.4199 0.0252 4
1.3414 0.4081 0.0735 11
1.3192 0.4008 0.1206 9
1.3221 0.4012 0.1696 12
1.3573 0.4116 0.2246 5
1.3654 0.4107 0.0249 5
1.3198 0.3965 0.0722 12
1.3243 0.3976 0.121 10
1.3082 0.3922 0.1677 12
1.3474 0.4035 0.2228 6
1.363 0.4048 0.0248 7
1.304 0.3868 0.0713 13
1.3181 0.3907 0.1203 11
1.3115 0.3882 0.1679 13
1.3241 0.3915 0.2187 8
1.3509 0.3961 0.0246 9
1.3034 0.3816 0.0712 16
1.3022 0.381 0.1187 15
1.309 0.3825 0.1674 17
1.3103 0.3824 0.2162 11
1.3909 0.4057 0.2816 2
1.3939 0.4058 -0.0253 2
1.3331 0.3858 0.0242 10
1.3086 0.3782 0.0714 17
1.294 0.3737 0.1178 16
1.2989 0.3747 0.166 19
1.3154 0.3789 0.2168 12
1.3565 0.3905 0.2744 3
1.3953 0.4009 -0.0253 6
1.3229 0.3778 0.024 11
1.2964 0.3698 0.0707 17
1.2933 0.3687 0.1177 18
1.2849 0.3658 0.164 19
1.3168 0.3743 0.2168 12
1.3427 0.3815 0.2713 4
1.3929 0.3949 -0.0253 8
1.3165 0.371 0.0239 13
1.2766 0.3593 0.0695 18
1.2927 0.3636 0.1175 18
1.2747 0.3581 0.1626 20
1.3104 0.3676 0.2156 16
1.3422 0.3763 0.2709 6
1.3731 0.3841 -0.0249 10
1.3082 0.3638 0.0237 14
1.2701 0.3527 0.0691 18
1.292 0.3586 0.1173 18
1.276 0.3536 0.1626 19
1.2927 0.3578 0.2124 16
1.3378 0.37 0.2698 7
1.3474 0.3719 -0.0244 14
1.3133 0.3603 0.0238 14
1.2675 0.3472 0.0689 18
1.2702 0.3477 0.1152 21
1.2734 0.3481 0.1621 20
1.2844 0.3506 0.2109 17
1.3334 0.3638 0.2687 9
1.3506 0.3677 -0.0244 17
1.2933 0.3499 0.0234 16
1.2745 0.3444 0.0692 20
1.2695 0.3428 0.115 21
1.2707 0.3426 0.1616 22
1.2856 0.3462 0.2109 17
1.31 0.3525 0.2637 9
1.4585 0.3919 0.3487 1
1.3442 0.3609 -0.0243 17
1.2964 0.3459 0.0234 16
1.2622 0.3363 0.0685 20
1.2707 0.3383 0.115 21
1.2566 0.3341 0.1596 20
1.2887 0.3422 0.2112 19
1.3074 0.3469 0.2629 9
1.4132 0.3747 -0.0766 1
1.3657 0.3619 0.3262 2
1.3493 0.3573 -0.0244 19
1.2938 0.3404 0.0234 16
1.2498 0.3286 0.0677 20
1.268 0.3329 0.1147 22
1.2481 0.3272 0.1584 22
1.2784 0.3349 0.2093 22
1.2953 0.3389 0.2603 11
1.4067 0.3677 -0.0762 4
1.3443 0.3512 0.3208 4
1.3408 0.3503 -0.0242 21
1.291 0.3351 0.0233 16
1.249 0.3237 0.0676 20
1.2653 0.3275 0.1143 22
1.2531 0.3241 0.1589 22
1.2642 0.3265 0.2068 22
1.2927 0.3336 0.2595 13
1.3925 0.3591 -0.0754 4
1.3342 0.3438 0.3181 5
1.3285 0.3421 -0.0239 21
1.2922 0.3306 0.0233 18
1.2501 0.3193 0.0676 21
1.2567 0.3208 0.1135 22
1.258 0.3207 0.1594 22
1.2616 0.3211 0.2062 22
1.3071 0.3325 0.2622 14
1.3763 0.3498 -0.0744 6
1.3373 0.3396 0.3185 7
1.3083 0.332 -0.0236 23
1.2798 0.3226 0.023 20
1.2493 0.3145 0.0675 21
1.254 0.3154 0.1131 22
1.2534 0.3148 0.1587 23
1.2627 0.3167 0.2062 22
1.2816 0.3212 0.2568 14
1.3756 0.3445 -0.0743 6
1.3365 0.3345 0.3181 7
1.3172 0.3294 -0.0237 23
1.277 0.3172 0.023 20
1.2503 0.3101 0.0675 21
1.259 0.312 0.1135 22
1.2352 0.3057 0.1562 22
1.258 0.3109 0.2052 24
1.2751 0.3149 0.2553 15
1.3574 0.3349 -0.0733 7
1.3226 0.3261 0.3145 9
1.3106 0.3229 -0.0236 23
1.2781 0.3127 0.023 21
1.234 0.3015 0.0666 21
1.2562 0.3067 0.1131 23
1.2343 0.3009 0.156 23
1.2552 0.3055 0.2046 25
1.2686 0.3085 0.2538 16
1.3527 0.3288 -0.073 10
1.3067 0.3173 0.3104 10
1.3098 0.3178 -0.0235 25
1.2693 0.3064 0.0228 21
1.233 0.2971 0.0665 21
1.2513 0.3013 0.1126 26
1.241 0.2984 0.1567 23
1.2408 0.2979 0.2021 24
1.2753 0.3059 0.2549 16
1.346 0.3226 -0.0725 12
1.2963 0.3105 0.3077 9
1.3011 0.3114 -0.0234 27
1.2743 0.3029 0.0229 21
1.2379 0.2938 0.0667 21
1.2388 0.2937 0.1114 22
1.2421 0.2941 0.1567 22
1.238 0.2927 0.2015 25
1.2706 0.3001 0.2538 16
1.3471 0.3179 -0.0725 12
1.3011 0.3069 0.3086 10
1.2963 0.3055 -0.0232 31
1.2637 0.2957 0.0227 21
1.235 0.2885 0.0665 22
1.2398 0.2894 0.1114 25
1.2354 0.2879 0.1557 23
1.2487 0.2906 0.2031 25
1.2621 0.2935 0.2519 16
1.3443 0.3123 -0.0723 12
1.2965 0.301 0.3073 11
1.3012 0.3019 -0.0233 29
1.2608 0.2904 0.0226 21
1.2496 0.2874 0.0672 25
1.2369 0.2842 0.111 25
1.2267 0.2814 0.1545 23
1.2439 0.2849 0.2021 25
1.2535 0.2869 0.25 18
1.3318 0.3045 -0.0716 15
1.2938 0.2956 0.3064 11
1.2945 0.2955 -0.0232 31
1.2618 0.286 0.0226 21
1.2292 0.2781 0.066 23
1.2398 0.2803 0.1112 27
1.218 0.2749 0.1533 23
1.2507 0.2818 0.2031 25
1.2545 0.2825 0.25 18
1.3328 0.2999 -0.0716 15
1.2834 0.2885 0.3037 12
1.2994 0.2919 -0.0232 31
1.3836 0.3105 0.3799 1
1.2628 0.2816 0.0226 21
1.2224 0.2721 0.0656 26
1.2467 0.2773 0.1117 27
1.2306 0.2733 0.1548 23
1.2362 0.2741 0.2005 25
1.4102 0.3126 -0.1264 1
1.2574 0.2785 0.2503 19
1.3299 0.2944 -0.0714 16
1.2882 0.2849 0.3046 13
1.2887 0.2848 -0.023 33
1.3677 0.302 0.3753 2
1.254 0.275 0.0224 22
1.2311 0.2698 0.066 26
1.234 0.27 0.1105 28
1.2218 0.2668 0.1536 23
1.2255 0.2674 0.1987 25
1.4113 0.3077 -0.1264 2
1.2661 0.2758 0.2519 20
1.3232 0.288 -0.071 15
1.2796 0.2783 0.3023 13
1.2857 0.2796 -0.023 33
1.3422 0.2917 0.368 3
1.2451 0.2688 0.0222 23
1.23 0.265 0.0659 27
1.2291 0.2644 0.11 27
1.2285 0.264 0.1543 23
1.238 0.2656 0.2005 25
1.4046 0.3011 -0.1257 2
1.2516 0.2683 0.2488 20
1.33 0.2849 -0.0713 16
1.2882 0.2757 0.3041 14
1.2867 0.2751 -0.023 33
1.3319 0.2846 0.3649 3
1.248 0.2648 0.0223 26
1.2349 0.2616 0.0662 27
1.2358 0.2616 0.1105 28
1.2178 0.2573 0.1528 27
1.239 0.2613 0.2005 25
1.4036 0.296 -0.1255 3
1.2564 0.2648 0.2496 20
1.3075 0.2753 -0.07 18
1.291 0.2716 0.3046 14
1.2916 0.2715 -0.023 33
1.3423 0.2819 0.3675 4
1.2529 0.2613 0.0223 26
1.2221 0.2544 0.0654 34
1.2367 0.2572 0.1105 28
1.2187 0.253 0.1528 27
1.2379 0.2566 0.2002 27
1.393 0.2887 -0.1245 3
1.2573 0.2604 0.2496 20
1.3104 0.2711 -0.0701 19
1.2672 0.262 0.2987 15
1.2886 0.2662 -0.023 33
1.3263 0.2737 0.3629 5
1.2557 0.2573 0.0224 28
1.223 0.2501 0.0654 33
1.2298 0.2513 0.1098 32
1.2273 0.2504 0.1538 30
1.2195 0.2483 0.1971 27
1.3959 0.2843 -0.1246 5
1.2659 0.2575 0.2511 21
1.3094 0.2662 -0.07 21
1.2662 0.2571 0.2983 15
1.2817 0.2601 -0.0228 33
1.3234 0.2683 0.3618 6
1.2546 0.2525 0.0223 27
1.2277 0.2467 0.0656 30
1.2189 0.2447 0.1088 32
1.236 0.2476 0.1548 26
1.2203 0.2441 0.1971 27
1.3813 0.2763 -0.1232 5
1.2591 0.2516 0.2496 21
1.3103 0.2616 -0.07 19
1.2632 0.252 0.2974 15
1.2767 0.2544 -0.0227 36
1.3111 0.261 0.3582 6
1.2437 0.2458 0.0221 33
1.2227 0.2412 0.0653 35
1.2178 0.24 0.1086 35
1.2251 0.241 0.1533 28
1.2212 0.2398 0.1971 28
1.3783 0.2707 -0.1229 6
1.2503 0.2453 0.2477 21
1.3171 0.2582 -0.0703 21
1.2718 0.249 0.2992 15
1.2776 0.25 -0.0227 36
1.3025 0.2546 0.3556 8
1.2407 0.2407 0.0221 33
1.2334 0.2388 0.0658 30
1.2206 0.2362 0.1088 33
1.2162 0.2349 0.1521 33
1.2239 0.2359 0.1974 28
1.3734 0.2647 -0.1224 6
1.2454 0.2398 0.2465 21
1.3023 0.2505 -0.0695 21
1.2688 0.2439 0.2983 15
1.2804 0.2459 -0.0228 33
1.3034 0.2501 0.3556 8
1.2435 0.2368 0.0221 31
1.2204 0.2321 0.0651 35
1.2253 0.2326 0.1091 32
1.2092 0.2291 0.1511 33
1.2267 0.2322 0.1977 28
1.3763 0.2603 -0.1225 8
1.2424 0.2347 0.2458 20
1.2953 0.2445 -0.0691 22
1.2543 0.2366 0.2947 16
1.2871 0.2427 -0.0229 36
1.3023 0.2454 0.3551 8
1.2521 0.2341 0.0222 31
1.2075 0.2253 0.0644 41
1.2222 0.2276 0.1088 31
1.2217 0.2273 0.1526 34
1.2255 0.2276 0.1974 28
1.3791 0.2559 -0.1227 8
1.2566 0.2331 0.2484 21
1.304 0.2417 -0.0695 21
1.2628 0.2338 0.2965 15
1.2624 0.2335 -0.0224 33
1.3032 0.2408 0.3551 8
1.249 0.229 0.0222 31
1.2181 0.2229 0.0649 38
1.2112 0.2214 0.1077 35
1.2205 0.2227 0.1523 35
1.2166 0.2215 0.1959 28
1.3565 0.2468 -0.1206 9
1.2536 0.228 0.2477 21
1.2969 0.2357 -0.0691 21
1.2578 0.2284 0.2951 16
1.2612 0.2287 -0.0224 36
1.2964 0.2349 0.353 10
1.238 0.2225 0.022 35
1.2188 0.2186 0.0649 39
1.214 0.2173 0.1079 35
1.2213 0.2184 0.1523 37
1.2154 0.2169 0.1955 31
1.373 0.2448 -0.122 9
1.2428 0.2214 0.2454 22
1.3017 0.2316 -0.0693 22
1.2548 0.2231 0.2942 16
1.2679 0.2254 -0.0225 36
1.2877 0.2287 0.3504 10
1.2368 0.2176 0.0219 35
1.2176 0.214 0.0648 41
1.2147 0.2131 0.1079 38
1.2065 0.2112 0.1504 38
1.22 0.2134 0.1962 30
1.3719 0.2397 -0.1218 9
1.2358 0.2157 0.2439 21
1.2927 0.2254 -0.0688 24
1.2556 0.2187 0.2942 16
1.2687 0.221 -0.0225 38
1.2904 0.2245 0.351 10
1.2434 0.2146 0.022 36
1.2007 0.2067 0.0638 42
1.2233 0.2102 0.1086 40
1.2032 0.2065 0.1499 37
1.2247 0.2098 0.1968 31
1.3708 0.2346 -0.1217 11
1.2346 0.2113 0.2435 22
1.2875 0.2201 -0.0685 22
1.2486 0.2132 0.2924 16
1.2675 0.2162 -0.0224 40
1.2931 0.2203 0.3515 10
1.2442 0.2102 0.022 37
1.2014 0.2026 0.0638 42
1.2201 0.2055 0.1082 40
1.2118 0.2037 0.1509 38
1.2137 0.2035 0.1949 31
1.3696 0.2297 -0.1215 12
1.2392 0.2076 0.2442 23
1.2942 0.2166 -0.0688 22
1.2551 0.2098 0.2938 19
1.2584 0.2101 -0.0223 36
1.2939 0.2158 0.3515 11
1.2449 0.2059 0.022 35
1.206 0.199 0.0641 44
1.2129 0.1999 0.1076 38
1.2086 0.1988 0.1504 38
1.2105 0.1987 0.1943 28
1.3546 0.2223 -0.1201 11
1.2477 0.2045 0.2458 23
1.295 0.2121 -0.0688 22
1.2578 0.2057 0.2942 19
1.2631 0.2064 -0.0223 38
1.2812 0.2091 0.3479 11
1.2338 0.1996 0.0218 37
1.2185 0.1967 0.0647 48
1.2058 0.1944 0.1069 42
1.2112 0.1949 0.1506 41
1.2171 0.1954 0.1952 34
1.3554 0.2176 -0.1201 11
1.229 0.1971 0.2419 24
1.2957 0.2075 -0.0688 24
1.2623 0.202 0.2951 19
1.2657 0.2023 -0.0224 40
1.282 0.2047 0.3479 11
1.2345 0.1953 0.0218 38
1.2212 0.1928 0.0648 49
1.2123 0.1911 0.1074 42
1.204 0.1894 0.1497 41
1.2255 0.1924 0.1965 34
1.3601 0.2135 -0.1204 12
1.2336 0.1934 0.2427 24
1.2865 0.2015 -0.0682 22
1.2553 0.1964 0.2933 19
1.2704 0.1985 -0.0224 38
1.2827 0.2002 0.3479 11
1.2391 0.1916 0.0219 37
1.21 0.1867 0.0642 49
1.213 0.1869 0.1074 46
1.2047 0.1852 0.1497 44
1.2223 0.1875 0.1959 37
1.3628 0.209 -0.1206 11
1.2323 0.1888 0.2423 27
1.2774 0.1955 -0.0677 22
1.256 0.192 0.2933 19
1.2671 0.1934 -0.0224 40
1.2872 0.1963 0.3489 12
1.2358 0.1867 0.0218 38
1.1988 0.1807 0.0635 49
1.2274 0.1848 0.1086 48
1.2191 0.1831 0.1514 44
1.2132 0.1817 0.1943 42
1.3655 0.2046 -0.1208 12
1.2388 0.1854 0.2435 25
1.2899 0.1928 -0.0684 25
1.2451 0.1859 0.2906 20
1.2599 0.1878 -0.0222 42
1.2821 0.1909 0.3473 13
1.2404 0.1829 0.0219 41
1.2113 0.1782 0.0642 53
1.2123 0.1782 0.1072 53
1.2197 0.1788 0.1514 46
1.2138 0.1775 0.1943 42
1.3544 0.1981 -0.1198 11
1.2375 0.1807 0.2431 27
1.2866 0.1877 -0.0681 22
1.2515 0.1824 0.292 20
1.2744 0.1855 -0.0225 45
1.2751 0.1853 0.3453 13
1.2252 0.1763 0.0216 42
1.2158 0.1746 0.0644 53
1.207 0.1731 0.1067 55
1.2164 0.174 0.1509 48
1.2203 0.1741 0.1952 40
1.355 0.1933 -0.1198 12
1.2303 0.1753 0.2416 27
1.2991 0.1849 -0.0688 24
1.2444 0.1769 0.2902 20
1.2651 0.1796 -0.0223 40
1.2758 0.1809 0.3453 13
1.2278 0.1723 0.0216 40
1.2224 0.1711 0.0647 56
1.2155 0.17 0.1074 55
1.2091 0.1686 0.1499 48
1.2228 0.1701 0.1955 42
1.3518 0.1881 -0.1194 12
1.2192 0.1694 0.2393 28
1.2839 0.1782 -0.0679 24
1.2566 0.1741 0.2929 20
1.2638 0.1749 -0.0223 40
1.2764 0.1764 0.3453 13
1.2363 0.1691 0.0218 41
1.2111 0.1653 0.0641 56
1.2161 0.1657 0.1074 56
1.2058 0.1639 0.1494 53
1.2273 0.1664 0.1962 43
1.3564 0.1839 -0.1198 12
1.2393 0.1678 0.2431 27
1.2845 0.1737 -0.0679 24
1.2456 0.1682 0.2902 20
1.2683 0.171 -0.0223 40
1.2808 0.1725 0.3463 14
1.2329 0.1643 0.0217 41
1.2097 0.161 0.064 59
1.2147 0.1612 0.1072 71
1.2103 0.1602 0.1499 55
1.2161 0.1608 0.1943 43
1.3629 0.1799 -0.1203 11
1.2321 0.1624 0.2416 28
1.2851 0.1692 -0.0679 24
1.2462 0.1638 0.2902 21
1.2669 0.1666 -0.0223 42
1.2776 0.1677 0.3453 14
1.2335 0.1602 0.0217 41
1.2142 0.1573 0.0642 63
1.2113 0.1565 0.1069 82
1.2147 0.1567 0.1504 55
1.2167 0.1565 0.1943 43
1.3497 0.1734 -0.1191 12
1.2385 0.1591 0.2427 32
1.3015 0.167 -0.0688 25
1.2467 0.1597 0.2902 21
1.2615 0.1614 -0.0222 40
1.2743 0.1628 0.3442 14
1.23 0.1554 0.0216 42
1.2167 0.1533 0.0643 66
1.2019 0.1512 0.106 92
1.2192 0.1529 0.1509 59
1.2192 0.1525 0.1946 46
1.3463 0.1684 -0.1187 12
1.2273 0.1533 0.2404 32
1.2942 0.1614 -0.0684 24
1.2473 0.1554 0.2902 21
1.2561 0.1562 -0.0221 45
1.2672 0.1574 0.3422 14
1.2266 0.1506 0.0216 43
1.2212 0.1495 0.0645 66
1.2103 0.148 0.1067 85
1.2079 0.1472 0.1494 60
1.2158 0.1478 0.194 46
1.3607 0.1654 -0.1199 13
1.222 0.1483 0.2393 30
1.2809 0.1552 -0.0676 25
1.2556 0.1519 0.292 21
1.2686 0.1533 -0.0223 42
1.2716 0.1534 0.3432 14
1.2311 0.1468 0.0216 42
1.1999 0.1427 0.0633 70
1.2168 0.1444 0.1072 100
1.2045 0.1426 0.1489 60
1.2261 0.1447 0.1955 43
1.3494 0.1592 -0.1189 12
1.242 0.1463 0.2431 29
1.2834 0.151 -0.0677 24
1.2503 0.1469 0.2906 21
1.279 0.15 -0.0225 45
1.2798 0.1499 0.3453 14
1.2276 0.142 0.0216 45
1.2083 0.1394 0.0637 75
1.2133 0.1397 0.1069 100
1.2109 0.139 0.1497 61
1.2188 0.1395 0.1943 45
1.3579 0.1554 -0.1196 13
1.2308 0.1407 0.2408 31
1.2879 0.147 -0.0679 24
1.245 0.1418 0.2893 21
1.2617 0.1435 -0.0222 42
1.2803 0.1454 0.3453 15
1.2361 0.1386 0.0217 43
1.2048 0.1347 0.0635 71
1.2059 0.1346 0.1062 100
1.2193 0.1357 0.1506 70
1.2133 0.1346 0.1934 46
1.3545 0.1503 -0.1192 12
1.243 0.1377 0.2431 30
1.2963 0.1433 -0.0684 24
1.2571 0.1388 0.292 20
1.2582 0.1387 -0.0221 42
1.2693 0.1397 0.3422 14
1.2246 0.133 0.0215 43
1.2132 0.1314 0.064 70
1.2063 0.1304 0.1062 100
1.2158 0.131 0.1501 68
1.2236 0.1314 0.1949 45
1.3392 0.1438 -0.1178 13
1.2318 0.1321 0.2408 30
1.2948 0.1386 -0.0682 25
1.2576 0.1344 0.292 20
1.2607 0.1345 -0.0221 40
1.2698 0.1353 0.3422 14
1.229 0.1292 0.0216 42
1.2177 0.1276 0.0642 78
1.2048 0.126 0.106 100
1.2044 0.1255 0.1487 72
1.2201 0.1267 0.1943 45
1.3515 0.1404 -0.1189 13
1.2322 0.1278 0.2408 30
1.2794 0.1324 -0.0674 25
1.2561 0.1298 0.2915 22
1.2671 0.1307 -0.0222 42
1.2741 0.1312 0.3432 14
1.2335 0.1253 0.0216 42
1.2002 0.1215 0.0632 74
1.2191 0.1232 0.1072 100
1.2068 0.1215 0.1489 66
1.2284 0.1233 0.1955 43
1.3599 0.1365 -0.1196 13
1.2366 0.1239 0.2416 31
1.2858 0.1286 -0.0677 25
1.2488 0.1246 0.2897 21
1.2755 0.1271 -0.0224 42
1.2745 0.1268 0.3432 15
1.2458 0.1222 0.0219 42
1.2046 0.1177 0.0634 74
1.2215 0.1191 0.1074 100
1.2151 0.1181 0.1499 67
1.221 0.1182 0.1943 45
1.3604 0.1317 -0.1196 12
1.2331 0.1192 0.2408 31
1.2942 0.1248 -0.0681 24
1.255 0.1208 0.2911 21
1.264 0.1215 -0.0222 42
1.2846 0.1232 0.3458 15
1.2423 0.1174 0.0218 43
1.2149 0.1144 0.064 78
1.212 0.1139 0.1065 100
1.2116 0.1135 0.1494 64
1.2175 0.1136 0.1937 43
1.3549 0.1264 -0.1191 12
1.2452 0.116 0.2431 30
1.2986 0.1207 -0.0684 24
1.2554 0.1165 0.2911 20
1.2644 0.1171 -0.0222 42
1.2754 0.1179 0.3432 14
1.2267 0.1116 0.0215 41
1.2134 0.11 0.0638 68
1.2124 0.1097 0.1065 93
1.2179 0.1098 0.1501 61
1.2257 0.11 0.1949 42
1.3514 0.1213 -0.1187 13
1.2358 0.1107 0.2412 27
1.299 0.1162 -0.0684 24
1.2597 0.1124 0.292 20
1.2628 0.1125 -0.0221 40
1.27 0.1129 0.3416 15
1.2271 0.1074 0.0215 42
1.2197 0.1063 0.0642 71
1.2227 0.1063 0.1074 80
1.2024 0.1041 0.1482 59
1.234 0.1064 0.1962 43
1.3637 0.1176 -0.1198 12
1.2342 0.1062 0.2408 27
1.2954 0.1113 -0.0681 24
1.2601 0.108 0.292 21
1.2811 0.1096 -0.0224 40
1.28 0.1093 0.3442 15
1.2434 0.1044 0.0218 42
1.2081 0.1012 0.0635 70
1.225 0.1022 0.1076 73
1.2166 0.1011 0.1499 55
1.2343 0.1023 0.1962 43
1.3601 0.1125 -0.1194 12
1.2464 0.1029 0.2431 27
1.2938 0.1066 -0.068 22
1.2527 0.103 0.2902 20
1.2675 0.1042 -0.0222 38
1.2842 0.1054 0.3453 15
1.2438 0.1003 0.0218 43
1.2065 0.0969 0.0634 68
1.2254 0.0979 0.1076 72
1.2189 0.0972 0.1501 52
1.2189 0.0968 0.1937 43
1.3705 0.1086 -0.1203 12
1.2467 0.0988 0.2431 27
1.2962 0.1025 -0.0681 22
1.255 0.099 0.2906 21
1.2699 0.0999 -0.0222 38
1.2923 0.1015 0.3473 14
1.2481 0.0963 0.0219 41
1.2207 0.0939 0.0642 60
1.2178 0.0933 0.1069 66
1.2252 0.0934 0.1509 49
1.2311 0.0936 0.1955 42
1.3569 0.103 -0.1191 12
1.2549 0.095 0.2446 27
1.3005 0.0982 -0.0684 22
1.267 0.0955 0.2933 20
1.2682 0.0956 -0.0222 38
1.2811 0.0963 0.3442 13
1.2364 0.0912 0.0216 40
1.2151 0.0892 0.0638 56
1.2181 0.089 0.1069 56
1.2295 0.0896 0.1514 48
1.2314 0.0893 0.1955 42
1.3672 0.099 -0.1199 12
1.2434 0.09 0.2423 27
1.3028 0.0941 -0.0685 22
1.2692 0.0914 0.2938 20
1.2825 0.0922 -0.0224 42
1.2852 0.0921 0.3453 13
1.2368 0.0867 0.0216 42
1.2273 0.0858 0.0645 55
1.2204 0.0849 0.107 51
1.2219 0.0846 0.1504 48
1.2376 0.0855 0.1965 40
1.3596 0.0936 -0.1192 12
1.2457 0.0856 0.2427 25
1.2972 0.0889 -0.0681 22
1.2735 0.087 0.2947 20
1.2768 0.0873 -0.0223 38
1.2933 0.0882 0.3473 14
1.245 0.0831 0.0218 40
1.2236 0.0813 0.0643 56
1.2326 0.0814 0.1081 53
1.2142 0.08 0.1494 46
1.232 0.0807 0.1955 42
1.3698 0.0895 -0.1201 11
1.2479 0.0816 0.2431 27
1.2915 0.0842 -0.0678 21
1.264 0.0822 0.2924 20
1.2791 0.0829 -0.0224 38
1.3051 0.0844 0.3504 13
1.2533 0.0793 0.0219 41
1.2179 0.0766 0.064 50
1.2269 0.077 0.1076 46
1.2343 0.077 0.1518 44
1.2303 0.0763 0.1952 39
1.3701 0.0848 -0.1201 11
1.2502 0.0773 0.2435 25
1.3037 0.0804 -0.0685 22
1.2565 0.0773 0.2906 19
1.2694 0.0779 -0.0222 38
1.3093 0.0801 0.3515 14
1.2556 0.075 0.022 37
1.2182 0.0724 0.064 50
1.2292 0.0726 0.1077 43
1.2405 0.073 0.1526 44
1.2266 0.0718 0.1946 40
1.3704 0.08 -0.1201 11
1.2583 0.0732 0.245 23
1.314 0.0762 -0.069 22
1.2723 0.0736 0.2942 19
1.2717 0.0735 -0.0222 40
1.2845 0.0741 0.3447 13
1.2478 0.07 0.0218 37
1.2284 0.0687 0.0645 48
1.2254 0.0681 0.1074 43
1.2329 0.0681 0.1516 41
1.2347 0.068 0.1959 40
1.3787 0.0756 -0.1208 9
1.2507 0.0684 0.2435 25
1.3162 0.0717 -0.0691 22
1.2804 0.0698 0.296 19
1.2799 0.0695 -0.0224 38
1.3002 0.0704 0.3489 13
1.2441 0.0656 0.0217 37
1.2306 0.0647 0.0646 49
1.2296 0.0642 0.1077 43
1.2251 0.0636 0.1506 44
1.2389 0.0641 0.1965 37
1.3829 0.0713 -0.1211 9
1.2431 0.0638 0.2419 23
1.3045 0.0668 -0.0685 22
1.2806 0.0655 0.296 19
1.2901 0.0658 -0.0225 38
1.2965 0.0659 0.3479 13
1.2523 0.0619 0.0219 37
1.2268 0.0602 0.0644 49
1.2298 0.0601 0.1077 43
1.2214 0.0593 0.1501 42
1.247 0.0601 0.1977 36
1.403 0.0676 -0.1229 10
1.2511 0.0601 0.2435 23
1.3067 0.0625 -0.0686 22
1.2769 0.0609 0.2951 19
1.2943 0.0615 -0.0226 38
1.3083 0.0619 0.351 12
1.2645 0.0581 0.0221 37
1.223 0.0558 0.0642 45
1.234 0.056 0.1081 42
1.2414 0.0559 0.1526 39
1.2393 0.0554 0.1965 34
1.3873 0.062 -0.1215 9
1.2592 0.0561 0.245 24
1.3149 0.0583 -0.069 24
1.281 0.0566 0.296 19
1.2786 0.0563 -0.0223 38
1.3259 0.0581 0.3556 12
1.2627 0.0536 0.0221 35
1.2332 0.0519 0.0647 44
1.2342 0.0517 0.1081 38
1.2396 0.0515 0.1523 38
1.2395 0.0511 0.1965 34
1.3915 0.0573 -0.1218 9
1.2672 0.052 0.2465 22
1.3211 0.054 -0.0693 21
1.2909 0.0525 0.2983 19
1.2848 0.0521 -0.0224 36
1.3126 0.0529 0.352 10
1.2648 0.0493 0.0221 35
1.2334 0.0476 0.0647 44
1.2224 0.047 0.107 38
1.2438 0.0473 0.1528 35
1.2495 0.0471 0.198 31
1.3917 0.0525 -0.1218 9
1.2595 0.0473 0.245 23
1.3292 0.0497 -0.0697 21
1.2872 0.0479 0.2974 18
1.2929 0.0479 -0.0226 36
1.3128 0.0484 0.352 10
1.261 0.0447 0.022 35
1.2415 0.0436 0.0651 42
1.2385 0.0432 0.1084 35
1.232 0.0426 0.1514 37
1.2457 0.0426 0.1974 28
1.4098 0.048 -0.1234 7
1.2675 0.0432 0.2465 22
1.3154 0.0446 -0.069 21
1.2991 0.0438 0.3001 18
1.3031 0.0437 -0.0228 36
1.3264 0.0442 0.3556 9
1.2672 0.0405 0.0221 35
1.2297 0.0389 0.0645 44
1.2446 0.0389 0.1089 35
1.2401 0.0385 0.1523 37
1.2577 0.0386 0.1993 28
1.41 0.0431 -0.1234 7
1.2696 0.0386 0.2469 22
1.3236 0.04 -0.0694 19
1.2914 0.0388 0.2983 18
1.2932 0.0388 -0.0226 36
1.3401 0.04 0.3592 9
1.2753 0.0361 0.0223 33
1.2298 0.0346 0.0645 41
1.2428 0.0345 0.1088 36
1.2402 0.034 0.1523 35
1.2421 0.0338 0.1968 31
1.422 0.0385 -0.1245 6
1.2855 0.0346 0.25 21
1.3277 0.0355 -0.0696 19
1.2935 0.0343 0.2987 16
1.3013 0.0345 -0.0227 36
1.348 0.0355 0.3613 9
1.2754 0.0318 0.0223 32
1.2419 0.0306 0.0651 38
1.2409 0.0301 0.1086 32
1.2483 0.0301 0.1533 35
1.2402 0.0294 0.1965 27
1.3983 0.033 -0.1224 5
1.2856 0.0303 0.25 21
1.3358 0.0312 -0.07 19
1.2917 0.03 0.2983 15
1.2955 0.0299 -0.0226 33
1.3423 0.0307 0.3598 9
1.2715 0.0273 0.0222 32
1.25 0.0264 0.0655 35
1.237 0.0259 0.1082 33
1.2503 0.0258 0.1536 31
1.2521 0.0254 0.1984 27
1.4083 0.0283 -0.1232 3
1.2739 0.0256 0.2477 21
1.3479 0.0268 -0.0707 21
1.2957 0.0256 0.2992 15
1.3056 0.0255 -0.0228 36
1.3424 0.026 0.3598 8
1.2736 0.0229 0.0222 31
1.2541 0.0221 0.0657 35
1.253 0.0217 0.1096 33
1.2504 0.0214 0.1536 31
1.2581 0.0211 0.1993 28
1.4084 0.0234 -0.1232 3
1.2759 0.0209 0.2481 21
1.332 0.0216 -0.0698 18
1.3094 0.021 0.3023 15
1.3096 0.021 -0.0229 36
1.3541 0.0215 0.3629 8
1.2817 0.0183 0.0224 30
1.2522 0.0177 0.0656 30
1.2591 0.0174 0.1102 32
1.2485 0.0168 0.1533 27
1.2602 0.0167 0.1996 28
1.4324 0.0188 -0.1253 3
1.2819 0.0166 0.2492 21
1.344 0.0171 -0.0704 18
1.3017 0.0166 0.3005 15
1.3037 0.0164 -0.0228 33
1.3696 0.017 0.367 6
1.2897 0.0142 0.0225 30
1.2502 0.0135 0.0655 32
1.2591 0.0132 0.1102 31
1.2565 0.0127 0.1543 27
1.2602 0.0125 0.1996 27
1.4404 0.0141 -0.126 1
1.2918 0.0124 0.2511 20
1.3521 0.0127 -0.0709 18
1.3075 0.0123 0.3019 15
1.3037 0.0121 -0.0228 33
1.3696 0.0124 0.367 4
1.2898 0.0099 0.0225 28
1.2622 0.0093 0.0662 28
1.2552 0.009 0.1098 30
1.2605 0.0086 0.1548 26
1.2563 0.0081 0.199 28
1.4464 0.0093 -0.1266 1
1.3036 0.0082 0.2534 20
1.3541 0.0083 -0.071 16
1.3154 0.0078 0.3037 14
1.3098 0.0075 -0.0229 33
1.3697 0.0076 0.367 3
1.2778 0.0054 0.0223 28
1.2603 0.0048 0.066 26
1.2512 0.0046 0.1095 28
1.2645 0.0042 0.1553 28
1.2642 0.0038 0.2002 27
1.2918 0.0036 0.2511 20
1.3581 0.0036 -0.0712 15
1.3212 0.0032 0.305 13
1.3138 0.003 -0.0229 31
1.2838 0.0009 0.0224 27
1.2623 0.0004 0.0662 27
1.2692 0.0002 0.111 27
1.2645 -0.0002 0.1553 27
1.2682 -0.0007 0.2009 27
1.2977 -0.0009 0.2522 20
1.3621 -0.0012 -0.0714 15
1.3349 -0.0014 0.3082 13
1.3238 -0.0016 -0.0231 31
1.2958 -0.0036 0.0226 26
1.2643 -0.004 0.0663 26
1.2731 -0.0042 0.1114 27
1.2665 -0.0046 0.1555 26
1.2741 -0.0051 0.2018 25
1.3016 -0.0055 0.253 19
1.3661 -0.006 -0.0716 13
1.3193 -0.006 0.3046 12
1.3358 -0.0063 -0.0233 27
1.3018 -0.0082 0.0227 23
1.2662 -0.0084 0.0664 25
1.2751 -0.0087 0.1116 27
1.2744 -0.0091 0.1565 23
1.278 -0.0096 0.2024 25
1.3134 -0.0101 0.2553 19
1.3841 -0.0109 -0.0725 12
1.3348 -0.0107 0.3082 12
1.3318 -0.0109 -0.0232 29
1.3017 -0.0127 0.0227 23
1.2702 -0.0129 0.0666 25
1.2671 -0.013 0.1109 26
1.2823 -0.0137 0.1575 24
1.276 -0.014 0.2021 25
1.3153 -0.0147 0.2557 19
1.398 -0.0159 -0.0733 12
1.3406 -0.0154 0.3095 9
1.3277 -0.0155 -0.0232 29
1.3017 -0.0173 0.0227 23
1.2801 -0.0174 0.0671 23
1.279 -0.0176 0.1119 28
1.2783 -0.0181 0.157 24
1.2858 -0.0186 0.2037 25
1.3152 -0.0193 0.2557 18
1.3939 -0.0207 -0.0731 10
1.3464 -0.0202 0.3109 10
1.3356 -0.0203 -0.0233 27
1.3096 -0.0219 0.0229 22
1.2801 -0.0219 0.0671 22
1.2829 -0.0224 0.1123 26
1.2782 -0.0225 0.157 24
1.2956 -0.0233 0.2052 25
1.3132 -0.0241 0.2553 15
1.3839 -0.0256 -0.0725 9
1.3483 -0.0252 0.3113 9
1.3456 -0.0251 -0.0235 23
1.3115 -0.0268 0.0229 21
1.272 -0.0262 0.0667 22
1.2888 -0.027 0.1128 23
1.286 -0.0274 0.1579 23
1.3054 -0.028 0.2068 25
1.321 -0.0288 0.2568 15
1.3957 -0.0307 -0.0732 7
1.3618 -0.0302 0.3145 9
1.3535 -0.03 -0.0236 23
1.3154 -0.0312 0.023 20
1.2819 -0.0309 0.0672 22
1.2967 -0.0317 0.1135 22
1.2919 -0.0318 0.1587 22
1.2915 -0.0322 0.2046 25
1.3248 -0.0333 0.2576 15
1.4176 -0.0359 -0.0743 6
1.3539 -0.0345 0.3127 7
1.3533 -0.0347 -0.0236 19
1.3233 -0.036 0.0231 20
1.2877 -0.0355 0.0675 21
1.2886 -0.0358 0.1128 22
1.2938 -0.0364 0.1589 23
1.3072 -0.0372 0.2071 24
1.3325 -0.0382 0.2591 14
1.4294 -0.0412 -0.0749 5
1.3713 -0.0397 0.3167 6
1.3572 -0.0396 -0.0237 19
1.3192 -0.0405 0.023 20
1.2996 -0.0404 0.0681 20
1.2924 -0.0404 0.1131 22
1.2956 -0.0409 0.1592 23
1.3051 -0.0417 0.2068 22
1.3324 -0.0428 0.2591 14
1.3887 -0.0451 0.3208 4
1.3711 -0.0448 -0.0239 19
1.325 -0.0453 0.0231 18
1.3074 -0.0452 0.0686 20
1.3082 -0.0455 0.1145 22
1.2875 -0.0452 0.1582 22
1.3128 -0.0465 0.2081 22
1.3381 -0.0477 0.2603 13
1.4411 -0.0516 -0.0756 2
1.3983 -0.0503 0.323 4
1.3709 -0.0495 -0.0239 19
1.3368 -0.0504 0.0234 16
1.2933 -0.0492 0.0678 20
1.32 -0.0505 0.1156 22
1.2933 -0.0499 0.1589 22
1.3166 -0.0513 0.2087 19
1.3497 -0.0528 0.2626 12
1.3942 -0.055 0.3221 2
1.3927 -0.0552 -0.0243 14
1.3327 -0.0549 0.0233 15
1.2971 -0.0537 0.068 18
1.3178 -0.055 0.1154 21
1.307 -0.055 0.1606 22
1.3203 -0.0558 0.2093 20
1.3554 -0.0578 0.2637 10
1.3745 -0.0591 -0.024 14
1.3564 -0.0604 0.0237 14
1.3129 -0.0589 0.0689 18
1.3116 -0.0593 0.1149 21
1.3167 -0.0598 0.1618 22
1.3182 -0.0603 0.209 17
1.365 -0.0627 0.2656 9
1.3903 -0.0646 -0.0243 17
1.3522 -0.065 0.0236 14
1.3167 -0.0637 0.0691 18
1.3234 -0.0643 0.1159 20
1.3264 -0.0649 0.1631 20
1.3377 -0.0659 0.2121 17
1.3726 -0.0679 0.2671 9
1.398 -0.0698 -0.0244 12
1.348 -0.0695 0.0236 13
1.3204 -0.0685 0.0693 20
1.3212 -0.0688 0.1157 18
1.3222 -0.0693 0.1626 19
1.3552 -0.0715 0.2149 16
1.3782 -0.073 0.2683 7
1.4317 -0.0765 -0.025 10
1.3657 -0.0752 0.0239 12
1.3261 -0.0734 0.0696 17
1.3428 -0.0746 0.1177 18
1.3299 -0.0744 0.1635 19
1.3628 -0.0767 0.2162 15
1.4015 -0.0791 0.2729 7
1.4375 -0.0819 -0.0251 8
1.3854 -0.0811 0.0242 11
1.3299 -0.0783 0.0698 17
1.3485 -0.0796 0.1182 16
1.3396 -0.0796 0.1648 17
1.3626 -0.0814 0.2162 12
1.413 -0.0847 0.2751 5
1.4332 -0.0867 -0.0251 4
1.3911 -0.0863 0.0243 10
1.3376 -0.0832 0.0702 16
1.3462 -0.0842 0.118 14
1.3512 -0.085 0.1662 17
1.3623 -0.0859 0.2162 12
1.4146 -0.0897 0.2755 3
1.3868 -0.0907 0.0243 7
1.3492 -0.0887 0.0709 15
1.3499 -0.0892 0.1184 15
1.3667 -0.0905 0.1682 16
1.3935 -0.0928 0.2212 12
1.3985 -0.0963 0.0245 6
1.3649 -0.0945 0.0717 13
1.3754 -0.0955 0.1206 13
1.3565 -0.0946 0.167 12
1.3971 -0.0979 0.2218 9
1.4261 -0.1032 0.025 4
1.3685 -0.0995 0.0719 12
1.389 -0.1013 0.1218 12
1.37 -0.1004 0.1687 13
1.4243 -0.1048 0.2262 6
1.4297 -0.1085 0.025 3
1.3761 -0.1049 0.0723 8
1.3906 -0.1063 0.122 10
1.4013 -0.1076 0.1726 11
1.4141 -0.1091 0.2246 5
1.3897 -0.1108 0.0731 7
1.4022 -0.1121 0.1231 9
1.4089 -0.1131 0.1735 7
1.4374 -0.1159 0.2284 2
1.4072 -0.1172 0.074 5
1.4057 -0.1173 0.1234 7
1.4282 -0.1197 0.176 6
1.4247 -0.1236 0.0749 3
1.4311 -0.1245 0.1257 4
1.4397 -0.1257 0.1774 3
1.4346 -0.1298 0.126 2
