1.3755 0.4411 0.1264 2
1.3498 0.4282 0.0742 2
1.3732 0.4351 0.126 4
1.3646 0.4318 0.1757 2
1.3607 0.4267 0.0747 5
1.3537 0.424 0.1241 4
1.3603 0.4255 0.175 5
1.5108 0.4685 0.0276 1
1.3565 0.4202 0.0744 6
1.3342 0.413 0.1222 7
1.3389 0.414 0.1721 7
1.3948 0.4307 0.2312 1
1.3844 0.4238 0.0253 3
1.3446 0.4111 0.0737 10
1.3186 0.4029 0.1206 9
1.3348 0.4073 0.1713 10
1.3718 0.4181 0.2271 4
1.3706 0.4141 0.025 4
1.3365 0.4035 0.0732 11
1.3219 0.3986 0.1208 10
1.321 0.3978 0.1694 12
1.3638 0.4105 0.2256 5
1.3566 0.4049 0.0247 6
1.3111 0.3909 0.0717 12
1.3157 0.3917 0.1201 10
1.3109 0.3901 0.1679 12
1.3425 0.3989 0.2218 6
1.3523 0.3985 0.0246 7
1.3028 0.3837 0.0712 15
1.3093 0.3851 0.1194 12
1.3123 0.3855 0.1679 15
1.3211 0.3878 0.2181 8
1.4977 0.4391 0.3034 1
1.4355 0.4203 -0.0261 1
1.3478 0.3924 0.0245 10
1.3079 0.3805 0.0714 17
1.2991 0.3774 0.1184 16
1.3097 0.38 0.1674 17
1.2996 0.3768 0.2143 11
1.3955 0.4041 0.2824 2
1.4004 0.405 -0.0254 4
1.3242 0.3807 0.024 11
1.2996 0.3732 0.0709 20
1.2889 0.3698 0.1173 16
1.3053 0.374 0.1667 20
1.3161 0.3766 0.2168 12
1.3496 0.386 0.2729 3
1.3883 0.3963 -0.0252 6
1.312 0.3722 0.0238 12
1.2875 0.3648 0.0701 17
1.2864 0.364 0.117 18
1.2741 0.3603 0.1626 19
1.3098 0.3699 0.2156 12
1.3472 0.38 0.2721 4
1.3762 0.3876 -0.025 8
1.3153 0.368 0.0238 13
1.2676 0.3542 0.069 18
1.2857 0.359 0.1168 19
1.2735 0.3551 0.1623 19
1.3112 0.3651 0.2156 16
1.3448 0.3742 0.2713 6
1.3642 0.3788 -0.0247 10
1.3089 0.3613 0.0237 14
1.2612 0.3476 0.0686 18
1.2831 0.3534 0.1164 18
1.2747 0.3506 0.1623 20
1.2934 0.3553 0.2124 16
1.3347 0.3664 0.269 7
1.3443 0.3683 -0.0243 14
1.3024 0.3546 0.0236 14
1.2643 0.3437 0.0687 20
1.269 0.3448 0.115 21
1.274 0.3457 0.1621 22
1.2813 0.3471 0.2102 17
1.3284 0.3597 0.2675 10
1.3436 0.363 -0.0243 17
1.2901 0.3464 0.0233 15
1.2578 0.3373 0.0682 20
1.2644 0.3388 0.1145 21
1.2656 0.3387 0.1609 20
1.2786 0.3417 0.2096 17
1.3107 0.35 0.2637 10
1.4405 0.3841 0.3442 1
1.3449 0.3583 -0.0243 19
1.2932 0.3426 0.0234 16
1.2628 0.3341 0.0685 20
1.2674 0.3351 0.1147 22
1.2495 0.3299 0.1587 22
1.2817 0.3379 0.2099 20
1.3005 0.3426 0.2614 9
1.408 0.3707 -0.0763 1
1.3513 0.3555 0.3226 2
1.3402 0.3524 -0.0242 19
1.2944 0.3381 0.0234 16
1.2485 0.3257 0.0676 21
1.2686 0.3307 0.1147 22
1.2525 0.326 0.1589 22
1.2714 0.3305 0.2081 24
1.2959 0.3366 0.2603 11
1.4016 0.3638 -0.0759 4
1.3487 0.3498 0.3217 4
1.3337 0.3457 -0.024 21
1.2878 0.3316 0.0232 20
1.2418 0.3195 0.0672 21
1.262 0.3243 0.114 22
1.2498 0.3207 0.1584 22
1.2572 0.3223 0.2056 22
1.2895 0.3301 0.2587 11
1.3893 0.3554 -0.0752 4
1.3348 0.3412 0.3181 5
1.3155 0.3363 -0.0237 21
1.2869 0.3268 0.0232 20
1.2429 0.3152 0.0672 21
1.2477 0.3159 0.1126 22
1.249 0.316 0.1582 22
1.2583 0.3179 0.2056 22
1.2887 0.3254 0.2584 13
1.3827 0.3489 -0.0747 6
1.3284 0.3349 0.3163 7
1.3167 0.3317 -0.0237 23
1.2803 0.3204 0.023 20
1.2517 0.3128 0.0676 22
1.241 0.3099 0.1119 23
1.252 0.3122 0.1584 22
1.2555 0.3126 0.2049 22
1.2746 0.3171 0.2553 14
1.3684 0.3402 -0.0739 7
1.3315 0.3307 0.3167 7
1.312 0.3257 -0.0236 23
1.2775 0.315 0.023 20
1.2489 0.3075 0.0674 22
1.246 0.3065 0.1123 22
1.2338 0.303 0.156 23
1.2547 0.3077 0.2046 24
1.2719 0.3117 0.2545 15
1.356 0.3321 -0.0732 9
1.3193 0.3228 0.3136 9
1.3073 0.3196 -0.0235 25
1.2728 0.3091 0.0229 21
1.2403 0.3007 0.0669 21
1.2509 0.3031 0.1126 23
1.2271 0.2969 0.155 22
1.2558 0.3033 0.2046 25
1.2806 0.3091 0.2561 15
1.3436 0.3241 -0.0724 12
1.2977 0.3128 0.3082 9
1.3084 0.3151 -0.0235 25
1.27 0.3037 0.0228 21
1.2355 0.295 0.0666 22
1.2481 0.2978 0.1123 25
1.2301 0.293 0.1553 23
1.2491 0.2971 0.2034 24
1.2702 0.3019 0.2538 16
1.3486 0.3203 -0.0726 12
1.3007 0.3087 0.3086 9
1.292 0.3064 -0.0232 29
1.2691 0.2988 0.0228 22
1.2384 0.2914 0.0667 23
1.2413 0.2916 0.1116 25
1.235 0.2897 0.1557 23
1.2424 0.2912 0.2021 25
1.2693 0.297 0.2534 16
1.3439 0.3142 -0.0723 12
1.2923 0.3019 0.3064 10
1.2949 0.3025 -0.0232 31
1.2603 0.2924 0.0226 21
1.2433 0.288 0.0669 23
1.2229 0.2828 0.1098 23
1.2378 0.286 0.156 23
1.2377 0.2855 0.2012 25
1.2588 0.2902 0.2511 16
1.341 0.3089 -0.0721 12
1.2952 0.2981 0.3068 11
1.296 0.298 -0.0232 31
1.2575 0.2871 0.0225 21
1.2365 0.2818 0.0665 26
1.2414 0.2827 0.1114 26
1.2234 0.2782 0.154 23
1.2406 0.2816 0.2015 25
1.2579 0.2853 0.2507 18
1.3284 0.3011 -0.0714 15
1.2848 0.291 0.3041 11
1.2912 0.2922 -0.0231 29
1.3944 0.3153 0.3831 1
1.2584 0.2827 0.0225 21
1.2317 0.2762 0.0662 25
1.2404 0.2779 0.1112 25
1.2108 0.2709 0.1523 23
1.2396 0.2769 0.2012 25
1.2589 0.2809 0.2507 18
1.3295 0.2964 -0.0714 15
1.2839 0.286 0.3037 13
1.2902 0.2872 -0.0231 31
1.3691 0.3045 0.3758 1
1.2614 0.2787 0.0225 22
1.2228 0.27 0.0656 26
1.2375 0.2728 0.1109 27
1.2156 0.2675 0.1528 23
1.2328 0.2711 0.1999 25
1.4225 0.3125 -0.1274 1
1.2503 0.2744 0.2488 19
1.3344 0.2927 -0.0716 16
1.2773 0.2799 0.3019 13
1.2873 0.2821 -0.023 33
1.3455 0.2946 0.3691 2
1.2525 0.2724 0.0224 23
1.2277 0.2666 0.0658 26
1.2267 0.2659 0.1098 27
1.2203 0.2643 0.1533 23
1.2299 0.2659 0.1993 25
1.3905 0.3004 -0.1245 2
1.2512 0.2703 0.2488 19
1.3217 0.2853 -0.0709 16
1.2782 0.2757 0.3019 14
1.2785 0.2755 -0.0228 31
1.339 0.2883 0.367 3
1.2535 0.268 0.0224 25
1.2345 0.2635 0.0662 27
1.2237 0.261 0.1095 27
1.2368 0.2633 0.1553 24
1.2347 0.2624 0.1999 25
1.3993 0.2972 -0.1252 3
1.2425 0.2639 0.2469 20
1.3266 0.2815 -0.0711 16
1.283 0.272 0.3028 13
1.2853 0.2723 -0.0229 33
1.3381 0.2832 0.3665 4
1.2505 0.2628 0.0223 25
1.2373 0.2596 0.0663 30
1.2324 0.2581 0.1102 27
1.2221 0.2558 0.1533 26
1.2279 0.2565 0.1987 27
1.3906 0.2903 -0.1243 3
1.2435 0.2593 0.2469 20
1.3198 0.275 -0.0707 18
1.2744 0.2653 0.3005 14
1.2803 0.2665 -0.0228 31
1.324 0.2754 0.3623 5
1.2573 0.2595 0.0224 26
1.2246 0.2523 0.0655 28
1.2372 0.2546 0.1105 31
1.2153 0.2497 0.1523 26
1.2365 0.2536 0.1999 27
1.4092 0.289 -0.1259 5
1.2521 0.2566 0.2484 20
1.309 0.268 -0.07 18
1.2639 0.2585 0.2978 14
1.2852 0.2627 -0.0229 31
1.3231 0.2701 0.3618 6
1.2445 0.2523 0.0222 26
1.2176 0.2464 0.0651 31
1.2245 0.2476 0.1093 32
1.2239 0.247 0.1533 31
1.2239 0.2465 0.1977 28
1.4024 0.2825 -0.1252 5
1.2568 0.253 0.2492 20
1.3119 0.2638 -0.0701 19
1.2705 0.2553 0.2992 15
1.2783 0.2566 -0.0228 31
1.3183 0.2644 0.3603 6
1.2571 0.2503 0.0224 28
1.2243 0.2435 0.0654 34
1.2136 0.241 0.1082 30
1.2267 0.2431 0.1536 28
1.2169 0.241 0.1965 27
1.3721 0.2714 -0.1224 5
1.2538 0.2478 0.2484 21
1.3128 0.2592 -0.0701 21
1.2695 0.2507 0.2987 15
1.2752 0.2516 -0.0227 38
1.3116 0.2585 0.3582 7
1.2442 0.2434 0.0221 32
1.2212 0.2387 0.0652 34
1.2144 0.2369 0.1082 32
1.2314 0.2398 0.154 27
1.2255 0.2384 0.1977 27
1.369 0.2661 -0.122 6
1.2469 0.2422 0.2469 20
1.3097 0.2541 -0.0699 21
1.2684 0.2461 0.2983 15
1.2721 0.2466 -0.0226 36
1.2992 0.2516 0.3546 8
1.2431 0.2389 0.0221 31
1.224 0.2348 0.0653 35
1.223 0.2344 0.1089 32
1.2147 0.2324 0.1518 31
1.2263 0.2341 0.1977 28
1.3739 0.2621 -0.1224 6
1.2381 0.2362 0.245 21
1.3047 0.2486 -0.0696 21
1.2692 0.2417 0.2983 15
1.271 0.2418 -0.0226 36
1.2906 0.2453 0.352 8
1.2458 0.235 0.0221 32
1.213 0.2283 0.0647 35
1.2238 0.2299 0.1089 30
1.2077 0.2267 0.1509 34
1.229 0.2302 0.198 28
1.3689 0.2562 -0.1218 8
1.2467 0.2331 0.2465 21
1.2958 0.242 -0.0691 21
1.2586 0.2349 0.2956 16
1.2777 0.2384 -0.0227 36
1.3028 0.2429 0.3551 9
1.2428 0.2297 0.0221 32
1.2119 0.2235 0.0646 39
1.2246 0.2256 0.1089 32
1.2163 0.2237 0.1518 35
1.2163 0.2232 0.1959 28
1.3836 0.2537 -0.1231 8
1.2436 0.228 0.2458 21
1.2966 0.2375 -0.0691 21
1.2517 0.2291 0.2938 16
1.2609 0.2305 -0.0224 36
1.298 0.2371 0.3535 9
1.2475 0.226 0.0221 33
1.2126 0.2193 0.0646 38
1.2156 0.2194 0.1081 36
1.219 0.2198 0.1521 35
1.2112 0.2179 0.1949 30
1.3648 0.2453 -0.1213 8
1.2444 0.2235 0.2458 21
1.3093 0.2349 -0.0697 21
1.2545 0.2248 0.2942 16
1.2578 0.2254 -0.0223 36
1.2874 0.2305 0.3504 10
1.2325 0.2191 0.0219 35
1.2134 0.2153 0.0646 39
1.2085 0.2142 0.1074 38
1.2119 0.2144 0.1511 37
1.2178 0.2149 0.1959 31
1.3656 0.2408 -0.1213 9
1.2316 0.2172 0.2431 22
1.3021 0.2294 -0.0693 22
1.2552 0.2209 0.2942 16
1.2605 0.2216 -0.0223 38
1.2824 0.2252 0.3489 10
1.2372 0.2155 0.0219 35
1.2141 0.211 0.0646 39
1.221 0.2118 0.1084 36
1.2049 0.2088 0.1501 38
1.2224 0.2114 0.1965 31
1.3586 0.2347 -0.1206 9
1.2343 0.213 0.2435 21
1.2912 0.2226 -0.0687 22
1.2656 0.2179 0.2965 18
1.2711 0.2189 -0.0225 38
1.2794 0.2201 0.3479 10
1.236 0.2106 0.0219 37
1.2011 0.2042 0.0638 42
1.2218 0.2075 0.1084 41
1.2056 0.2043 0.1501 35
1.2212 0.2066 0.1962 28
1.3692 0.2316 -0.1215 11
1.2409 0.2097 0.2446 23
1.288 0.2174 -0.0685 22
1.2567 0.2119 0.2942 19
1.264 0.2129 -0.0224 36
1.2878 0.2167 0.3499 11
1.2446 0.2076 0.022 36
1.1959 0.1991 0.0635 44
1.2146 0.202 0.1077 40
1.2102 0.2008 0.1506 37
1.2063 0.1997 0.1937 31
1.3642 0.2258 -0.121 11
1.2396 0.205 0.2442 22
1.2966 0.2142 -0.0689 22
1.2555 0.2072 0.2938 20
1.2608 0.2078 -0.0223 38
1.2943 0.2131 0.3515 11
1.2374 0.202 0.0219 36
1.2064 0.1965 0.0641 44
1.2075 0.1964 0.107 38
1.207 0.1959 0.1501 38
1.209 0.1958 0.194 31
1.3492 0.2185 -0.1196 11
1.2423 0.201 0.2446 23
1.2993 0.21 -0.069 24
1.262 0.2037 0.2951 19
1.2516 0.2018 -0.0221 38
1.2817 0.2064 0.3479 11
1.2302 0.1964 0.0217 40
1.217 0.1938 0.0646 48
1.2042 0.1916 0.1067 38
1.2077 0.1917 0.1501 39
1.2116 0.1919 0.1943 31
1.346 0.2132 -0.1192 11
1.2275 0.1942 0.2416 24
1.2961 0.2048 -0.0688 24
1.2589 0.1987 0.2942 19
1.2642 0.1993 -0.0223 40
1.2709 0.2002 0.3447 11
1.2309 0.1921 0.0217 38
1.2058 0.188 0.064 48
1.2088 0.188 0.107 43
1.2025 0.1866 0.1494 41
1.2122 0.1879 0.1943 31
1.3586 0.2103 -0.1203 11
1.2281 0.1899 0.2416 23
1.2771 0.1972 -0.0677 22
1.2596 0.1943 0.2942 19
1.2648 0.1951 -0.0223 40
1.2812 0.1974 0.3473 12
1.2355 0.1886 0.0218 38
1.2025 0.1831 0.0637 48
1.2075 0.1835 0.1069 45
1.1952 0.1814 0.1484 45
1.2109 0.1834 0.194 34
1.3554 0.205 -0.1199 12
1.2326 0.1864 0.2423 25
1.2856 0.1942 -0.0681 24
1.2429 0.1875 0.2902 20
1.2714 0.1916 -0.0224 40
1.2837 0.1932 0.3479 13
1.2401 0.1849 0.0219 40
1.205 0.1794 0.0638 49
1.214 0.1803 0.1074 47
1.2057 0.1787 0.1497 48
1.2115 0.1793 0.194 42
1.356 0.2005 -0.1199 12
1.2314 0.1818 0.2419 27
1.2863 0.1897 -0.0681 25
1.2512 0.1843 0.292 20
1.2562 0.1851 -0.0222 40
1.2786 0.1881 0.3463 13
1.2328 0.1796 0.0217 41
1.2017 0.1747 0.0636 53
1.2067 0.175 0.1067 51
1.2102 0.1753 0.1501 46
1.2102 0.1748 0.1937 43
1.3409 0.1935 -0.1185 11
1.2397 0.1789 0.2435 28
1.283 0.1849 -0.0679 24
1.2518 0.1802 0.292 20
1.2529 0.1801 -0.0221 42
1.2678 0.182 0.3432 13
1.2255 0.1742 0.0216 41
1.2063 0.171 0.0638 53
1.2034 0.1704 0.1063 53
1.2147 0.1716 0.1506 48
1.2186 0.1717 0.1949 43
1.3435 0.1893 -0.1187 11
1.2248 0.1724 0.2404 28
1.2935 0.1818 -0.0685 22
1.2582 0.1766 0.2933 21
1.2595 0.1766 -0.0222 40
1.2665 0.1773 0.3427 13
1.2241 0.1696 0.0216 41
1.2167 0.1682 0.0644 56
1.2138 0.1676 0.1072 55
1.1996 0.1652 0.1487 49
1.227 0.1685 0.1962 42
1.3541 0.186 -0.1196 12
1.2254 0.1681 0.2404 29
1.2763 0.1748 -0.0675 24
1.2608 0.1725 0.2938 20
1.27 0.1735 -0.0224 40
1.2729 0.1737 0.3442 14
1.2326 0.1664 0.0217 41
1.2015 0.162 0.0635 56
1.2124 0.1631 0.107 63
1.1982 0.1607 0.1484 52
1.2237 0.1639 0.1955 43
1.3626 0.1823 -0.1203 12
1.2357 0.1651 0.2423 25
1.2809 0.1709 -0.0677 25
1.2343 0.1645 0.2875 21
1.2626 0.1682 -0.0222 40
1.2773 0.17 0.3453 14
1.2292 0.1618 0.0216 40
1.206 0.1583 0.0637 61
1.213 0.1588 0.107 71
1.2046 0.1575 0.1492 55
1.2125 0.1581 0.1937 43
1.3514 0.176 -0.1192 12
1.2265 0.1597 0.2404 29
1.2854 0.1672 -0.0679 25
1.2503 0.1624 0.2911 20
1.2573 0.1631 -0.0221 42
1.2779 0.1655 0.3453 14
1.2337 0.158 0.0217 42
1.2145 0.1551 0.0642 66
1.2095 0.1543 0.1067 80
1.2032 0.1531 0.1489 52
1.213 0.1539 0.1937 45
1.3401 0.1698 -0.1182 12
1.2309 0.1559 0.2412 31
1.286 0.1627 -0.0679 24
1.2451 0.1573 0.2897 21
1.2578 0.1587 -0.0221 42
1.2669 0.1596 0.3422 13
1.2224 0.1523 0.0215 41
1.2189 0.1514 0.0644 66
1.2061 0.1494 0.1063 82
1.2136 0.1501 0.1501 59
1.2136 0.1497 0.1937 45
1.3466 0.1658 -0.1187 12
1.2218 0.1502 0.2393 34
1.2965 0.1592 -0.0685 25
1.2476 0.153 0.2902 21
1.2683 0.1555 -0.0223 45
1.2675 0.1552 0.3422 13
1.2229 0.1478 0.0215 41
1.2056 0.1455 0.0636 66
1.2106 0.1456 0.1067 82
1.2003 0.144 0.1484 61
1.22 0.1461 0.1946 46
1.3452 0.1609 -0.1185 13
1.2203 0.1457 0.2389 30
1.2792 0.1525 -0.0675 25
1.2539 0.1493 0.2915 21
1.2629 0.1504 -0.0222 42
1.2719 0.1512 0.3432 14
1.2313 0.1447 0.0216 43
1.1962 0.1401 0.0631 68
1.2151 0.1419 0.107 100
1.2067 0.1407 0.1492 66
1.2224 0.1421 0.1949 43
1.3577 0.1576 -0.1196 12
1.2286 0.1426 0.2404 28
1.2757 0.1478 -0.0673 25
1.2409 0.1436 0.2884 21
1.2713 0.1469 -0.0223 42
1.2724 0.1468 0.3432 14
1.2358 0.1408 0.0217 42
1.1986 0.1361 0.0632 71
1.2195 0.1383 0.1074 100
1.2052 0.1363 0.1489 68
1.221 0.1376 0.1946 46
1.3582 0.1528 -0.1196 12
1.233 0.1387 0.2412 30
1.2881 0.1447 -0.0679 24
1.2491 0.1401 0.2902 20
1.254 0.1404 -0.022 47
1.2729 0.1423 0.3432 15
1.2403 0.1369 0.0218 42
1.2051 0.1326 0.0635 74
1.2081 0.1325 0.1063 100
1.2096 0.1325 0.1494 68
1.2175 0.1329 0.194 46
1.3369 0.1457 -0.1177 13
1.2335 0.1342 0.2412 31
1.2886 0.14 -0.0679 25
1.2574 0.1364 0.292 20
1.2604 0.1367 -0.0221 42
1.2657 0.1371 0.3411 14
1.2288 0.1311 0.0216 43
1.2154 0.1295 0.0641 70
1.2006 0.1275 0.1056 100
1.2141 0.1285 0.1499 72
1.2219 0.1291 0.1946 46
1.3493 0.1423 -0.1187 13
1.2222 0.1287 0.2389 30
1.2931 0.1359 -0.0681 25
1.254 0.1316 0.2911 20
1.2649 0.1327 -0.0222 42
1.2623 0.1322 0.3401 14
1.2253 0.1266 0.0215 42
1.2159 0.1252 0.0641 78
1.211 0.1243 0.1065 100
1.2026 0.1232 0.1484 74
1.2243 0.125 0.1949 43
1.3498 0.1376 -0.1187 13
1.2305 0.1254 0.2404 29
1.2816 0.1304 -0.0675 25
1.2563 0.1276 0.2915 21
1.2733 0.1291 -0.0223 42
1.2705 0.1286 0.3422 15
1.2377 0.1235 0.0217 45
1.1984 0.1194 0.0631 74
1.2173 0.1209 0.107 100
1.2109 0.1198 0.1494 68
1.2247 0.1209 0.1949 45
1.3582 0.1339 -0.1194 13
1.2368 0.1217 0.2416 29
1.2821 0.1259 -0.0675 25
1.2432 0.1219 0.2884 21
1.2717 0.1247 -0.0223 40
1.2709 0.1244 0.3422 14
1.2381 0.1194 0.0217 42
1.2048 0.1158 0.0634 78
1.2217 0.117 0.1074 100
1.2153 0.1162 0.1499 71
1.2173 0.1159 0.1937 45
1.3527 0.1286 -0.1189 12
1.2372 0.1176 0.2416 30
1.2904 0.1224 -0.0679 24
1.2494 0.1183 0.2897 21
1.2622 0.1193 -0.0221 42
1.279 0.1207 0.3442 14
1.2385 0.1149 0.0217 42
1.2112 0.1121 0.0637 72
1.2023 0.1109 0.1056 100
1.2177 0.1119 0.1501 64
1.2196 0.1119 0.194 46
1.3472 0.1233 -0.1184 13
1.2454 0.1138 0.2431 30
1.2968 0.1182 -0.0682 25
1.2576 0.1144 0.2915 21
1.2626 0.1149 -0.0221 42
1.264 0.1148 0.3401 14
1.2269 0.1097 0.0215 43
1.2076 0.1076 0.0635 74
1.2205 0.1083 0.1072 90
1.222 0.1082 0.1506 63
1.222 0.1078 0.1943 43
1.3516 0.119 -0.1187 13
1.2301 0.1083 0.24 30
1.3012 0.1143 -0.0685 25
1.2599 0.1104 0.292 21
1.2729 0.1114 -0.0223 40
1.2625 0.1102 0.3396 15
1.2313 0.1058 0.0216 43
1.2079 0.1033 0.0635 68
1.2149 0.1037 0.1067 85
1.2046 0.1024 0.1484 60
1.2263 0.1038 0.1949 43
1.3559 0.1148 -0.1191 13
1.2344 0.1043 0.2408 29
1.2877 0.1086 -0.0677 25
1.268 0.1067 0.2938 21
1.2614 0.1059 -0.0221 40
1.2763 0.107 0.3432 14
1.2396 0.1021 0.0217 42
1.2023 0.0986 0.0632 71
1.2192 0.0998 0.107 77
1.2089 0.0985 0.1489 57
1.2306 0.0999 0.1955 43
1.3544 0.1099 -0.1189 12
1.2426 0.1006 0.2423 30
1.288 0.1041 -0.0677 22
1.249 0.1007 0.2893 21
1.2797 0.103 -0.0224 38
1.2844 0.1031 0.3453 15
1.2439 0.0981 0.0218 42
1.1986 0.0943 0.063 63
1.2255 0.096 0.1076 70
1.2152 0.0948 0.1497 53
1.2309 0.0958 0.1955 42
1.3508 0.1049 -0.1185 12
1.2429 0.0963 0.2423 29
1.2963 0.1002 -0.0681 24
1.259 0.0971 0.2915 21
1.2621 0.0973 -0.0221 42
1.2809 0.0986 0.3442 14
1.2443 0.094 0.0218 42
1.2109 0.091 0.0636 53
1.2199 0.0913 0.107 63
1.2155 0.0908 0.1497 50
1.2233 0.0909 0.1943 42
1.3531 0.1003 -0.1187 12
1.2433 0.0922 0.2423 27
1.3007 0.0962 -0.0684 22
1.2574 0.0928 0.2911 20
1.2644 0.0931 -0.0221 40
1.2735 0.0935 0.3422 14
1.2366 0.0891 0.0216 42
1.2252 0.0878 0.0644 61
1.2222 0.0874 0.1072 55
1.2237 0.0871 0.1506 48
1.2276 0.0869 0.1949 42
1.3514 0.0957 -0.1185 13
1.2318 0.087 0.24 28
1.303 0.0918 -0.0685 22
1.2694 0.0892 0.2938 20
1.2607 0.0884 -0.0221 40
1.2777 0.0893 0.3432 14
1.2369 0.0848 0.0216 41
1.2255 0.0835 0.0644 56
1.2245 0.0833 0.1074 51
1.2121 0.082 0.1492 48
1.2358 0.0832 0.1962 42
1.3697 0.0922 -0.1201 12
1.2399 0.0832 0.2416 27
1.2953 0.0867 -0.068 22
1.2697 0.0848 0.2938 21
1.273 0.0848 -0.0223 38
1.2934 0.0859 0.3473 13
1.2452 0.081 0.0218 38
1.2158 0.0786 0.0638 52
1.2248 0.079 0.1074 50
1.2243 0.0785 0.1506 45
1.238 0.079 0.1965 40
1.372 0.0873 -0.1203 11
1.2461 0.0793 0.2427 24
1.2996 0.0824 -0.0682 21
1.2583 0.0796 0.2911 20
1.2773 0.0806 -0.0223 40
1.2976 0.0816 0.3484 13
1.2475 0.0767 0.0218 38
1.2081 0.0739 0.0634 52
1.231 0.0749 0.1079 45
1.2245 0.0743 0.1506 45
1.2225 0.0737 0.194 37
1.3743 0.0826 -0.1204 11
1.2503 0.0749 0.2435 25
1.3039 0.0779 -0.0685 22
1.2644 0.0753 0.2924 20
1.2676 0.0755 -0.0222 40
1.294 0.0769 0.3473 13
1.2557 0.0726 0.022 38
1.2163 0.0701 0.0638 49
1.2273 0.0703 0.1076 45
1.2248 0.0698 0.1506 45
1.2267 0.0697 0.1946 39
1.3626 0.0771 -0.1194 11
1.2506 0.0706 0.2435 24
1.3061 0.0735 -0.0686 24
1.2666 0.0713 0.2929 20
1.2698 0.0712 -0.0222 38
1.2885 0.072 0.3458 12
1.244 0.0678 0.0217 37
1.2225 0.0664 0.0642 48
1.2275 0.0663 0.1076 45
1.227 0.0658 0.1509 44
1.2388 0.0662 0.1965 42
1.3708 0.073 -0.1201 11
1.2508 0.0664 0.2435 24
1.3084 0.0693 -0.0687 22
1.2766 0.0676 0.2951 20
1.272 0.0671 -0.0222 38
1.2964 0.0682 0.3479 13
1.2442 0.0637 0.0217 38
1.2267 0.0624 0.0644 48
1.2337 0.0625 0.1081 42
1.2233 0.0615 0.1504 42
1.2469 0.0623 0.1977 37
1.373 0.0686 -0.1203 9
1.2471 0.0621 0.2427 24
1.3006 0.0645 -0.0682 22
1.2846 0.0635 0.2969 19
1.2803 0.0631 -0.0224 38
1.2966 0.0636 0.3479 13
1.2564 0.0599 0.022 36
1.211 0.0573 0.0635 46
1.2319 0.0581 0.1079 43
1.2334 0.0577 0.1516 44
1.251 0.0581 0.1984 36
1.3872 0.0644 -0.1215 9
1.2551 0.0581 0.2442 24
1.3008 0.06 -0.0682 22
1.277 0.0587 0.2951 19
1.2905 0.0591 -0.0225 36
1.3007 0.0593 0.3489 12
1.2646 0.0559 0.0221 35
1.2172 0.0534 0.0638 44
1.2321 0.0538 0.1079 42
1.2356 0.0535 0.1518 41
1.2354 0.0531 0.1959 36
1.3994 0.0601 -0.1225 10
1.2593 0.0539 0.245 24
1.321 0.0563 -0.0693 22
1.2772 0.0542 0.2951 19
1.2767 0.054 -0.0223 38
1.3106 0.0552 0.3515 13
1.2608 0.0513 0.022 36
1.2293 0.0496 0.0645 44
1.2263 0.0493 0.1074 38
1.2357 0.0492 0.1518 39
1.2396 0.0489 0.1965 34
1.3777 0.0544 -0.1206 9
1.2673 0.0498 0.2465 23
1.3212 0.0517 -0.0693 21
1.2813 0.0499 0.296 19
1.2768 0.0495 -0.0223 38
1.303 0.0503 0.3494 11
1.2489 0.0465 0.0218 35
1.2315 0.0454 0.0646 44
1.2265 0.045 0.1074 38
1.2518 0.0455 0.1538 38
1.2378 0.0445 0.1962 31
1.3878 0.0497 -0.1215 8
1.2557 0.0449 0.2442 24
1.3233 0.0471 -0.0694 21
1.2873 0.0456 0.2974 18
1.285 0.0453 -0.0224 38
1.309 0.0459 0.351 11
1.2591 0.0424 0.022 35
1.2396 0.0413 0.065 44
1.2346 0.0407 0.1081 36
1.2301 0.0404 0.1511 37
1.2478 0.0405 0.1977 31
1.392 0.045 -0.1218 6
1.2598 0.0405 0.245 22
1.3155 0.042 -0.069 21
1.2992 0.0413 0.3001 18
1.2951 0.0412 -0.0226 36
1.3285 0.042 0.3561 10
1.2632 0.0379 0.0221 33
1.2278 0.0367 0.0644 41
1.2447 0.0367 0.1089 35
1.2322 0.0359 0.1514 35
1.2617 0.0366 0.1999 30
1.408 0.0406 -0.1232 7
1.2677 0.0363 0.2465 22
1.3256 0.0377 -0.0695 21
1.2876 0.0364 0.2974 18
1.2893 0.0365 -0.0225 33
1.3305 0.0374 0.3567 9
1.2754 0.0341 0.0223 32
1.2279 0.0324 0.0644 41
1.2448 0.0324 0.1089 35
1.2423 0.0321 0.1526 35
1.2421 0.0317 0.1968 31
1.4122 0.0357 -0.1236 6
1.2698 0.0321 0.2469 21
1.3278 0.0334 -0.0696 19
1.2897 0.0322 0.2978 18
1.2854 0.0319 -0.0224 33
1.3442 0.0331 0.3603 9
1.2755 0.0296 0.0223 35
1.236 0.0285 0.0648 38
1.2409 0.0282 0.1086 33
1.2384 0.0277 0.1521 37
1.2462 0.0276 0.1974 30
1.3983 0.0308 -0.1224 5
1.2778 0.0279 0.2484 21
1.3359 0.0289 -0.07 19
1.2937 0.0278 0.2987 16
1.2935 0.0278 -0.0226 36
1.3327 0.0284 0.3572 9
1.2756 0.0254 0.0223 33
1.248 0.0244 0.0654 41
1.241 0.0238 0.1086 31
1.2524 0.0238 0.1538 33
1.2462 0.0233 0.1974 27
1.4104 0.0261 -0.1234 3
1.27 0.0235 0.2469 22
1.3379 0.0245 -0.0701 21
1.2918 0.0235 0.2983 15
1.3096 0.0235 -0.0229 36
1.3347 0.0238 0.3577 8
1.2736 0.0209 0.0222 31
1.2441 0.0202 0.0652 38
1.2411 0.0197 0.1086 33
1.2445 0.0193 0.1528 31
1.2562 0.0193 0.199 27
1.4324 0.0218 -0.1253 3
1.274 0.0191 0.2477 21
1.332 0.0198 -0.0698 19
1.3036 0.0191 0.301 15
1.3097 0.0192 -0.0229 33
1.3541 0.0196 0.3629 8
1.2737 0.0167 0.0222 31
1.2382 0.0158 0.0649 37
1.2491 0.0155 0.1093 32
1.2485 0.0153 0.1533 31
1.2622 0.015 0.1999 28
1.4404 0.0168 -0.126 2
1.2839 0.015 0.2496 20
1.3401 0.0154 -0.0702 18
1.2997 0.0147 0.3001 15
1.3077 0.0146 -0.0228 31
1.3541 0.0149 0.3629 6
1.2897 0.0122 0.0225 28
1.2482 0.0113 0.0654 35
1.2532 0.0112 0.1096 31
1.2625 0.0108 0.155 28
1.2504 0.0103 0.198 27
1.4365 0.0118 -0.1257 1
1.2839 0.0103 0.2496 21
1.3481 0.0106 -0.0707 18
1.2998 0.01 0.3001 15
1.3038 0.0098 -0.0228 31
1.3851 0.0102 0.3711 5
1.2858 0.0076 0.0224 28
1.2563 0.007 0.0658 28
1.2512 0.0068 0.1095 28
1.2625 0.0064 0.155 28
1.2544 0.0059 0.1987 27
1.4445 0.0068 -0.1264 1
1.3036 0.0059 0.2534 20
1.3501 0.0059 -0.0708 16
1.3056 0.0055 0.3014 14
1.3078 0.0052 -0.0228 31
1.3755 0.0053 0.3686 4
1.2838 0.0031 0.0224 26
1.2583 0.0026 0.0659 26
1.2572 0.0024 0.11 28
1.2625 0.002 0.155 30
1.2642 0.0015 0.2002 28
1.2899 0.0014 0.2507 20
1.3621 0.0012 -0.0714 15
1.3193 0.0009 0.3046 14
1.3198 0.0007 -0.023 31
1.2838 -0.0013 0.0224 26
1.2663 -0.0018 0.0664 26
1.2672 -0.002 0.1109 30
1.2585 -0.0024 0.1545 28
1.2662 -0.0029 0.2005 25
1.2859 -0.0031 0.25 19
1.3581 -0.0036 -0.0712 15
1.3251 -0.0037 0.3059 13
1.3198 -0.0039 -0.023 31
1.4064 -0.0044 0.3768 1
1.2978 -0.0061 0.0227 25
1.2603 -0.0064 0.066 27
1.2632 -0.0066 0.1105 27
1.2565 -0.007 0.1543 26
1.28 -0.0076 0.2027 25
1.2977 -0.0079 0.2522 19
1.3661 -0.0086 -0.0716 15
1.3173 -0.0085 0.3041 13
1.3298 -0.0088 -0.0232 31
1.2978 -0.0106 0.0227 23
1.2582 -0.0108 0.0659 26
1.2751 -0.0111 0.1116 25
1.2684 -0.0115 0.1557 24
1.2681 -0.012 0.2009 25
1.3153 -0.0126 0.2557 18
1.378 -0.0135 -0.0722 13
1.327 -0.0132 0.3064 12
1.3197 -0.0134 -0.023 29
1.3097 -0.0153 0.0229 23
1.2702 -0.0151 0.0666 26
1.2651 -0.0155 0.1107 27
1.2763 -0.016 0.1567 24
1.2681 -0.0162 0.2009 25
1.3153 -0.0172 0.2557 19
1.382 -0.0183 -0.0724 12
1.3387 -0.018 0.3091 10
1.3237 -0.0178 -0.0231 29
1.3057 -0.0196 0.0228 23
1.2841 -0.0197 0.0673 25
1.271 -0.02 0.1112 27
1.2763 -0.0203 0.1567 23
1.2838 -0.0208 0.2034 25
1.3034 -0.0214 0.2534 16
1.3819 -0.0229 -0.0724 12
1.3405 -0.0225 0.3095 11
1.3296 -0.0225 -0.0232 27
1.3096 -0.0242 0.0229 23
1.282 -0.0239 0.0672 23
1.2809 -0.0244 0.1121 23
1.2682 -0.0246 0.1557 24
1.2916 -0.0253 0.2046 25
1.3033 -0.0259 0.2534 16
1.3858 -0.0278 -0.0726 7
1.3502 -0.0273 0.3118 10
1.3455 -0.0272 -0.0235 25
1.3095 -0.0286 0.0229 22
1.2739 -0.0282 0.0668 23
1.2848 -0.0289 0.1124 23
1.2801 -0.029 0.1572 23
1.2995 -0.0299 0.2059 25
1.3032 -0.0303 0.2534 15
1.3997 -0.0327 -0.0734 7
1.3559 -0.032 0.3131 9
1.3474 -0.032 -0.0235 23
1.3234 -0.0335 0.0231 22
1.2738 -0.0327 0.0668 22
1.2906 -0.0333 0.113 23
1.2859 -0.0337 0.1579 23
1.2855 -0.0341 0.2037 24
1.3188 -0.0352 0.2564 15
1.4096 -0.0379 -0.0739 6
1.3519 -0.0366 0.3122 7
1.3453 -0.0366 -0.0235 21
1.3193 -0.038 0.023 20
1.2777 -0.0373 0.067 21
1.2825 -0.0376 0.1123 23
1.2778 -0.0379 0.157 23
1.2953 -0.0389 0.2052 24
