1.8543 0.4955 0.1006 3
1.8788 0.5017 0.1701 4
1.8464 0.4865 0.1001 6
1.8574 0.489 0.168 7
1.8869 0.4908 0.034 3
1.8384 0.4775 0.0995 9
1.8456 0.479 0.1668 8
1.8697 0.4846 0.2372 3
1.8712 0.4797 0.0337 4
1.8304 0.4686 0.099 10
1.8337 0.4691 0.1656 10
1.8464 0.4717 0.234 5
1.8515 0.4678 0.0333 7
1.8009 0.4547 0.0973 11
1.8276 0.4608 0.1649 12
1.8403 0.4633 0.233 8
1.8414 0.4588 0.0331 8
1.7948 0.4465 0.0969 13
1.8157 0.451 0.1637 14
1.8284 0.4538 0.2313 9
1.8333 0.45 0.033 9
1.7885 0.4383 0.0965 15
1.792 0.4388 0.1614 15
1.828 0.447 0.2311 10
1.8251 0.4412 0.0328 12
1.7842 0.4307 0.0962 16
1.7916 0.4321 0.1612 16
1.8141 0.4369 0.2291 11
1.9057 0.4568 -0.0342 3
1.8189 0.433 0.0326 14
1.7838 0.424 0.0961 16
1.7815 0.4231 0.1602 16
1.7867 0.4237 0.2255 12
1.8857 0.4465 0.3069 4
1.8917 0.4465 -0.0339 4
1.8087 0.4239 0.0324 14
1.7678 0.4136 0.0951 17
1.779 0.416 0.1598 16
1.792 0.4183 0.2259 14
1.8699 0.4358 0.3041 5
1.8796 0.4367 -0.0337 6
1.8004 0.4153 0.0323 16
1.7653 0.4066 0.0949 18
1.7824 0.4102 0.16 17
1.7934 0.4121 0.2259 15
1.8445 0.4231 0.2997 8
1.8617 0.4257 -0.0333 9
1.8038 0.4095 0.0323 16
1.7511 0.3969 0.0941 17
1.7683 0.4004 0.1586 18
1.7871 0.4041 0.225 16
1.8344 0.4141 0.2979 8
1.8612 0.4188 -0.0333 10
1.7877 0.3993 0.032 17
1.7564 0.3916 0.0943 19
1.76 0.3921 0.1578 18
1.775 0.3948 0.2233 16
1.8378 0.4081 0.2982 9
1.8548 0.4105 -0.0332 11
1.7793 0.3909 0.0318 18
1.7578 0.3855 0.0943 21
1.7613 0.386 0.1578 18
1.7569 0.3844 0.2208 17
1.8276 0.3992 0.2963 10
1.8504 0.4028 -0.0331 13
1.7826 0.3851 0.0318 19
1.7336 0.3742 0.0929 22
1.7549 0.3781 0.1571 19
1.766 0.3799 0.2218 17
1.8231 0.3918 0.2953 12
1.8458 0.3954 -0.033 15
1.78 0.3783 0.0318 19
1.7369 0.3686 0.0931 21
1.764 0.3737 0.1578 18
1.7673 0.374 0.2218 17
1.8052 0.3814 0.2922 13
1.9191 0.4048 -0.1028 2
1.8335 0.386 -0.0327 16
1.7734 0.3705 0.0316 20
1.7361 0.3624 0.0929 23
1.7496 0.3646 0.1564 20
1.755 0.365 0.2201 18
1.7909 0.3722 0.2897 12
1.9146 0.3968 -0.1025 3
1.8309 0.3792 -0.0326 18
1.757 0.361 0.0313 22
1.7452 0.3579 0.0934 22
1.7431 0.3568 0.1557 20
1.7601 0.36 0.2206 19
1.7922 0.3659 0.2897 13
1.9042 0.3881 -0.1018 4
1.8204 0.3704 -0.0324 20
1.7525 0.3534 0.0312 21
1.7387 0.35 0.0929 23
1.7423 0.3504 0.1555 21
1.738 0.3489 0.2177 21
1.7839 0.3574 0.2882 14
1.8904 0.3784 0.3747 3
1.8841 0.3768 -0.1007 5
1.8139 0.3621 -0.0323 17
1.7635 0.3492 0.0314 21
1.7262 0.3412 0.0922 24
1.7435 0.3443 0.1555 22
1.7353 0.342 0.2172 23
1.7812 0.3504 0.2875 14
1.884 0.3703 0.3732 4
1.8697 0.3672 -0.0999 7
1.8132 0.3554 -0.0323 18
1.7549 0.3411 0.0312 25
1.7235 0.3344 0.092 25
1.7408 0.3374 0.1551 23
1.7385 0.3363 0.2174 21
1.7689 0.3416 0.2853 16
1.8776 0.3622 0.3717 5
1.8847 0.3633 -0.1006 8
1.7909 0.3445 -0.0318 18
1.7502 0.3339 0.0311 22
1.7226 0.328 0.0919 28
1.7263 0.3284 0.1537 26
1.7513 0.3325 0.2189 25
1.7797 0.3373 0.2869 16
1.8576 0.3517 0.3675 6
1.884 0.3563 -0.1005 8
1.794 0.3387 -0.0319 20
1.7415 0.3259 0.0309 22
1.7316 0.3234 0.0923 28
1.7196 0.3209 0.153 27
1.7369 0.3235 0.2169 25
1.777 0.3303 0.2863 18
1.8415 0.342 0.3641 6
1.8695 0.3468 -0.0996 9
1.7952 0.3324 -0.0319 20
1.7407 0.3195 0.0309 24
1.7308 0.317 0.0922 31
1.7305 0.3167 0.1539 28
1.7282 0.3156 0.2157 24
1.7821 0.3248 0.2869 16
1.833 0.3338 0.3622 7
1.853 0.3371 -0.0987 10
1.7964 0.3261 -0.0319 20
1.7496 0.3148 0.031 23
1.7044 0.306 0.0908 29
1.7316 0.3106 0.1539 30
1.7235 0.3085 0.215 28
1.7735 0.3169 0.2853 19
1.8283 0.3263 0.361 8
1.8502 0.3299 -0.0985 10
1.7935 0.3192 -0.0318 20
1.7468 0.308 0.031 24
1.7094 0.3008 0.091 34
1.7327 0.3046 0.1539 31
1.7382 0.3049 0.2167 29
1.7629 0.3086 0.2835 19
1.8469 0.323 0.3644 8
1.8514 0.3235 -0.0985 11
1.7848 0.3112 -0.0316 18
1.7478 0.3019 0.031 25
1.7084 0.2945 0.0909 33
1.7181 0.2958 0.1525 34
1.7256 0.2965 0.215 28
1.7601 0.3018 0.2828 20
1.8422 0.3156 0.3633 9
1.8466 0.316 -0.0982 11
1.7721 0.3026 -0.0314 22
1.739 0.2941 0.0308 26
1.7094 0.2885 0.0909 34
1.7151 0.2892 0.1522 33
1.7344 0.2918 0.216 29
1.7572 0.295 0.2822 20
1.8239 0.3059 0.3595 10
1.8516 0.3102 -0.0984 12
1.7869 0.2987 -0.0316 22
1.7282 0.2861 0.0306 28
1.7124 0.2829 0.091 36
1.726 0.2848 0.153 34
1.7217 0.2835 0.2142 30
1.766 0.2901 0.2835 20
1.8133 0.2976 0.3572 10
1.829 0.2998 -0.0971 12
1.7781 0.2909 -0.0314 22
1.7351 0.281 0.0307 25
1.7035 0.2753 0.0904 38
1.727 0.2788 0.153 35
1.7188 0.2768 0.2138 31
1.7612 0.283 0.2825 21
1.8183 0.2919 0.358 11
1.8261 0.2928 -0.0969 13
1.7909 0.2865 -0.0317 21
1.74 0.2756 0.0308 28
1.7005 0.2687 0.0902 39
1.724 0.2721 0.1527 35
1.7217 0.2711 0.214 29
1.7524 0.2754 0.281 20
1.8193 0.2855 0.358 11
1.8271 0.2864 -0.0969 13
1.7702 0.2769 -0.0313 23
1.739 0.2692 0.0307 27
1.7074 0.2637 0.0905 40
1.7171 0.2649 0.152 35
1.7207 0.2648 0.2138 31
1.7514 0.2689 0.2806 21
1.8183 0.2789 0.3576 13
1.8321 0.2807 -0.0971 13
1.7771 0.2716 -0.0314 24
1.7222 0.2605 0.0304 30
1.7043 0.2574 0.0903 41
1.718 0.2589 0.152 37
1.7255 0.2594 0.2142 32
1.7542 0.2634 0.281 21
1.7999 0.2696 0.3538 14
1.8291 0.2737 -0.0969 13
1.778 0.2657 -0.0314 24
1.723 0.2547 0.0304 30
1.7111 0.2524 0.0906 46
1.7248 0.2538 0.1525 41
1.7106 0.2514 0.2123 32
1.759 0.2579 0.2816 22
1.8124 0.2654 0.356 14
1.8142 0.2653 -0.0961 12
1.7829 0.2601 -0.0314 22
1.7278 0.2493 0.0305 31
1.7001 0.2447 0.09 50
1.7197 0.2472 0.152 44
1.7095 0.2451 0.2121 33
1.758 0.2514 0.2813 23
1.8133 0.259 0.356 14
1.8131 0.2587 -0.096 13
1.7857 0.2541 -0.0315 25
1.7327 0.2438 0.0305 32
1.699 0.2385 0.0899 51
1.7265 0.242 0.1525 49
1.7222 0.2408 0.2135 36
1.7491 0.2439 0.2797 23
1.8103 0.2522 0.3553 15
1.8219 0.2535 -0.0964 13
1.7727 0.246 -0.0312 24
1.7335 0.2378 0.0305 33
1.7097 0.2339 0.0904 58
1.7154 0.2344 0.1515 51
1.721 0.2345 0.2133 37
1.7421 0.2368 0.2785 23
1.8151 0.2464 0.356 15
1.8149 0.246 -0.096 14
1.7736 0.2398 -0.0312 26
1.7185 0.2296 0.0303 33
1.7026 0.2269 0.09 59
1.7064 0.2271 0.1506 55
1.7258 0.229 0.2138 36
1.7468 0.2312 0.2791 23
1.8003 0.238 0.353 14
1.8375 0.2426 -0.0971 14
1.7744 0.2336 -0.0312 28
1.7312 0.2251 0.0305 34
1.7132 0.2225 0.0905 69
1.7131 0.2219 0.1511 57
1.7128 0.2212 0.2121 34
1.7515 0.2259 0.2797 22
1.7992 0.2314 0.3526 15
1.8265 0.2346 -0.0965 14
1.7791 0.2282 -0.0313 26
1.7359 0.2199 0.0305 34
1.71 0.216 0.0903 76
1.7139 0.2159 0.1511 64
1.7135 0.2156 0.2121 32
1.7562 0.2203 0.2803 23
1.8058 0.2262 0.3538 15
1.8233 0.2281 -0.0963 15
1.7839 0.2225 -0.0314 28
1.7366 0.2138 0.0305 34
1.7088 0.2101 0.0902 90
1.7304 0.2122 0.1525 66
1.7221 0.2105 0.213 36
1.7451 0.213 0.2785 23
1.8066 0.2199 0.3538 15
1.83 0.2224 -0.0966 15
1.7727 0.2152 -0.0312 30
1.7373 0.2081 0.0305 34
1.7016 0.2032 0.0898 91
1.7074 0.2033 0.1504 68
1.7228 0.2048 0.213 34
1.7419 0.2065 0.2778 23
1.8151 0.2148 0.3553 15
1.8268 0.2159 -0.0964 15
1.7695 0.2085 -0.0311 28
1.7302 0.2005 0.0304 34
1.7003 0.1964 0.0897 95
1.7041 0.1966 0.1501 74
1.7256 0.1984 0.2133 37
1.7545 0.2011 0.2797 23
1.8003 0.2061 0.3522 16
1.8355 0.2098 -0.0968 15
1.7762 0.2024 -0.0312 28
1.7348 0.1949 0.0305 34
1.703 0.1907 0.0898 93
1.7167 0.192 0.1511 70
1.7125 0.1909 0.2116 34
1.7552 0.195 0.2797 23
1.7971 0.1994 0.3515 15
1.8283 0.2025 -0.0964 15
1.7869 0.1973 -0.0314 28
1.7434 0.1897 0.0306 34
1.6937 0.184 0.0893 85
1.7174 0.186 0.1511 68
1.7171 0.1853 0.2121 33
1.7519 0.1888 0.2791 22
1.8017 0.1935 0.3522 15
1.829 0.1961 -0.0964 15
1.7855 0.1911 -0.0313 28
1.7441 0.1839 0.0306 33
1.6963 0.1786 0.0894 83
1.7259 0.1811 0.1518 70
1.7177 0.1796 0.2121 34
1.7486 0.1825 0.2785 22
1.816 0.1889 0.3549 15
1.8296 0.19 -0.0964 15
1.7742 0.184 -0.0311 27
1.7447 0.1781 0.0306 35
1.7009 0.1731 0.0896 81
1.7166 0.1744 0.151 59
1.7261 0.1747 0.213 32
1.7531 0.1768 0.2791 22
1.8206 0.183 0.3557 15
1.8382 0.1845 -0.0968 15
1.7729 0.1776 -0.0311 28
1.7334 0.1706 0.0304 35
1.7075 0.1674 0.0899 70
1.7093 0.1673 0.1503 57
1.7327 0.169 0.2138 30
1.7577 0.1708 0.2797 22
1.8037 0.1746 0.3522 16
1.8349 0.1773 -0.0966 16
1.7854 0.1722 -0.0313 28
1.7419 0.165 0.0305 34
1.712 0.1618 0.0901 58
1.7218 0.1621 0.1513 54
1.7195 0.1613 0.2121 34
1.7622 0.165 0.2803 21
1.8082 0.1687 0.353 16
1.8236 0.1698 -0.096 16
1.786 0.166 -0.0313 28
1.7465 0.1596 0.0306 34
1.7046 0.1554 0.0897 54
1.7203 0.1563 0.1511 52
1.718 0.1554 0.2118 31
1.7588 0.1588 0.2797 22
1.8185 0.1636 0.3549 15
1.8321 0.1645 -0.0964 15
1.7925 0.1606 -0.0314 28
1.747 0.1538 0.0306 32
1.7051 0.1495 0.0897 51
1.7387 0.1521 0.1527 46
1.7284 0.1506 0.213 33
1.7594 0.1527 0.2797 22
1.821 0.1577 0.3553 15
1.8466 0.1596 -0.0971 14
1.7811 0.1533 -0.0312 28
1.7515 0.148 0.0307 31
1.7116 0.144 0.09 47
1.7233 0.1447 0.1513 44
1.7289 0.1446 0.213 33
1.7599 0.1465 0.2797 22
1.8215 0.1514 0.3553 14
1.8411 0.1527 -0.0968 16
1.7817 0.1471 -0.0312 24
1.742 0.1411 0.0305 30
1.7161 0.1384 0.0902 45
1.7238 0.1387 0.1513 38
1.7334 0.1389 0.2135 34
1.7683 0.141 0.281 21
1.8181 0.1447 0.3545 13
1.8556 0.1473 -0.0976 13
1.7862 0.1412 -0.0313 24
1.7385 0.1347 0.0304 30
1.7265 0.1331 0.0908 41
1.7323 0.133 0.152 36
1.722 0.1319 0.2121 34
1.7786 0.1356 0.2825 20
1.8108 0.1374 0.353 14
1.8442 0.1396 -0.0969 14
1.7966 0.1357 -0.0314 26
1.751 0.1292 0.0306 31
1.709 0.1255 0.0898 39
1.7446 0.1278 0.153 36
1.7244 0.1257 0.2123 29
1.785 0.1295 0.2835 19
1.8309 0.1325 0.3568 14
1.8526 0.1338 -0.0973 12
1.8011 0.1294 -0.0315 26
1.7514 0.1231 0.0306 30
1.7155 0.12 0.0901 36
1.7431 0.1216 0.1529 35
1.7328 0.1203 0.2133 31
1.7736 0.1225 0.2816 19
1.8431 0.1269 0.3591 13
1.8571 0.1276 -0.0976 12
1.7915 0.1224 -0.0313 24
1.7658 0.1179 0.0309 27
1.7198 0.1145 0.0903 36
1.7296 0.1146 0.1517 33
1.7451 0.115 0.2147 30
1.7701 0.1163 0.281 19
1.8415 0.1204 0.3587 12
1.8695 0.1219 -0.0982 12
1.7919 0.1165 -0.0313 27
1.7482 0.1109 0.0306 24
1.7262 0.1092 0.0906 34
1.72 0.1082 0.1508 33
1.7455 0.1092 0.2147 29
1.7783 0.1109 0.2822 19
1.8458 0.1145 0.3595 13
1.8699 0.1157 -0.0982 12
1.8063 0.1114 -0.0316 23
1.7526 0.1053 0.0306 25
1.7305 0.1034 0.0909 33
1.7442 0.1039 0.1529 31
1.7359 0.1028 0.2135 27
1.7905 0.1054 0.2841 19
1.8384 0.1079 0.358 12
1.8543 0.1085 -0.0973 11
1.8067 0.1051 -0.0316 22
1.7649 0.0999 0.0309 24
1.7309 0.0974 0.0909 31
1.7565 0.0985 0.1539 31
1.7402 0.097 0.214 27
1.8008 0.0997 0.2856 19
1.8466 0.1019 0.3595 11
1.8586 0.1023 -0.0976 11
1.817 0.0994 -0.0318 22
1.7712 0.0941 0.031 22
1.7352 0.0915 0.0911 32
1.7529 0.0922 0.1536 30
1.7524 0.0915 0.2155 27
1.7873 0.0927 0.2835 19
1.8626 0.096 0.3625 9
1.867 0.0959 -0.098 12
1.8034 0.0923 -0.0315 20
1.7736 0.0877 0.031 23
1.7355 0.0852 0.0911 31
1.7592 0.086 0.1541 26
1.7647 0.0857 0.2169 25
1.7935 0.0865 0.2844 18
1.8649 0.0893 0.3629 8
1.8813 0.0897 -0.0987 11
1.7997 0.0855 -0.0314 20
1.7659 0.0808 0.0309 21
1.7438 0.0795 0.0915 32
1.7475 0.079 0.153 27
1.7669 0.0793 0.2172 22
1.8057 0.0807 0.2863 18
1.8672 0.0828 0.3633 8
1.8896 0.0835 -0.0991 9
1.826 0.0804 -0.0319 20
1.7801 0.0755 0.0311 22
1.756 0.0739 0.0921 26
1.7637 0.0736 0.1544 26
1.7553 0.073 0.2157 23
1.8099 0.0746 0.2869 16
1.8792 0.0771 0.3656 8
1.8858 0.0771 -0.0989 9
1.8282 0.0741 -0.0319 17
1.7804 0.0693 0.0311 21
1.7483 0.0678 0.0917 23
1.7719 0.0681 0.1551 25
1.7555 0.0668 0.2157 24
1.82 0.069 0.2885 16
1.8991 0.0713 0.3694 7
1.8921 0.0707 -0.0992 8
1.8345 0.0682 -0.032 18
1.7826 0.0635 0.0311 21
1.7485 0.0617 0.0917 22
1.7801 0.0622 0.1558 24
1.7696 0.0615 0.2174 20
1.8163 0.0625 0.2878 15
1.9072 0.0653 0.3709 6
1.9083 0.065 -0.1001 8
1.8287 0.0616 -0.0319 17
1.7948 0.0573 0.0313 20
1.7587 0.0556 0.0922 21
1.7724 0.0557 0.1551 23
1.7857 0.0555 0.2194 20
1.8244 0.0561 0.2891 15
1.9133 0.0585 0.3721 4
1.9265 0.0585 -0.101 7
1.8289 0.0549 -0.0319 17
1.791 0.051 0.0313 19
1.7689 0.0497 0.0927 22
1.7725 0.0495 0.1551 21
1.7859 0.0493 0.2194 20
1.8265 0.0497 0.2894 13
1.9213 0.052 0.3736 3
1.9207 0.0516 -0.1007 5
1.8411 0.0489 -0.0321 18
1.7912 0.0447 0.0313 19
1.777 0.0441 0.0932 22
1.7827 0.0436 0.156 20
1.7781 0.0428 0.2184 20
1.8267 0.0437 0.2894 13
1.9274 0.0454 0.3747 2
1.9328 0.0452 -0.1013 4
1.8572 0.0431 -0.0324 17
1.8033 0.039 0.0315 19
1.7612 0.0375 0.0923 20
1.7908 0.0375 0.1567 18
1.7902 0.0372 0.2199 17
1.8387 0.0376 0.2913 13
1.927 0.0387 -0.101 3
1.8554 0.0366 -0.0324 17
1.8074 0.0328 0.0316 19
1.7653 0.0314 0.0925 18
1.7909 0.0316 0.1567 18
1.7982 0.0311 0.2208 17
1.8368 0.0311 0.291 12
1.9471 0.0323 -0.1021 2
1.8555 0.0301 -0.0324 16
1.8135 0.0266 0.0317 17
1.7714 0.0254 0.0928 18
1.791 0.0253 0.1567 18
1.8063 0.0249 0.2218 17
1.8488 0.0248 0.2928 11
1.8656 0.0238 -0.0326 15
1.8196 0.0203 0.0318 17
1.7914 0.0197 0.0939 19
1.801 0.0192 0.1576 17
1.8123 0.0187 0.2225 16
1.8666 0.0189 0.2957 11
1.8856 0.0178 -0.0329 12
1.8177 0.0143 0.0317 17
1.7935 0.0135 0.094 18
1.809 0.0129 0.1583 17
1.8084 0.0126 0.222 15
1.8726 0.0124 0.2966 9
1.8877 0.0112 -0.033 11
1.8437 0.008 0.0322 17
1.7915 0.0075 0.0939 17
1.827 0.007 0.1598 16
1.8243 0.0064 0.224 16
1.9003 0.0063 0.301 8
1.8977 0.005 -0.0331 10
1.8417 0.0019 0.0321 16
1.7955 0.0013 0.0941 17
1.827 0.0006 0.1598 16
1.8362 0.0003 0.2255 15
1.8766 -0.0003 0.2972 7
1.9057 -0.0017 -0.0333 9
1.8617 -0.0052 0.0325 14
1.8095 -0.0054 0.0948 15
1.821 -0.006 0.1593 16
1.856 -0.0068 0.2279 14
1.9042 -0.0073 0.3016 6
1.9097 -0.0087 -0.0333 7
1.8557 -0.0113 0.0324 15
1.8255 -0.0118 0.0957 17
1.825 -0.0124 0.1597 15
1.8659 -0.013 0.2291 13
1.9259 -0.0141 0.305 4
1.9376 -0.0156 -0.0338 6
1.8696 -0.0179 0.0326 14
1.8334 -0.0182 0.0961 15
1.8429 -0.0187 0.1612 13
1.8619 -0.0195 0.2286 12
1.9516 -0.0225 -0.0341 4
1.8836 -0.0247 0.0329 14
1.8293 -0.0246 0.0959 15
1.8508 -0.0252 0.1619 14
1.8718 -0.0261 0.2298 11
1.9715 -0.0296 -0.0344 2
1.9014 -0.0315 0.0332 12
1.8472 -0.0313 0.0968 15
1.8606 -0.0318 0.1628 13
1.9014 -0.0332 0.2335 7
1.9093 -0.0383 0.0333 10
1.8611 -0.038 0.0976 13
1.8665 -0.0384 0.1633 11
1.9172 -0.0402 0.2355 6
1.9112 -0.045 0.0334 8
1.8789 -0.0449 0.0985 12
1.8862 -0.0454 0.1651 10
1.9448 -0.0475 0.2389 4
1.931 -0.0523 0.0337 5
1.9027 -0.0521 0.0998 10
1.906 -0.0526 0.1668 8
1.9668 -0.0601 0.0343 2
1.9065 -0.0586 0.1 7
1.9317 -0.06 0.1691 7
1.9182 -0.0656 0.1006 5
1.9514 -0.0675 0.1708 4
1.934 -0.0729 0.1014 2
