0.833 0.374 0.1121 3
0.8507 0.3816 0.1477 2
0.85 0.3784 0.0814 2
0.8198 0.3647 0.1102 6
0.843 0.3746 0.1461 4
0.8289 0.3682 0.1763 4
0.8423 0.3713 0.0805 2
0.8138 0.3586 0.1092 7
0.8082 0.3558 0.1399 5
0.8249 0.3628 0.1752 4
0.8367 0.3677 0.211 1
0.8454 0.3692 0.0807 4
0.8188 0.3572 0.1097 6
0.8185 0.3567 0.1414 5
0.8207 0.3576 0.174 4
0.8059 0.3507 0.2029 4
0.834 0.3609 0.0476 2
0.8266 0.3574 0.0788 4
0.8054 0.348 0.1077 7
0.8125 0.3508 0.1402 5
0.8076 0.3483 0.171 7
0.8018 0.3455 0.2016 4
0.8205 0.3518 0.0468 2
0.8095 0.3468 0.077 4
0.792 0.339 0.1058 8
0.7955 0.3403 0.137 6
0.8034 0.3433 0.1698 7
0.8047 0.3436 0.202 6
0.8404 0.3587 0.2448 1
0.8034 0.3412 0.0457 2
0.7997 0.3393 0.076 5
0.7986 0.3387 0.1065 7
0.8003 0.3391 0.1377 6
0.79 0.3345 0.1668 8
0.7771 0.3288 0.1948 7
0.8043 0.3399 0.234 3
0.7953 0.3346 0.0452 5
0.8026 0.3374 0.0762 7
0.7962 0.3343 0.106 8
0.7869 0.3303 0.1352 6
0.7984 0.3348 0.1683 7
0.7891 0.3306 0.1975 9
0.7912 0.3313 0.2298 4
0.8859 0.3695 0.0168 1
0.7909 0.3295 0.0449 5
0.7928 0.33 0.0751 7
0.7899 0.3287 0.1051 8
0.7771 0.323 0.1333 6
0.7905 0.3284 0.1664 8
0.7775 0.3227 0.1944 10
0.7798 0.3233 0.2262 5
0.8465 0.3496 0.016 2
0.7994 0.3298 0.0453 5
0.781 0.3221 0.0739 8
0.7819 0.3221 0.1038 12
0.7891 0.3248 0.1352 9
0.7735 0.3182 0.1626 9
0.7805 0.3207 0.1948 9
0.772 0.3169 0.2236 5
0.8496 0.3474 0.016 4
0.7987 0.3263 0.0452 5
0.795 0.3246 0.0751 7
0.7793 0.3179 0.1033 13
0.7793 0.3175 0.1333 10
0.7728 0.3147 0.1622 12
0.7852 0.3195 0.1957 9
0.7696 0.3128 0.2226 5
0.8489 0.3437 0.016 4
0.7925 0.3205 0.0448 5
0.7851 0.3173 0.0741 8
0.7676 0.31 0.1016 13
0.7694 0.3104 0.1314 10
0.7684 0.3098 0.161 12
0.7718 0.3109 0.1921 10
0.7617 0.3065 0.22 7
0.8427 0.3377 0.0158 5
0.7806 0.3125 0.0441 8
0.788 0.3153 0.0743 8
0.776 0.3102 0.1026 13
0.7705 0.3077 0.1314 10
0.7749 0.3093 0.1622 12
0.7657 0.3053 0.1903 10
0.7663 0.3053 0.221 7
0.8253 0.3274 0.0155 5
0.7743 0.3069 0.0436 8
0.7706 0.3052 0.0725 8
0.7771 0.3075 0.1026 13
0.7679 0.3036 0.1308 10
0.7632 0.3016 0.1595 13
0.7649 0.3019 0.1899 10
0.9078 0.3581 -0.017 3
0.7566 0.2983 0.2179 7
0.8115 0.3187 0.0152 6
0.7772 0.3049 0.0438 8
0.7772 0.3047 0.073 11
0.7819 0.3062 0.1031 13
0.7505 0.2937 0.1277 11
0.7533 0.2946 0.1572 13
0.7678 0.3 0.1903 13
0.868 0.339 -0.0163 3
0.7523 0.2936 0.2164 7
0.8164 0.3173 0.0153 5
0.7652 0.2971 0.043 9
0.7708 0.2991 0.0723 11
0.7718 0.2992 0.1016 13
0.7626 0.2953 0.1295 10
0.7525 0.2913 0.1568 13
0.7688 0.2973 0.1903 13
0.8655 0.3345 -0.0162 3
0.7515 0.2903 0.2159 7
0.8175 0.3145 0.0153 5
0.7718 0.2966 0.0433 9
0.7793 0.2993 0.073 11
0.7617 0.2922 0.1002 14
0.771 0.2955 0.1308 10
0.7663 0.2936 0.1595 16
0.7571 0.2897 0.1872 16
0.8442 0.3229 -0.0158 3
0.7507 0.287 0.2153 10
0.8055 0.3066 0.015 9
0.7355 0.2797 0.0412 10
0.7655 0.2909 0.0716 12
0.7627 0.2896 0.1002 14
0.7517 0.2851 0.1273 11
0.7527 0.2853 0.1565 17
0.7436 0.2816 0.1836 20
0.8323 0.315 -0.0155 4
0.7481 0.283 0.2143 10
0.8028 0.3024 0.015 9
0.7702 0.2898 0.0431 9
0.7553 0.284 0.0706 12
0.7656 0.2876 0.1004 14
0.7416 0.2783 0.1255 11
0.7518 0.282 0.1561 17
0.7573 0.2838 0.1867 16
0.8184 0.3065 -0.0153 4
0.7346 0.2749 0.2102 10
0.7964 0.2968 0.0148 9
0.7805 0.2906 0.0436 8
0.76 0.2828 0.0709 12
0.7666 0.2849 0.1004 14
0.7444 0.2764 0.1258 11
0.7491 0.278 0.1553 17
0.9138 0.3389 -0.0511 2
0.762 0.2825 0.1876 16
0.8176 0.3029 -0.0152 4
0.7355 0.2724 0.2102 10
0.7974 0.294 0.0148 9
0.7665 0.2823 0.0428 9
0.7685 0.2829 0.0716 12
0.7452 0.274 0.0975 15
0.7602 0.2793 0.1283 11
0.7501 0.2754 0.1553 17
0.87 0.3192 -0.0486 3
0.7483 0.2744 0.184 17
0.8224 0.3014 -0.0153 4
0.7256 0.2658 0.2071 10
0.7984 0.2912 0.0148 9
0.7581 0.2764 0.0423 9
0.762 0.2775 0.0709 12
0.7649 0.2782 0.0999 14
0.7463 0.2713 0.1258 11
0.7603 0.2761 0.1572 16
0.8392 0.3046 -0.0468 3
0.7419 0.2692 0.1822 18
0.8252 0.2994 -0.0153 4
0.7319 0.2654 0.2086 12
0.8069 0.2913 0.015 9
0.744 0.2683 0.0415 9
0.7629 0.2748 0.0709 12
0.7602 0.2737 0.0992 15
0.7472 0.2687 0.1258 15
0.7353 0.2643 0.1519 18
0.8534 0.3066 -0.0475 3
0.7373 0.2647 0.1809 21
0.7962 0.2857 -0.0148 4
0.7365 0.2641 0.2096 12
0.7985 0.2851 0.0148 9
0.7619 0.2717 0.0424 9
0.7488 0.2669 0.0696 13
0.7536 0.2684 0.0982 20
0.7333 0.2608 0.1233 16
0.7529 0.2676 0.1553 17
0.8318 0.2956 -0.0463 3
0.7364 0.2615 0.1804 21
0.7877 0.2796 -0.0146 4
0.7246 0.257 0.206 14
0.7957 0.281 0.0147 10
0.7553 0.2664 0.042 9
0.746 0.263 0.0692 13
0.7564 0.2664 0.0985 15
0.7379 0.2596 0.1239 16
0.7353 0.2585 0.1515 18
0.8272 0.2907 -0.046 7
0.752 0.2641 0.184 20
0.8057 0.2828 -0.0149 8
0.7255 0.2545 0.206 14
0.7721 0.2696 0.0143 10
0.7637 0.2666 0.0424 9
0.7619 0.2656 0.0706 12
0.7424 0.2585 0.0965 21
0.7462 0.2597 0.1251 12
0.7325 0.2546 0.1507 19
0.8245 0.2865 -0.0457 8
0.7492 0.2602 0.1831 20
0.7934 0.2755 -0.0147 4
0.7245 0.2515 0.2055 12
0.7749 0.2677 0.0143 10
0.7458 0.2574 0.0413 10
0.7591 0.2617 0.0702 12
0.747 0.2574 0.097 21
0.7509 0.2584 0.1258 11
0.7389 0.2541 0.1519 18
0.8254 0.2837 -0.0457 8
0.7317 0.2514 0.1786 21
0.7944 0.2727 -0.0147 9
0.7327 0.2514 0.2076 14
0.7872 0.2689 0.0145 10
0.7428 0.2536 0.0411 10
0.7543 0.2572 0.0697 13
0.7441 0.2535 0.0965 21
0.7349 0.2502 0.123 16
0.7454 0.2534 0.153 21
0.8169 0.2776 -0.0452 8
0.727 0.2469 0.1773 18
0.7782 0.2643 -0.0143 9
0.7262 0.2465 0.2055 14
0.7881 0.2663 0.0145 10
0.7475 0.2523 0.0413 10
0.7514 0.2533 0.0694 13
0.7544 0.2542 0.0977 20
0.732 0.2464 0.1223 16
0.7425 0.2497 0.1523 22
0.8122 0.273 -0.0449 8
0.7352 0.247 0.1791 21
0.781 0.2622 -0.0144 9
0.7161 0.2403 0.2024 15
0.7663 0.2559 0.0141 11
0.7578 0.2528 0.0419 9
0.7371 0.2458 0.068 13
0.7477 0.249 0.0968 21
0.7291 0.2426 0.1217 16
0.917 0.3049 -0.0845 2
0.7359 0.2447 0.1507 19
0.8245 0.274 -0.0455 8
0.7435 0.2469 0.1809 21
0.7762 0.2576 -0.0143 9
0.7096 0.2354 0.2003 18
0.7785 0.257 0.0143 10
0.7473 0.2464 0.0412 10
0.7437 0.245 0.0685 13
0.7467 0.2458 0.0965 21
0.7375 0.2425 0.123 16
0.8612 0.283 -0.0793 3
0.7312 0.2401 0.1496 23
0.8027 0.2635 -0.0443 8
0.7314 0.2399 0.1777 21
0.7847 0.2574 -0.0144 9
0.7123 0.2335 0.2008 18
0.7738 0.2523 0.0142 15
0.7444 0.2426 0.041 13
0.7521 0.2448 0.0692 16
0.7419 0.2412 0.0958 22
0.7383 0.2399 0.123 16
0.8831 0.2868 -0.0812 2
0.7301 0.237 0.1492 23
0.8169 0.265 -0.045 8
0.7267 0.2356 0.1764 21
0.797 0.2584 -0.0146 9
0.7204 0.2334 0.2029 18
0.7841 0.2528 0.0144 14
0.7357 0.2369 0.0405 10
0.7492 0.241 0.0689 13
0.7503 0.2412 0.0968 21
0.7279 0.2337 0.1211 17
0.8537 0.2739 -0.0784 3
0.7384 0.2369 0.1507 19
0.814 0.261 -0.0448 8
0.72 0.2308 0.1746 22
0.7941 0.2544 -0.0146 9
0.7249 0.232 0.2039 17
0.7736 0.2464 0.0142 11
0.7442 0.2368 0.0409 10
0.7462 0.2373 0.0685 13
0.7398 0.2349 0.0953 22
0.7212 0.2288 0.1198 17
0.8414 0.2667 -0.0772 7
0.7448 0.2361 0.1519 22
0.8111 0.257 -0.0446 8
0.732 0.2318 0.1773 21
0.7912 0.2504 -0.0145 9
0.7055 0.2231 0.1983 18
0.7592 0.2389 0.0139 12
0.7526 0.2366 0.0413 13
0.7414 0.2328 0.068 13
0.75 0.2353 0.0965 21
0.7219 0.2262 0.1198 17
0.8309 0.2602 -0.0762 7
0.7213 0.2258 0.1469 20
0.8158 0.2552 -0.0448 8
0.7235 0.2262 0.175 22
0.7768 0.2428 -0.0142 9
0.7118 0.2224 0.1998 18
0.7639 0.2373 0.014 11
0.7363 0.2286 0.0404 10
0.7422 0.2302 0.068 13
0.7319 0.2267 0.0941 23
0.719 0.2226 0.1192 17
0.8375 0.2591 -0.0767 7
0.7221 0.2233 0.1469 24
0.8053 0.2488 -0.0442 9
0.7243 0.2237 0.175 22
0.7681 0.2372 -0.014 9
0.7088 0.2187 0.1988 18
0.7532 0.2313 0.0138 12
0.7256 0.2225 0.0398 14
0.7449 0.2282 0.0682 13
0.7232 0.2214 0.0929 23
0.7386 0.2258 0.1223 16
0.8422 0.2573 -0.077 7
0.7247 0.2214 0.1473 24
0.7908 0.2415 -0.0433 9
0.7232 0.2207 0.1746 26
0.7708 0.2351 -0.0141 9
0.7151 0.218 0.2003 18
0.7712 0.2339 0.0141 15
0.7244 0.2195 0.0397 10
0.7418 0.2245 0.0678 13
0.7354 0.2223 0.0943 23
0.7205 0.2177 0.1192 17
0.8316 0.2511 -0.076 7
0.7236 0.2183 0.1469 24
0.8127 0.2451 -0.0445 8
0.7221 0.2176 0.1741 22
0.785 0.2366 -0.0143 9
0.714 0.215 0.1998 18
0.7739 0.2319 0.0141 15
0.7348 0.2199 0.0402 10
0.7292 0.2179 0.0666 17
0.738 0.2204 0.0946 22
0.7174 0.214 0.1186 17
0.8153 0.243 -0.0744 8
0.7281 0.2171 0.1477 24
0.8116 0.2418 -0.0444 8
0.7191 0.2141 0.1732 27
0.7724 0.2298 -0.0141 9
0.7055 0.2098 0.1972 19
0.7402 0.219 0.0135 12
0.7298 0.2156 0.0399 10
0.7318 0.2161 0.0668 17
0.7407 0.2184 0.0948 22
0.7144 0.2104 0.118 18
0.7912 0.233 -0.0722 9
0.7138 0.2101 0.1446 25
0.8086 0.2378 -0.0442 13
0.7161 0.2105 0.1723 23
0.7713 0.2266 -0.014 9
0.6988 0.2051 0.1951 19
0.7601 0.222 0.0138 12
0.7401 0.2159 0.0404 10
0.7345 0.2141 0.0669 17
0.7338 0.2136 0.0938 23
0.913 0.2656 -0.1168 2
0.7227 0.2101 0.1192 17
0.8227 0.2392 -0.075 8
0.7108 0.2065 0.1439 25
0.7979 0.2317 -0.0435 9
0.7187 0.2085 0.1728 23
0.7759 0.225 -0.0141 9
0.7088 0.2054 0.1977 20
0.7628 0.2199 0.0139 16
0.7197 0.2072 0.0393 11
0.7391 0.2126 0.0673 14
0.7231 0.2078 0.0924 24
0.8987 0.258 -0.1148 2
0.731 0.2098 0.1205 17
0.8178 0.2346 -0.0744 8
0.719 0.2062 0.1454 24
0.8045 0.2305 -0.0439 13
0.7119 0.2039 0.171 23
0.7767 0.2223 -0.0141 9
0.7077 0.2024 0.1972 21
0.754 0.2145 0.0137 16
0.7301 0.2074 0.0398 10
0.7379 0.2095 0.0671 14
0.7448 0.2112 0.0951 22
0.8652 0.2451 -0.1104 3
0.7089 0.2007 0.1167 18
0.8128 0.2302 -0.0739 8
0.7367 0.2085 0.1488 24
0.8091 0.2288 -0.0441 13
0.707 0.1998 0.1696 24
0.7659 0.2163 -0.0139 10
0.7102 0.2004 0.1977 20
0.772 0.2167 0.014 15
0.7211 0.2023 0.0393 11
0.7348 0.2059 0.0668 17
0.7303 0.2043 0.0931 23
0.889 0.2485 -0.1133 5
0.7115 0.1989 0.117 18
0.7906 0.2209 -0.0718 9
0.7299 0.2038 0.1473 24
0.8061 0.2249 -0.0439 13
0.7133 0.1989 0.171 23
0.7532 0.21 -0.0136 10
0.7016 0.1955 0.1951 21
0.74 0.2051 0.0134 13
0.7315 0.2024 0.0398 10
0.7317 0.2022 0.0664 18
0.7329 0.2024 0.0934 23
0.886 0.2445 -0.1129 5
0.716 0.1975 0.1176 18
0.8048 0.2218 -0.073 8
0.7116 0.1962 0.1435 25
0.7991 0.2201 -0.0434 14
0.7158 0.197 0.1714 23
0.7654 0.2106 -0.0139 10
0.6929 0.1905 0.1926 19
0.7523 0.2057 0.0136 12
0.7437 0.203 0.0404 14
0.7381 0.2014 0.0669 17
0.7221 0.1967 0.0919 24
0.883 0.2404 -0.1124 5
0.7243 0.1971 0.1189 17
0.8094 0.2202 -0.0734 8
0.7066 0.1921 0.1423 26
0.7844 0.2131 -0.0426 15
0.7184 0.1951 0.1719 23
0.77 0.2089 -0.0139 10
0.7104 0.1926 0.1972 21
0.7626 0.2056 0.0138 16
0.7271 0.1958 0.0395 14
0.7465 0.2009 0.0676 17
0.7189 0.1932 0.0914 24
0.8685 0.2332 -0.1104 6
0.7288 0.1956 0.1195 17
0.7928 0.2127 -0.0718 9
0.7244 0.1942 0.1458 24
0.7833 0.2099 -0.0425 15
0.7116 0.1905 0.1701 24
0.7708 0.2062 -0.0139 10
0.7073 0.1891 0.1962 21
0.746 0.1983 0.0135 17
0.7162 0.1902 0.0388 11
0.7472 0.1983 0.0676 21
0.7311 0.1937 0.0929 23
0.8731 0.2312 -0.1109 6
0.7123 0.1885 0.1167 18
0.809 0.214 -0.0732 8
0.7175 0.1897 0.1443 25
0.7859 0.2076 -0.0426 15
0.7103 0.1875 0.1696 24
0.7618 0.201 -0.0138 10
0.708 0.1867 0.1962 21
0.7583 0.1988 0.0137 12
0.7207 0.1887 0.039 11
0.7325 0.1916 0.0662 18
0.7337 0.1917 0.0931 23
0.8605 0.2246 -0.1092 6
0.7034 0.1835 0.1151 18
0.802 0.2092 -0.0725 9
0.7181 0.1872 0.1443 25
0.7828 0.2039 -0.0424 15
0.711 0.1851 0.1696 24
0.7606 0.1978 -0.0137 10
0.6881 0.1788 0.1905 22
0.7551 0.1951 0.0136 12
0.731 0.1888 0.0396 10
0.7312 0.1886 0.0661 21
0.7343 0.1891 0.0931 23
0.8709 0.2241 -0.1104 6
0.7078 0.1821 0.1158 18
0.7969 0.2049 -0.072 9
0.7112 0.1827 0.1427 26
0.7873 0.2022 -0.0426 15
0.7135 0.1831 0.1701 24
0.7593 0.1948 -0.0137 10
0.6961 0.1785 0.1926 21
0.7518 0.1916 0.0135 12
0.7336 0.1867 0.0397 14
0.7415 0.1885 0.0669 21
0.7234 0.1837 0.0916 24
0.8639 0.2192 -0.1094 6
0.7104 0.1801 0.1161 18
0.7996 0.2026 -0.0722 9
0.7041 0.1784 0.1412 27
0.7822 0.1981 -0.0423 10
0.716 0.1812 0.1705 23
0.7658 0.1936 -0.0138 10
0.6986 0.1765 0.1931 21
0.7486 0.188 0.0135 17
0.7206 0.1809 0.0389 15
0.7383 0.185 0.0666 21
0.7241 0.1812 0.0916 24
0.8454 0.2114 -0.107 7
0.7206 0.1802 0.1176 18
0.7944 0.1985 -0.0716 13
0.7105 0.1774 0.1423 26
0.7732 0.1929 -0.0418 15
0.7034 0.1754 0.1674 24
0.7742 0.193 -0.0139 10
0.7048 0.1756 0.1946 21
0.7376 0.1827 0.0133 17
0.7213 0.1784 0.0389 15
0.7447 0.1839 0.0671 21
0.7247 0.1788 0.0916 24
0.8461 0.2086 -0.107 10
0.7001 0.1725 0.1142 19
0.8009 0.1972 -0.0722 13
0.7111 0.175 0.1423 30
0.7855 0.1932 -0.0424 15
0.7078 0.174 0.1683 24
0.7593 0.1865 -0.0136 10
0.6998 0.1718 0.1931 21
0.7558 0.1842 0.0136 17
0.7277 0.1771 0.0393 15
0.7337 0.1785 0.0661 21
0.7292 0.1771 0.0921 24
0.8392 0.2036 -0.106 10
0.7084 0.1718 0.1154 18
0.7919 0.192 -0.0713 9
0.7136 0.1729 0.1427 30
0.7978 0.1932 -0.043 14
0.7046 0.1705 0.1674 24
0.7522 0.1818 -0.0135 10
0.6929 0.1674 0.191 22
0.735 0.1765 0.0132 13
0.7264 0.1741 0.0391 15
0.7285 0.1745 0.0655 21
0.7317 0.175 0.0924 24
0.8495 0.203 -0.1072 10
0.7032 0.1679 0.1145 23
0.781 0.1865 -0.0702 9
0.7085 0.169 0.1416 26
0.7868 0.1876 -0.0424 15
0.7052 0.168 0.1674 24
0.7606 0.1811 -0.0136 10
0.6954 0.1654 0.1915 21
0.7356 0.1739 0.0132 13
0.7347 0.1736 0.0396 14
0.7311 0.1724 0.0657 21
0.7207 0.1697 0.0909 25
0.8502 0.2 -0.1072 10
0.7134 0.1678 0.1161 18
0.8049 0.1892 -0.0723 9
0.7052 0.1657 0.1408 27
0.7875 0.1848 -0.0424 15
0.7191 0.1687 0.1705 27
0.7651 0.1795 -0.0137 10
0.6978 0.1635 0.192 21
0.7518 0.1751 0.0135 12
0.7198 0.1674 0.0387 15
0.7375 0.1712 0.0662 21
0.7194 0.1669 0.0907 25
0.8509 0.1972 -0.1072 10
0.7159 0.1658 0.1164 18
0.792 0.1833 -0.0711 9
0.7058 0.1633 0.1408 27
0.7725 0.1786 -0.0416 16
0.712 0.1645 0.1687 28
0.7696 0.1777 -0.0138 10
0.7059 0.1628 0.1941 21
0.7524 0.1725 0.0135 17
0.7204 0.1649 0.0387 15
0.7361 0.1683 0.0661 25
0.7219 0.1648 0.0909 31
0.8438 0.1925 -0.1063 10
0.703 0.1602 0.1142 23
0.8023 0.1829 -0.072 9
0.7178 0.1635 0.1431 26
0.7809 0.1777 -0.042 15
0.705 0.1603 0.1669 29
0.7527 0.171 -0.0135 10
0.7027 0.1595 0.1931 21
0.7471 0.1685 0.0134 17
0.717 0.1615 0.0385 15
0.7289 0.164 0.0654 22
0.736 0.1653 0.0926 24
0.8522 0.1913 -0.1072 10
0.6997 0.1569 0.1136 23
0.7835 0.1757 -0.0702 9
0.7165 0.1605 0.1427 30
0.7874 0.1763 -0.0423 10
0.6998 0.1566 0.1656 29
0.7474 0.1671 -0.0134 10
0.6844 0.1529 0.1879 22
0.736 0.1633 0.0132 18
0.7273 0.1612 0.039 15
0.7314 0.1619 0.0655 25
0.7366 0.1628 0.0926 24
0.849 0.1874 -0.1068 10
0.7137 0.1576 0.1158 23
0.7744 0.1708 -0.0694 10
0.7075 0.1559 0.1408 27
0.7822 0.1723 -0.042 15
0.7118 0.1566 0.1683 28
0.7519 0.1655 -0.0134 10
0.6981 0.1535 0.1915 21
0.7482 0.1634 0.0134 17
0.722 0.1574 0.0387 15
0.7301 0.1589 0.0654 26
0.7216 0.1569 0.0907 25
0.8341 0.1813 -0.1048 11
0.7123 0.1547 0.1154 23
0.7847 0.1702 -0.0702 9
0.7118 0.1544 0.1416 30
0.7749 0.168 -0.0416 16
0.7142 0.1547 0.1687 28
0.772 0.1671 -0.0138 10
0.6892 0.149 0.1889 22
0.7508 0.1612 0.0134 13
0.7089 0.152 0.038 15
0.7345 0.1573 0.0657 25
0.726 0.1552 0.0912 24
0.8425 0.18 -0.1058 10
0.7167 0.153 0.1161 23
0.7911 0.1687 -0.0708 14
0.7027 0.1499 0.1397 31
0.7755 0.1653 -0.0416 16
0.709 0.151 0.1674 28
0.7687 0.1635 -0.0137 10
0.6973 0.1482 0.191 22
0.7396 0.1561 0.0132 13
0.7172 0.1511 0.0384 15
0.735 0.1546 0.0657 21
0.9492 0.1995 -0.1536 1
0.7265 0.1527 0.0912 30
0.8276 0.1738 -0.1038 11
0.7018 0.1472 0.1136 23
0.7839 0.1643 -0.0701 15
0.7148 0.1497 0.142 30
0.7781 0.1628 -0.0417 15
0.6981 0.146 0.1647 29
0.7575 0.1584 -0.0135 10
0.6997 0.1462 0.1915 21
0.7499 0.1554 0.0134 17
0.7217 0.1495 0.0386 15
0.7317 0.1513 0.0654 26
0.9266 0.1914 -0.1499 1
0.7329 0.1513 0.0919 30
0.8476 0.1749 -0.1063 10
0.7062 0.1456 0.1142 23
0.7767 0.16 -0.0694 15
0.7096 0.146 0.1408 31
0.7923 0.1629 -0.0424 15
0.7043 0.1448 0.166 29
0.758 0.1557 -0.0135 10
0.6888 0.1414 0.1884 25
0.7544 0.1538 0.0134 17
0.7222 0.1471 0.0386 15
0.7244 0.1472 0.0647 26
0.9311 0.1891 -0.1505 1
0.7257 0.1472 0.0909 25
0.8404 0.1705 -0.1053 10
0.7124 0.1444 0.1151 23
0.7674 0.1554 -0.0685 10
0.6966 0.141 0.1381 32
0.787 0.1591 -0.0421 15
0.7048 0.1425 0.166 29
0.7586 0.1532 -0.0135 10
0.695 0.1403 0.19 25
0.7353 0.1473 0.0131 18
0.7129 0.1426 0.0381 15
0.7346 0.1468 0.0655 25
0.9085 0.1814 -0.1467 4
0.7203 0.1437 0.0902 37
0.8371 0.1668 -0.1048 11
0.7149 0.1423 0.1154 23
0.7914 0.1574 -0.0706 9
0.7009 0.1394 0.1389 37
0.7895 0.1569 -0.0422 15
0.7187 0.1427 0.1692 28
0.763 0.1514 -0.0136 10
0.7049 0.1397 0.1926 21
0.7456 0.1467 0.0133 17
0.7134 0.1401 0.0381 15
0.7351 0.1441 0.0655 25
0.8937 0.175 -0.1442 4
0.7169 0.1404 0.0897 25
0.8221 0.1608 -0.1029 12
0.7154 0.1398 0.1154 27
0.7959 0.1554 -0.0709 9
0.7033 0.1372 0.1393 37
0.7685 0.1498 -0.041 16
0.7058 0.1375 0.166 29
0.7557 0.1472 -0.0134 10
0.6959 0.1354 0.19 22
0.752 0.1451 0.0134 17
0.7158 0.138 0.0382 15
0.7435 0.143 0.0662 25
0.902 0.1734 -0.1455 4
0.7213 0.1385 0.0902 37
0.8422 0.1616 -0.1053 10
0.7023 0.1347 0.1133 28
0.8042 0.1541 -0.0716 9
0.7212 0.1381 0.1427 30
0.7847 0.1501 -0.0419 15
0.7082 0.1354 0.1665 29
0.7641 0.146 -0.0136 10
0.6983 0.1333 0.1905 22
0.7525 0.1426 0.0134 17
0.7202 0.1362 0.0384 15
0.7283 0.1375 0.0648 26
0.8948 0.1689 -0.1442 4
0.7276 0.1372 0.0909 31
0.8232 0.1551 -0.1029 12
0.7047 0.1326 0.1136 28
0.7774 0.1462 -0.0692 10
0.7216 0.1357 0.1427 30
0.7871 0.1479 -0.042 15
0.7048 0.1323 0.1656 29
0.7528 0.1411 -0.0134 10
0.6912 0.1295 0.1884 22
0.7451 0.1385 0.0132 18
0.7364 0.1366 0.0393 15
0.7307 0.1354 0.065 26
0.876 0.1622 -0.1411 5
0.7203 0.1332 0.0899 31
0.8355 0.1544 -0.1043 11
0.709 0.1309 0.1142 33
0.7779 0.1435 -0.0692 10
0.7182 0.1325 0.142 30
0.7778 0.1433 -0.0415 16
0.7149 0.1316 0.1678 28
0.7611 0.14 -0.0135 15
0.6878 0.1264 0.1874 22
0.7358 0.1341 0.0131 18
0.7251 0.1319 0.0386 15
0.7312 0.1328 0.065 26
0.8766 0.159 -0.1411 5
0.7071 0.1282 0.0882 39
0.8399 0.1522 -0.1048 11
0.7211 0.1305 0.1161 27
0.7862 0.1422 -0.0699 10
0.7032 0.127 0.1389 32
0.7823 0.1412 -0.0417 15
0.7077 0.1276 0.166 32
0.7616 0.1373 -0.0135 15
0.6997 0.126 0.1905 25
0.7481 0.1335 0.0133 17
0.7137 0.1273 0.038 15
0.7277 0.1295 0.0647 26
0.8771 0.1559 -0.1411 5
0.7154 0.127 0.0892 39
0.8092 0.1437 -0.1009 12
0.7255 0.1287 0.1167 31
0.7828 0.1387 -0.0696 10
0.7133 0.1263 0.1408 31
0.771 0.1364 -0.041 16
0.7023 0.1242 0.1647 32
0.766 0.1353 -0.0136 15
0.6944 0.1226 0.1889 25
0.7564 0.1324 0.0134 17
0.7063 0.1235 0.0376 16
0.7262 0.1267 0.0645 30
0.8991 0.1568 -0.1445 4
0.7236 0.126 0.0902 37
0.8214 0.1431 -0.1024 12
0.7064 0.1229 0.1136 33
0.7754 0.1348 -0.0689 10
0.7157 0.1243 0.1412 31
0.7891 0.1369 -0.042 15
0.697 0.1209 0.1633 33
0.7546 0.1308 -0.0134 16
0.6967 0.1206 0.1895 22
0.745 0.1279 0.0132 18
0.7225 0.1238 0.0384 15
0.7247 0.124 0.0643 30
0.884 0.1511 -0.142 5
0.722 0.1233 0.0899 38
0.8336 0.1422 -0.1038 11
0.701 0.1195 0.1126 34
0.7837 0.1335 -0.0696 10
0.72 0.1226 0.142 30
0.7817 0.1329 -0.0416 16
0.7128 0.1211 0.1669 32
0.7551 0.1281 -0.0134 16
0.6838 0.1159 0.1858 25
0.7336 0.1233 0.013 18
0.719 0.1206 0.0382 15
0.7192 0.1205 0.0638 31
0.8767 0.1467 -0.1408 5
0.7225 0.1208 0.0899 38
0.8184 0.1367 -0.1019 12
0.717 0.1196 0.1151 32
0.7723 0.1288 -0.0685 15
0.7127 0.1187 0.1404 31
0.79 0.1315 -0.042 15
0.7036 0.117 0.1647 29
0.7595 0.1261 -0.0134 15
0.6918 0.1148 0.1879 25
0.7498 0.1233 0.0133 17
0.7292 0.1197 0.0387 18
0.7235 0.1186 0.0641 31
0.8792 0.144 -0.1411 5
0.7151 0.117 0.089 45
0.8307 0.1357 -0.1033 11
0.7116 0.1161 0.1142 38
0.7826 0.1277 -0.0694 10
0.7111 0.1159 0.1401 36
0.7747 0.1262 -0.0411 16
0.7021 0.1142 0.1642 29
0.7639 0.1241 -0.0135 15
0.696 0.113 0.1889 25
0.7463 0.1201 0.0132 18
0.7139 0.1146 0.0379 15
0.7279 0.1167 0.0645 30
0.8914 0.1428 -0.143 4
0.7115 0.1138 0.0885 46
0.8076 0.1291 -0.1004 12
0.7218 0.1152 0.1158 37
0.785 0.1253 -0.0696 10
0.7154 0.1141 0.1408 36
0.7752 0.1235 -0.0411 16
0.7044 0.1121 0.1647 29
0.7603 0.1208 -0.0134 15
0.6907 0.1096 0.1874 25
0.7447 0.117 0.0132 18
0.7103 0.1115 0.0377 16
0.7322 0.1147 0.0648 33
0.8802 0.1377 -0.1411 5
0.7276 0.1137 0.0904 50
0.812 0.1267 -0.1009 12
0.7046 0.11 0.1129 39
0.7756 0.1209 -0.0687 10
0.7197 0.1121 0.1416 35
0.7756 0.1206 -0.0411 16
0.7067 0.1098 0.1651 32
0.741 0.1151 -0.0131 16
0.6968 0.1081 0.1889 27
0.757 0.1164 0.0134 17
0.7166 0.1099 0.038 19
0.7189 0.11 0.0636 34
0.8787 0.1345 -0.1408 7
0.7202 0.1101 0.0895 57
0.8242 0.1258 -0.1024 12
0.7069 0.1078 0.1133 42
0.782 0.1191 -0.0692 10
0.7239 0.1103 0.1423 35
0.7622 0.1159 -0.0404 17
0.709 0.1077 0.1656 32
0.7493 0.1137 -0.0132 21
0.68 0.1031 0.1843 26
0.7416 0.1114 0.0131 18
0.719 0.1077 0.0381 19
0.7232 0.1082 0.064 31
0.8713 0.1302 -0.1395 5
0.7166 0.107 0.089 45
0.8246 0.1229 -0.1024 12
0.7112 0.1059 0.1139 42
0.7587 0.113 -0.0671 11
0.7068 0.1051 0.1389 37
0.7823 0.1162 -0.0415 16
0.7094 0.1053 0.1656 32
0.7616 0.1129 -0.0134 21
0.6918 0.1024 0.1874 25
0.74 0.1085 0.0131 18
0.7273 0.1064 0.0385 15
0.7354 0.1074 0.065 33
0.8581 0.1252 -0.1373 5
0.7131 0.1039 0.0885 53
0.829 0.1206 -0.1029 12
0.7174 0.1043 0.1148 41
0.7768 0.1129 -0.0687 15
0.7072 0.1027 0.1389 37
0.7689 0.1115 -0.0407 16
0.7097 0.1028 0.1656 29
0.7679 0.1111 -0.0135 15
0.696 0.1005 0.1884 27
0.7502 0.1073 0.0132 18
0.7157 0.1022 0.0379 19
0.7318 0.1043 0.0647 30
0.8742 0.1244 -0.1399 7
0.7193 0.1022 0.0892 52
0.8097 0.115 -0.1004 12
0.7139 0.1013 0.1142 47
0.7733 0.1096 -0.0683 10
0.7115 0.1007 0.1397 36
0.7851 0.111 -0.0416 16
0.6985 0.0987 0.1629 30
0.7643 0.108 -0.0135 15
0.7059 0.0996 0.191 25
0.7546 0.1054 0.0133 17
0.7121 0.0992 0.0377 16
0.7361 0.1023 0.065 30
0.8765 0.1218 -0.1402 7
0.7255 0.1007 0.0899 44
0.8219 0.1139 -0.1019 12
0.7064 0.0978 0.1129 48
0.7816 0.108 -0.069 15
0.7118 0.0984 0.1397 36
0.7736 0.1068 -0.0409 16
0.7027 0.0969 0.1638 33
0.7607 0.1047 -0.0134 15
0.6986 0.0961 0.1889 25
0.7549 0.1027 0.0133 17
0.7224 0.0981 0.0382 19
0.7246 0.0982 0.064 34
0.8848 0.1198 -0.1414 7
0.7141 0.0965 0.0885 59
0.8223 0.111 -0.1019 12
0.7067 0.0953 0.1129 58
0.776 0.1046 -0.0685 10
0.7082 0.0954 0.1389 41
0.7858 0.1057 -0.0416 16
0.7011 0.0942 0.1633 33
0.7571 0.1016 -0.0133 16
0.6931 0.0929 0.1874 25
0.7335 0.0972 0.0129 19
0.7267 0.0961 0.0384 19
0.7269 0.096 0.0641 38
0.8656 0.1141 -0.1383 8
0.7262 0.0956 0.0899 57
0.8109 0.1066 -0.1004 12
0.711 0.0933 0.1136 61
0.7724 0.1014 -0.0682 16
0.7125 0.0934 0.1397 36
0.7981 0.1045 -0.0422 15
0.713 0.0932 0.166 32
0.7356 0.0961 -0.0129 16
0.6896 0.0899 0.1863 27
0.7398 0.0954 0.013 18
0.7369 0.0948 0.0389 18
0.7371 0.0947 0.065 33
0.8699 0.1116 -0.1389 7
0.7069 0.0906 0.0875 60
0.8447 0.1081 -0.1046 11
0.7172 0.0916 0.1145 66
0.7787 0.0995 -0.0687 15
0.705 0.0899 0.1381 41
0.7786 0.0992 -0.0411 16
0.7153 0.091 0.1665 36
0.7598 0.0965 -0.0134 16
0.6938 0.088 0.1874 27
0.752 0.0943 0.0132 18
0.7115 0.089 0.0376 20
0.7374 0.0921 0.065 33
0.8742 0.109 -0.1395 7
0.7072 0.0881 0.0875 74
0.8096 0.1007 -0.1002 12
0.7214 0.0896 0.1151 64
0.7869 0.0977 -0.0694 15
0.7033 0.0872 0.1378 41
0.775 0.096 -0.0409 16
0.704 0.0871 0.1638 33
0.7601 0.0939 -0.0134 16
0.7017 0.0865 0.1895 25
0.7424 0.0905 0.0131 18
0.7177 0.0872 0.0379 19
0.7358 0.0893 0.0648 37
0.8668 0.105 -0.1383 8
0.7154 0.0866 0.0885 72
0.8218 0.0993 -0.1016 12
0.7041 0.085 0.1123 58
0.7754 0.0936 -0.0683 15
0.7095 0.0855 0.1389 41
0.7793 0.0938 -0.0411 16
0.6965 0.0837 0.162 33
0.7505 0.09 -0.0132 16
0.7059 0.0845 0.1905 27
0.7566 0.0895 0.0133 17
0.7279 0.0859 0.0384 19
0.7242 0.0853 0.0638 38
0.8868 0.1043 -0.1414 7
0.7196 0.0845 0.089 71
0.83 0.0974 -0.1026 12
0.7043 0.0825 0.1123 58
0.7638 0.0895 -0.0673 16
0.7156 0.0837 0.1401 40
0.7876 0.092 -0.0416 16
0.7104 0.0828 0.1651 36
0.7488 0.0872 -0.0132 16
0.687 0.0799 0.1853 27
0.741 0.0851 0.013 18
0.7342 0.0842 0.0387 18
0.7186 0.0821 0.0633 34
0.8675 0.099 -0.1383 8
0.7179 0.0818 0.0887 78
0.8185 0.0933 -0.1012 12
0.7125 0.081 0.1136 66
0.7602 0.0863 -0.0669 16
0.7042 0.0799 0.1378 41
0.7958 0.0901 -0.042 15
0.701 0.0794 0.1629 33
0.7531 0.0851 -0.0132 16
0.6872 0.0776 0.1853 27
0.7413 0.0826 0.013 18
0.7345 0.0817 0.0387 18
0.7307 0.0811 0.0643 37
0.8796 0.0974 -0.1402 7
0.7241 0.0801 0.0895 70
0.8346 0.0923 -0.1031 11
0.7206 0.0796 0.1148 78
0.7783 0.0858 -0.0685 15
0.7045 0.0775 0.1378 41
0.7723 0.0849 -0.0407 16
0.7032 0.0773 0.1633 33
0.7573 0.0831 -0.0133 16
0.699 0.0766 0.1884 27
0.7455 0.0806 0.0131 18
0.7228 0.0779 0.0381 19
0.7349 0.0791 0.0647 37
0.8721 0.0937 -0.1389 7
0.7046 0.0756 0.087 60
0.8112 0.0868 -0.1002 12
0.7169 0.0766 0.1142 66
0.7845 0.0838 -0.069 15
0.7125 0.076 0.1393 46
0.7805 0.0831 -0.0411 16
0.7034 0.0748 0.1633 33
0.7616 0.0809 -0.0134 16
0.6954 0.0737 0.1874 27
0.7538 0.0788 0.0132 18
0.7271 0.0758 0.0383 19
0.7352 0.0765 0.0647 37
0.8881 0.0922 -0.1414 7
0.7128 0.0739 0.088 66
0.8234 0.0852 -0.1016 12
0.7093 0.0733 0.1129 68
0.7729 0.0799 -0.068 16
0.7089 0.0731 0.1385 41
0.7768 0.08 -0.0409 16
0.7056 0.0725 0.1638 37
0.746 0.0766 -0.0131 16
0.7091 0.0727 0.191 27
0.754 0.0762 0.0132 18
0.7313 0.0736 0.0385 19
0.7236 0.0727 0.0636 34
0.8864 0.0889 -0.1411 7
0.7229 0.0724 0.0892 65
0.8178 0.0818 -0.1009 12
0.7017 0.07 0.1117 73
0.7732 0.0772 -0.068 16
0.7131 0.071 0.1393 41
0.785 0.0781 -0.0413 16
0.7097 0.0705 0.1647 32
0.7621 0.0755 -0.0134 16
0.694 0.0687 0.1869 27
0.7463 0.0728 0.0131 18
0.7256 0.0705 0.0382 19
0.7357 0.0714 0.0647 37
0.871 0.0843 -0.1386 8
0.7291 0.0705 0.0899 57
0.8319 0.0802 -0.1026 12
0.7138 0.0687 0.1136 52
0.7774 0.0749 -0.0683 15
0.7153 0.0687 0.1397 36
0.7893 0.0757 -0.0416 16
0.7178 0.0687 0.1665 32
0.7425 0.071 -0.013 16
0.6904 0.0659 0.1858 27
0.7426 0.0698 0.013 18
0.7238 0.0678 0.0381 19
0.726 0.0679 0.0638 38
0.8654 0.0807 -0.1377 8
0.7135 0.0664 0.088 59
0.8321 0.0773 -0.1026 12
0.7219 0.067 0.1148 55
0.7856 0.0729 -0.069 15
0.7077 0.0655 0.1381 37
0.7697 0.0711 -0.0405 16
0.7238 0.0668 0.1678 31
0.7547 0.0695 -0.0132 16
0.6983 0.0642 0.1879 25
0.7548 0.0683 0.0132 18
0.7241 0.0653 0.0381 19
0.7303 0.0657 0.0641 38
0.8991 0.0807 -0.143 7
0.7078 0.0634 0.0873 67
0.8146 0.0728 -0.1004 12
0.7201 0.0643 0.1145 47
0.7859 0.0701 -0.069 15
0.7118 0.0634 0.1389 37
0.7659 0.0681 -0.0403 17
0.7007 0.0622 0.1624 33
0.7709 0.0683 -0.0135 15
0.6966 0.0616 0.1874 27
0.763 0.0664 0.0134 17
0.7283 0.0632 0.0383 19
0.7404 0.064 0.065 33
0.8719 0.0752 -0.1386 8
0.7199 0.062 0.0887 58
0.8208 0.0705 -0.1012 12
0.7144 0.0614 0.1136 42
0.7782 0.0667 -0.0683 15
0.7159 0.0613 0.1397 36
0.79 0.0675 -0.0416 16
0.7048 0.0601 0.1633 33
0.7551 0.0643 -0.0132 16
0.7007 0.0596 0.1884 25
0.7552 0.0632 0.0132 18
0.7285 0.0607 0.0383 19
0.7208 0.0598 0.0633 34
0.8859 0.0735 -0.1408 7
0.726 0.0601 0.0895 44
0.825 0.0681 -0.1016 12
0.7107 0.0586 0.1129 43
0.7744 0.0637 -0.068 16
0.72 0.0592 0.1404 36
0.7942 0.0652 -0.0418 15
0.707 0.0579 0.1638 33
0.7554 0.0617 -0.0132 16
0.6932 0.0565 0.1863 27
0.7475 0.0599 0.0131 18
0.7307 0.0584 0.0384 19
0.7289 0.058 0.064 31
0.8763 0.0696 -0.1392 7
0.7302 0.0579 0.0899 44
0.8331 0.0659 -0.1026 12
0.7227 0.0571 0.1148 41
0.7945 0.0627 -0.0697 15
0.7144 0.0562 0.1393 37
0.7865 0.0618 -0.0413 16
0.7149 0.056 0.1656 32
0.7635 0.0598 -0.0134 16
0.6972 0.0545 0.1874 27
0.7477 0.0574 0.0131 18
0.7289 0.0557 0.0383 19
0.737 0.0561 0.0647 33
0.8844 0.0673 -0.1405 7
0.7146 0.0542 0.088 39
0.8393 0.0635 -0.1033 11
0.719 0.0543 0.1142 42
0.7947 0.0599 -0.0697 15
0.7165 0.054 0.1397 36
0.7867 0.0592 -0.0413 16
0.7171 0.0538 0.166 32
0.7677 0.0575 -0.0134 15
0.6974 0.0521 0.1874 25
0.7519 0.055 0.0132 18
0.7311 0.0532 0.0384 19
0.7412 0.0538 0.065 30
0.8748 0.0633 -0.1389 7
0.7227 0.0522 0.089 52
0.8296 0.0598 -0.1021 12
0.727 0.0522 0.1154 41
0.787 0.0565 -0.069 15
0.7167 0.0514 0.1397 36
0.7829 0.056 -0.0411 16
0.7075 0.0505 0.1638 30
0.76 0.0541 -0.0133 16
0.7014 0.0498 0.1884 25
0.7561 0.0526 0.0132 18
0.7293 0.0505 0.0383 19
0.7454 0.0515 0.0654 33
0.8908 0.0614 -0.1414 7
0.7248 0.0498 0.0892 52
0.8258 0.0566 -0.1016 12
0.7252 0.0496 0.1151 41
0.7951 0.0543 -0.0697 15
0.7208 0.0491 0.1404 36
0.7911 0.0538 -0.0416 16
0.7058 0.0479 0.1633 33
0.7601 0.0514 -0.0133 16
0.7055 0.0476 0.1895 25
0.7602 0.0502 0.0133 17
0.7314 0.0481 0.0384 19
0.7376 0.0483 0.0647 33
0.891 0.0582 -0.1414 7
0.727 0.0474 0.0895 44
0.8181 0.0532 -0.1007 12
0.7096 0.046 0.1126 34
0.7953 0.0516 -0.0697 15
0.7268 0.047 0.1416 35
0.7913 0.051 -0.0416 16
0.7215 0.0464 0.1669 32
0.7523 0.0483 -0.0132 16
0.6998 0.0448 0.1879 25
0.7484 0.0468 0.0131 18
0.7316 0.0455 0.0384 19
0.7298 0.0453 0.064 34
0.8734 0.054 -0.1386 5
0.7331 0.0452 0.0902 37
0.8341 0.0513 -0.1026 12
0.7157 0.0439 0.1136 33
0.7756 0.0476 -0.068 16
0.7153 0.0437 0.1393 37
0.7914 0.0483 -0.0416 16
0.7197 0.0438 0.1665 29
0.7645 0.0464 -0.0134 16
0.7 0.0423 0.1879 25
0.7486 0.0442 0.0131 18
0.7437 0.0437 0.039 18
0.7379 0.0432 0.0647 30
0.8953 0.0522 -0.142 7
0.7174 0.0417 0.0882 39
0.8363 0.0485 -0.1029 12
0.7198 0.0416 0.1142 33
0.7916 0.0458 -0.0694 15
0.7154 0.0412 0.1393 37
0.7776 0.0447 -0.0408 16
0.7179 0.0411 0.166 29
0.7726 0.0441 -0.0135 15
0.7059 0.0402 0.1895 22
0.7567 0.042 0.0132 18
0.7279 0.0402 0.0382 19
0.744 0.0409 0.0652 30
0.8836 0.0485 -0.1402 7
0.7255 0.0397 0.0892 39
0.8345 0.0455 -0.1026 12
0.7219 0.0392 0.1145 33
0.7918 0.043 -0.0694 15
0.7234 0.0392 0.1408 36
0.7738 0.0418 -0.0406 16
0.7083 0.0381 0.1638 30
0.7688 0.0412 -0.0134 15
0.7041 0.0376 0.1889 25
0.7529 0.0392 0.0132 18
0.724 0.0374 0.038 19
0.7422 0.0382 0.065 30
0.8897 0.0457 -0.1411 7
0.7256 0.0371 0.0892 39
0.8426 0.043 -0.1036 11
0.7161 0.0364 0.1136 33
0.7999 0.0407 -0.0701 15
0.7255 0.0368 0.1412 31
0.7859 0.0397 -0.0412 16
0.7182 0.0361 0.166 29
0.7609 0.0381 -0.0133 16
0.712 0.0356 0.191 25
0.751 0.0365 0.0131 18
0.7361 0.0355 0.0386 18
0.7324 0.0352 0.0641 31
0.9096 0.0435 -0.1442 4
0.7376 0.0352 0.0907 37
0.8368 0.0398 -0.1029 12
0.7202 0.0341 0.1142 28
0.7861 0.0372 -0.0689 15
0.7276 0.0343 0.1416 35
0.794 0.0373 -0.0417 15
0.7164 0.0335 0.1656 29
0.7531 0.0351 -0.0132 16
0.6909 0.0321 0.1853 25
0.7531 0.0339 0.0132 18
0.7382 0.0331 0.0387 15
0.7345 0.0327 0.0643 30
0.8723 0.0387 -0.1383 5
0.7318 0.0323 0.0899 31
0.8448 0.0372 -0.1038 11
0.7203 0.0317 0.1142 28
0.7882 0.0346 -0.069 15
0.7296 0.0319 0.142 35
0.7922 0.0344 -0.0416 16
0.7165 0.031 0.1656 29
0.7692 0.0333 -0.0134 15
0.7064 0.0305 0.1895 22
0.7492 0.0313 0.0131 18
0.7384 0.0306 0.0387 18
0.7386 0.0303 0.0647 30
0.898 0.0369 -0.1424 4
0.72 0.0294 0.0885 33
0.843 0.0343 -0.1036 11
0.7204 0.0292 0.1142 28
0.7883 0.0318 -0.069 15
0.718 0.029 0.1397 31
0.7803 0.0313 -0.0409 16
0.7205 0.0288 0.1665 29
0.7773 0.0309 -0.0136 15
0.7065 0.028 0.1895 22
0.7613 0.0291 0.0133 17
0.7305 0.0277 0.0383 15
0.7406 0.0279 0.0648 26
0.914 0.0343 -0.1449 4
0.7241 0.0271 0.089 32
0.8332 0.031 -0.1024 12
0.7245 0.0268 0.1148 27
0.7944 0.0294 -0.0696 15
0.7298 0.0269 0.142 30
0.7924 0.0291 -0.0416 16
0.7128 0.026 0.1647 29
0.7814 0.0284 -0.0136 15
0.7105 0.0257 0.1905 22
0.7654 0.0266 0.0134 17
0.7346 0.0253 0.0385 15
0.7447 0.0255 0.0652 26
0.9003 0.0307 -0.1427 4
0.7321 0.0248 0.0899 25
0.8253 0.0278 -0.1014 12
0.7246 0.0243 0.1148 27
0.7885 0.0264 -0.069 15
0.7162 0.0239 0.1393 32
0.7925 0.0263 -0.0416 16
0.7187 0.0237 0.166 29
0.7615 0.025 -0.0133 16
0.7221 0.0236 0.1936 21
0.7635 0.0239 0.0133 17
0.7386 0.0228 0.0387 15
0.7329 0.0225 0.0641 27
0.9023 0.0276 -0.143 4
0.7381 0.0224 0.0907 25
0.8532 0.0258 -0.1048 11
0.7167 0.0215 0.1136 28
0.7886 0.0237 -0.069 15
0.7339 0.0219 0.1427 26
0.7826 0.0232 -0.041 16
0.7207 0.0213 0.1665 29
0.7536 0.0221 -0.0132 16
0.7068 0.0206 0.1895 22
0.7576 0.021 0.0132 18
0.7307 0.02 0.0383 15
0.723 0.0197 0.0633 23
0.9261 0.0251 -0.1467 4
0.7521 0.0202 0.0924 24
0.8573 0.0229 -0.1053 10
0.7287 0.0193 0.1154 27
0.8046 0.0214 -0.0704 14
0.7144 0.0188 0.1389 32
0.8026 0.021 -0.0421 15
0.7247 0.0189 0.1674 28
0.7696 0.0199 -0.0134 15
0.701 0.018 0.1879 22
0.7517 0.0182 0.0131 18
0.7428 0.0178 0.0389 15
0.7469 0.0177 0.0654 26
0.9222 0.0217 -0.1461 4
0.7323 0.0171 0.0899 25
0.8573 0.0199 -0.1053 10
0.7267 0.0167 0.1151 23
0.8087 0.0186 -0.0708 14
0.7203 0.0165 0.1401 27
0.7827 0.0178 -0.041 16
0.7364 0.0166 0.1701 28
0.7817 0.0175 -0.0136 10
0.7165 0.0159 0.192 21
0.7777 0.0162 0.0136 17
0.7428 0.0152 0.0389 15
0.749 0.0152 0.0655 25
0.9342 0.0188 -0.148 4
0.7264 0.0145 0.0892 26
0.8395 0.0166 -0.1031 11
0.7268 0.0142 0.1151 23
0.7868 0.0154 -0.0689 15
0.7282 0.0141 0.1416 26
0.7968 0.0153 -0.0418 15
0.7248 0.0138 0.1674 28
0.7857 0.0148 -0.0137 15
0.7089 0.0132 0.19 22
0.7558 0.0131 0.0132 18
0.7389 0.0125 0.0387 15
0.747 0.0125 0.0654 26
0.9342 0.0155 -0.148 4
0.7403 0.0121 0.0909 25
0.8535 0.0139 -0.1048 11
0.7229 0.0116 0.1145 23
0.8128 0.0131 -0.0711 14
0.7302 0.0116 0.142 26
0.7928 0.0125 -0.0416 16
0.7209 0.0112 0.1665 29
0.7618 0.0117 -0.0133 10
0.7128 0.0108 0.191 22
0.7638 0.0105 0.0133 17
0.7369 0.0099 0.0386 15
0.7491 0.0099 0.0655 25
0.9698 0.0127 -0.1536 3
0.7424 0.0096 0.0912 24
0.8476 0.0108 -0.1041 11
0.719 0.009 0.1139 23
0.7949 0.01 -0.0696 10
0.7263 0.009 0.1412 27
0.7929 0.0097 -0.0416 16
0.719 0.0087 0.166 29
0.7658 0.0091 -0.0134 16
0.6993 0.0082 0.1874 20
0.7558 0.0078 0.0132 18
0.7489 0.0076 0.0393 15
0.7431 0.0073 0.065 26
0.7483 0.0071 0.0919 24
0.8575 0.0079 -0.1053 10
0.719 0.0067 0.1139 19
0.7949 0.0072 -0.0696 15
0.7185 0.0064 0.1397 27
0.7969 0.007 -0.0418 15
0.7366 0.0063 0.1701 24
0.7739 0.0066 -0.0135 10
0.7128 0.006 0.191 22
0.7599 0.0053 0.0133 17
0.747 0.005 0.0391 15
0.7531 0.0047 0.0659 21
0.7365 0.0045 0.0904 25
0.8575 0.0051 -0.1053 10
0.7388 0.0043 0.117 18
0.8009 0.0045 -0.0701 15
0.7264 0.0041 0.1412 27
0.7989 0.0043 -0.0419 15
0.7425 0.0039 0.1714 23
0.7659 0.0039 -0.0134 16
0.7128 0.0035 0.191 22
0.7679 0.0027 0.0134 17
0.737 0.0024 0.0386 15
0.7511 0.0022 0.0657 21
0.7305 0.0019 0.0897 25
0.8496 0.0021 -0.1043 11
0.7388 0.0018 0.117 22
0.8109 0.0018 -0.0709 9
0.7323 0.0015 0.1423 26
0.7949 0.0015 -0.0417 15
0.7269 0.0013 0.1678 24
0.7819 0.0014 -0.0136 10
0.7148 0.0011 0.1915 19
0.7659 0.0001 0.0134 17
0.737 -0.0001 0.0386 15
0.7551 -0.0004 0.0661 21
0.7504 -0.0005 0.0921 24
0.8655 -0.0008 -0.1063 10
0.723 -0.0008 0.1145 19
0.8029 -0.001 -0.0702 9
0.7382 -0.0009 0.1435 25
0.8129 -0.0011 -0.0426 15
0.7249 -0.0011 0.1674 24
0.7739 -0.0014 -0.0135 10
0.7186 -0.0014 0.1926 19
0.7619 -0.0027 0.0133 17
0.745 -0.0027 0.039 15
0.7392 -0.003 0.0647 22
0.7444 -0.0032 0.0914 24
0.8615 -0.0039 -0.1058 10
0.7289 -0.0033 0.1154 18
0.789 -0.0037 -0.069 10
0.7401 -0.0036 0.1439 25
0.7969 -0.004 -0.0418 15
0.7269 -0.0038 0.1678 24
0.7819 -0.0041 -0.0136 15
0.7032 -0.0038 0.1884 20
0.7659 -0.0052 0.0134 17
0.7529 -0.0054 0.0395 14
0.7411 -0.0056 0.0648 22
0.7543 -0.0058 0.0926 24
0.8635 -0.0068 -0.106 10
0.7368 -0.0059 0.1167 18
0.7969 -0.0065 -0.0697 10
0.7225 -0.0059 0.1404 27
0.8049 -0.0067 -0.0422 15
0.7288 -0.0062 0.1683 24
0.7779 -0.0068 -0.0136 10
0.7032 -0.0063 0.1884 20
0.7478 -0.0078 0.0131 13
0.7529 -0.0081 0.0395 14
0.7511 -0.0083 0.0657 21
0.7424 -0.0084 0.0912 24
0.8654 -0.01 -0.1063 10
0.7407 -0.0087 0.1173 18
0.8228 -0.0096 -0.072 9
0.7224 -0.0086 0.1404 27
0.8088 -0.0097 -0.0424 15
0.7307 -0.0089 0.1687 24
0.7858 -0.0097 -0.0137 10
0.7186 -0.009 0.1926 21
0.7738 -0.0108 0.0135 17
0.7409 -0.0106 0.0388 15
0.753 -0.0109 0.0659 18
0.7404 -0.011 0.0909 25
0.8594 -0.0129 -0.1055 10
0.7466 -0.0113 0.1183 17
0.8148 -0.0124 -0.0713 9
0.7381 -0.0113 0.1435 25
0.7968 -0.0124 -0.0418 15
0.7346 -0.0115 0.1696 24
0.7898 -0.0125 -0.0138 10
0.7244 -0.0116 0.1941 21
0.7758 -0.0135 0.0135 12
0.7389 -0.013 0.0387 15
0.759 -0.0136 0.0664 21
0.7423 -0.0136 0.0912 24
0.8713 -0.0161 -0.107 10
0.7229 -0.0134 0.1145 19
0.8147 -0.0152 -0.0713 14
0.742 -0.014 0.1443 25
0.8167 -0.0155 -0.0428 14
0.7345 -0.0141 0.1696 24
0.7697 -0.0148 -0.0134 10
0.7243 -0.014 0.1941 21
0.7777 -0.0162 0.0136 17
0.7488 -0.0158 0.0393 15
0.7569 -0.0163 0.0662 18
0.7561 -0.0164 0.0929 23
0.8792 -0.0192 -0.108 6
0.7386 -0.0162 0.117 18
0.7968 -0.0177 -0.0697 10
0.7439 -0.0165 0.1446 25
0.8247 -0.0184 -0.0432 14
0.7403 -0.0167 0.171 23
0.7857 -0.0178 -0.0137 10
0.7146 -0.0163 0.1915 19
0.7677 -0.0186 0.0134 13
0.7527 -0.0184 0.0395 14
0.7509 -0.0186 0.0657 21
0.7561 -0.019 0.0929 23
0.8851 -0.0224 -0.1087 6
0.7287 -0.0184 0.1154 18
0.8246 -0.021 -0.0722 9
0.7262 -0.0186 0.1412 22
0.8246 -0.0213 -0.0432 14
0.7403 -0.0193 0.171 20
0.7856 -0.0204 -0.0137 10
0.7184 -0.0188 0.1926 19
0.7636 -0.0211 0.0133 17
0.7627 -0.0213 0.04 14
0.7588 -0.0215 0.0664 18
0.7501 -0.0213 0.0921 24
0.887 -0.0254 -0.109 6
0.7405 -0.0213 0.1173 18
0.8245 -0.0239 -0.0722 9
0.7398 -0.0214 0.1439 21
0.8065 -0.0235 -0.0423 10
0.7402 -0.0217 0.171 23
0.7975 -0.0235 -0.0139 10
0.7261 -0.0215 0.1946 19
0.7755 -0.0241 0.0135 17
0.7526 -0.0237 0.0395 14
0.7547 -0.0239 0.0661 18
0.75 -0.024 0.0921 24
0.873 -0.028 -0.1072 6
0.7443 -0.024 0.118 18
0.8244 -0.0268 -0.0722 9
0.7417 -0.0241 0.1443 25
0.8144 -0.0266 -0.0427 10
0.7323 -0.024 0.1692 21
0.7974 -0.0263 -0.0139 10
0.7298 -0.0242 0.1957 19
0.7754 -0.0268 0.0135 17
0.7525 -0.0263 0.0395 14
0.7686 -0.0271 0.0673 21
0.7439 -0.0264 0.0914 24
0.8927 -0.0318 -0.1097 6
0.7324 -0.0262 0.1161 18
0.8402 -0.0302 -0.0736 8
0.7416 -0.0268 0.1443 21
0.8123 -0.0295 -0.0426 10
0.74 -0.027 0.171 23
0.7934 -0.029 -0.0139 10
0.7375 -0.027 0.1977 18
0.7893 -0.0302 0.0138 16
0.7584 -0.0293 0.0398 14
0.7585 -0.0294 0.0664 18
0.7538 -0.0295 0.0926 24
0.8906 -0.035 -0.1094 6
0.7362 -0.0291 0.1167 18
0.8222 -0.0324 -0.072 9
0.7533 -0.0299 0.1465 20
0.8202 -0.0327 -0.043 14
0.7419 -0.0297 0.1714 23
0.7932 -0.0319 -0.0139 10
0.7374 -0.0297 0.1977 18
0.7712 -0.0322 0.0135 17
0.7663 -0.0323 0.0402 10
0.7564 -0.032 0.0662 18
0.7556 -0.0322 0.0929 23
0.8786 -0.0376 -0.108 6
0.7401 -0.0318 0.1173 18
0.8261 -0.0355 -0.0723 9
0.7375 -0.0318 0.1435 21
0.8201 -0.0355 -0.043 9
0.7535 -0.0328 0.1741 19
0.8051 -0.0352 -0.0141 9
0.7218 -0.0316 0.1936 19
0.7791 -0.0352 0.0136 16
0.7681 -0.035 0.0403 14
0.7643 -0.035 0.0669 21
0.7516 -0.0347 0.0924 24
0.8943 -0.0414 -0.1099 6
0.7439 -0.0346 0.118 18
0.8339 -0.0387 -0.073 8
0.7413 -0.0346 0.1443 21
0.82 -0.0384 -0.043 9
0.7514 -0.0353 0.1737 22
0.793 -0.0374 -0.0139 10
0.741 -0.0351 0.1988 18
0.7869 -0.0384 0.0138 16
0.7561 -0.0371 0.0397 14
0.7681 -0.0378 0.0673 17
0.7435 -0.0369 0.0914 24
0.8942 -0.0445 -0.1099 6
0.7458 -0.0373 0.1183 13
0.8139 -0.0407 -0.0713 9
0.7412 -0.0372 0.1443 21
0.8238 -0.0414 -0.0432 14
0.7454 -0.0376 0.1723 23
0.8028 -0.0407 -0.014 9
0.7409 -0.0377 0.1988 18
0.8008 -0.0418 0.014 15
0.7599 -0.0398 0.0399 10
0.76 -0.0401 0.0666 14
0.7691 -0.0408 0.0946 22
0.8623 -0.0458 -0.106 7
0.7496 -0.0399 0.1189 13
0.8376 -0.0448 -0.0734 8
0.7548 -0.0405 0.1469 20
0.8217 -0.0442 -0.0431 9
0.7433 -0.04 0.1719 23
0.7907 -0.0427 -0.0138 10
0.7407 -0.0401 0.1988 15
0.7787 -0.0433 0.0136 12
0.7658 -0.0427 0.0402 10
0.7619 -0.0427 0.0668 14
0.7571 -0.0427 0.0931 23
0.9057 -0.0511 -0.1114 3
0.7435 -0.0421 0.118 18
0.8335 -0.0473 -0.073 8
0.7605 -0.0433 0.1481 20
0.8215 -0.0469 -0.0431 9
0.749 -0.0428 0.1732 23
0.7906 -0.0453 -0.0138 10
0.7329 -0.0421 0.1967 19
0.7745 -0.0456 0.0135 12
0.7596 -0.045 0.0399 14
0.7657 -0.0455 0.0671 14
0.7728 -0.0462 0.0951 22
0.9333 -0.0559 -0.1148 2
0.7532 -0.0453 0.1195 17
0.8353 -0.0502 -0.0732 8
0.7447 -0.0449 0.145 21
0.8293 -0.0501 -0.0435 9
0.7547 -0.0458 0.1746 22
0.8024 -0.0488 -0.014 9
0.7482 -0.0456 0.2008 18
0.7824 -0.0488 0.0137 12
0.7694 -0.0483 0.0404 10
0.7616 -0.0479 0.0668 14
0.7548 -0.0478 0.0929 23
0.7669 -0.0488 0.1217 16
0.847 -0.0539 -0.0743 8
0.7406 -0.0472 0.1443 21
0.8232 -0.0527 -0.0432 9
0.7623 -0.0489 0.1764 21
0.8142 -0.0524 -0.0142 9
0.7441 -0.048 0.1998 18
0.7862 -0.0518 0.0138 12
0.7453 -0.0494 0.0391 11
0.7793 -0.0518 0.0683 13
0.7527 -0.0503 0.0926 18
0.7608 -0.0511 0.1208 12
0.8707 -0.0586 -0.0763 7
0.762 -0.0513 0.1484 20
0.833 -0.0562 -0.0438 9
0.7486 -0.0506 0.1732 23
0.824 -0.0559 -0.0144 9
0.744 -0.0506 0.1998 15
0.798 -0.0554 0.014 11
0.7511 -0.0524 0.0395 10
0.7871 -0.0552 0.069 13
0.7624 -0.0536 0.0938 23
0.7527 -0.0532 0.1195 13
0.8546 -0.0605 -0.075 8
0.7579 -0.0538 0.1477 24
0.8327 -0.0593 -0.0438 9
0.7406 -0.0528 0.1714 20
0.8118 -0.0579 -0.0142 9
0.7573 -0.0541 0.2034 14
0.7978 -0.0583 0.014 11
0.7609 -0.0559 0.04 10
0.767 -0.0565 0.0673 14
0.776 -0.0574 0.0955 22
0.7486 -0.0556 0.1189 13
0.8464 -0.0629 -0.0743 8
0.7733 -0.0576 0.1507 19
0.8465 -0.0632 -0.0445 8
0.7598 -0.0569 0.1759 22
0.8036 -0.0603 -0.0141 9
0.7455 -0.0561 0.2003 18
0.7816 -0.0599 0.0137 12
0.7667 -0.059 0.0403 10
0.7648 -0.059 0.0671 14
0.7679 -0.0595 0.0946 22
0.7563 -0.0589 0.1201 12
0.8541 -0.0665 -0.075 8
0.7438 -0.058 0.145 21
0.8244 -0.0644 -0.0433 9
0.7538 -0.0591 0.1746 19
0.8154 -0.064 -0.0143 9
0.7453 -0.0587 0.2003 15
0.7933 -0.0636 0.0139 12
0.7705 -0.0619 0.0405 10
0.7646 -0.0617 0.0671 14
0.7637 -0.0619 0.0941 17
0.7659 -0.0622 0.1217 12
0.8658 -0.0704 -0.076 7
0.7553 -0.0616 0.1473 20
0.8321 -0.068 -0.0438 9
0.775 -0.0633 0.1795 18
0.8271 -0.0677 -0.0145 9
0.7644 -0.0627 0.2055 14
0.8091 -0.0675 0.0142 11
0.7703 -0.0644 0.0405 10
0.7783 -0.0654 0.0683 13
0.7655 -0.0646 0.0943 17
0.7696 -0.065 0.1223 12
0.8676 -0.0735 -0.0762 3
0.7571 -0.0642 0.1477 20
0.8279 -0.0704 -0.0435 9
0.7573 -0.0644 0.1755 22
0.8149 -0.0694 -0.0143 9
0.7468 -0.0638 0.2008 15
0.8009 -0.0695 0.014 11
0.7641 -0.0664 0.0402 10
0.784 -0.0685 0.0689 13
0.7752 -0.068 0.0955 16
0.7655 -0.0672 0.1217 12
0.8653 -0.0762 -0.076 3
0.7627 -0.0673 0.1488 20
0.8475 -0.0749 -0.0446 8
0.7571 -0.0669 0.1755 19
0.8207 -0.0727 -0.0144 9
0.762 -0.0676 0.205 12
0.8026 -0.0723 0.0141 11
0.7678 -0.0693 0.0404 10
0.7679 -0.0696 0.0675 14
0.773 -0.0703 0.0953 16
0.7652 -0.0698 0.1217 12
0.8571 -0.0783 -0.0753 3
0.7742 -0.0709 0.1511 18
0.8493 -0.0779 -0.0447 8
0.7646 -0.0701 0.1773 21
0.8125 -0.0747 -0.0142 9
0.7522 -0.0692 0.2024 13
0.8043 -0.0756 0.0141 11
0.7795 -0.0734 0.041 10
0.7756 -0.0733 0.0682 13
0.7944 -0.0754 0.098 15
0.7709 -0.0733 0.1226 12
0.8608 -0.082 -0.0757 3
0.772 -0.0737 0.1507 19
0.8609 -0.0823 -0.0453 8
0.7682 -0.0736 0.1782 21
0.8161 -0.0782 -0.0143 9
0.7519 -0.0721 0.2024 13
0.8061 -0.0785 0.0141 11
0.7812 -0.0763 0.0411 10
0.7753 -0.076 0.0682 13
0.7784 -0.0765 0.096 16
0.7706 -0.076 0.1226 12
0.8903 -0.0879 -0.0783 3
0.7678 -0.0758 0.15 19
0.8527 -0.0844 -0.0449 8
0.7718 -0.0765 0.1791 18
0.8358 -0.083 -0.0147 9
0.767 -0.0763 0.2065 12
0.8058 -0.0813 0.0141 11
0.7631 -0.0771 0.0402 10
0.7988 -0.081 0.0702 12
0.7742 -0.0788 0.0955 16
0.7861 -0.0801 0.1251 12
0.9018 -0.0921 -0.0793 3
0.7656 -0.0783 0.1496 19
0.8623 -0.0883 -0.0454 8
0.7754 -0.0796 0.18 21
0.8335 -0.0855 -0.0146 9
0.7572 -0.0778 0.2039 10
0.8174 -0.0852 0.0143 10
0.7747 -0.081 0.0408 10
0.7867 -0.0825 0.0692 13
0.7877 -0.0828 0.0973 15
0.7838 -0.0827 0.1248 12
0.9729 -0.1028 -0.0856 1
0.7771 -0.0821 0.1519 18
0.8699 -0.092 -0.0458 7
0.7752 -0.0822 0.18 15
0.8252 -0.0876 -0.0145 9
0.7761 -0.0825 0.2091 10
0.8311 -0.0895 0.0146 10
0.7843 -0.0848 0.0413 10
0.7864 -0.0852 0.0692 13
0.7815 -0.0849 0.0965 16
0.7639 -0.0833 0.1217 12
0.7963 -0.0869 0.1557 17
0.8617 -0.0942 -0.0454 8
0.7807 -0.0855 0.1813 15
0.805 -0.0883 -0.0141 4
0.7681 -0.0844 0.2071 12
0.8188 -0.0911 0.0144 10
0.7781 -0.0869 0.041 10
0.7861 -0.0879 0.0692 13
0.797 -0.0894 0.0985 15
0.7813 -0.0879 0.1245 12
0.7706 -0.0868 0.1507 19
0.8514 -0.0961 -0.0449 4
0.7842 -0.0887 0.1822 18
0.8405 -0.0952 -0.0148 9
0.7678 -0.0871 0.2071 10
0.8205 -0.0942 0.0144 10
0.7917 -0.0912 0.0418 9
0.7937 -0.0916 0.0699 13
0.7809 -0.0904 0.0965 16
0.779 -0.0904 0.1242 12
0.7703 -0.0895 0.1507 19
0.855 -0.0995 -0.0451 4
0.7994 -0.0932 0.1858 19
0.8342 -0.0974 -0.0147 4
0.779 -0.0911 0.2102 10
0.836 -0.099 0.0147 10
0.7814 -0.0928 0.0412 10
0.7933 -0.0945 0.0699 13
0.7885 -0.094 0.0975 15
0.7904 -0.0945 0.1261 11
0.7817 -0.0938 0.153 14
0.8626 -0.1036 -0.0455 8
0.7778 -0.0936 0.1809 15
0.8438 -0.1015 -0.0148 4
0.7806 -0.0941 0.2107 10
0.8238 -0.1006 0.0145 10
0.7871 -0.0962 0.0416 9
0.8029 -0.0984 0.0708 12
0.7901 -0.0971 0.0977 15
0.7842 -0.0966 0.1251 12
0.793 -0.0979 0.1553 14
0.8761 -0.1083 -0.0463 7
0.7833 -0.097 0.1822 15
0.8295 -0.1027 -0.0146 4
0.7956 -0.0987 0.2148 8
0.8393 -0.1053 0.0148 10
0.7986 -0.1005 0.0422 9
0.7946 -0.1002 0.0701 12
0.8035 -0.1015 0.0994 14
0.7878 -0.0998 0.1258 11
0.7907 -0.1003 0.1549 14
0.8797 -0.1118 -0.0465 3
0.7849 -0.0998 0.1827 11
0.8212 -0.1046 -0.0145 4
0.7761 -0.099 0.2096 8
0.8191 -0.1057 0.0144 10
0.8042 -0.104 0.0425 9
0.7983 -0.1034 0.0704 12
0.815 -0.1058 0.1009 14
0.7835 -0.102 0.1251 12
0.7884 -0.1028 0.1546 14
0.8952 -0.1169 -0.0473 3
0.7961 -0.1041 0.1854 11
0.8367 -0.1096 -0.0147 4
0.7911 -0.1037 0.2138 8
0.8207 -0.1088 0.0145 7
0.8137 -0.1081 0.043 9
0.8097 -0.1078 0.0715 12
0.8048 -0.1074 0.0997 14
0.7949 -0.1063 0.127 11
0.7939 -0.1064 0.1557 14
0.8015 -0.1077 0.1867 11
0.8661 -0.1165 -0.0153 4
0.7926 -0.1067 0.2143 8
0.8461 -0.1151 0.0149 9
0.8035 -0.1095 0.0425 9
0.8173 -0.1117 0.0722 12
0.8024 -0.1099 0.0994 14
0.8102 -0.1111 0.1295 10
0.8052 -0.1107 0.158 16
0.7934 -0.1093 0.1849 11
0.8894 -0.1226 -0.0157 3
0.7942 -0.1096 0.2148 8
0.8615 -0.1202 0.0152 9
0.7932 -0.1108 0.042 9
0.8129 -0.1138 0.0718 12
0.806 -0.1131 0.0999 14
0.7942 -0.1116 0.127 11
0.7932 -0.1118 0.1557 14
0.7989 -0.1127 0.1863 11
0.8752 -0.1236 -0.0154 4
0.8053 -0.1139 0.2179 7
0.8552 -0.1222 0.0151 6
0.8007 -0.1147 0.0424 9
0.8086 -0.1159 0.0715 12
0.8095 -0.1164 0.1004 14
0.8016 -0.1155 0.1283 11
0.8181 -0.118 0.1607 12
0.8139 -0.1177 0.1899 10
0.8866 -0.1284 -0.0156 3
0.7972 -0.1156 0.2159 7
0.8468 -0.124 0.0149 6
0.83 -0.1218 0.044 8
0.8161 -0.1199 0.0722 12
0.815 -0.1201 0.1012 13
0.8129 -0.12 0.1302 10
0.8079 -0.1194 0.1588 13
0.8193 -0.1214 0.1912 10
0.8941 -0.1327 -0.0158 3
0.8083 -0.1201 0.219 7
0.8543 -0.1281 0.0151 6
0.8098 -0.1216 0.0429 9
0.8275 -0.1246 0.0732 11
0.8146 -0.1229 0.1012 13
0.8164 -0.1233 0.1308 10
0.8017 -0.1214 0.1576 13
0.8227 -0.1249 0.1921 10
0.9688 -0.147 -0.0171 3
0.8098 -0.1231 0.2195 5
0.8578 -0.1316 0.0151 6
0.8133 -0.125 0.0431 9
0.8192 -0.1262 0.0725 11
0.8122 -0.1253 0.1009 14
0.8277 -0.128 0.1327 10
0.8246 -0.1276 0.1622 12
0.8165 -0.1267 0.1908 10
0.8208 -0.1277 0.2226 5
0.8692 -0.1364 0.0154 5
0.8227 -0.1294 0.0436 8
0.8306 -0.1308 0.0736 11
0.8235 -0.13 0.1024 13
0.8234 -0.1303 0.132 10
0.8202 -0.1301 0.1614 12
0.8257 -0.1311 0.193 10
0.828 -0.1317 0.2247 5
0.8727 -0.1402 0.0154 5
0.8144 -0.1312 0.0432 9
0.8301 -0.1338 0.0736 8
0.8348 -0.1349 0.1038 12
0.8112 -0.1314 0.1302 10
0.8275 -0.1343 0.163 12
0.831 -0.135 0.1944 10
0.8313 -0.1354 0.2257 5
0.8958 -0.1473 0.0158 5
0.8375 -0.1381 0.0445 5
0.8217 -0.1356 0.0729 8
0.8343 -0.138 0.1038 12
0.838 -0.1389 0.1345 6
0.8289 -0.1375 0.1633 9
0.8478 -0.141 0.1984 9
0.8385 -0.1397 0.2278 5
0.8973 -0.1508 0.0159 2
0.8528 -0.1436 0.0453 5
0.8311 -0.1401 0.0737 8
0.828 -0.1399 0.1031 8
0.8375 -0.1418 0.1345 6
0.8323 -0.1411 0.1641 9
0.8434 -0.1433 0.1975 9
0.8494 -0.1446 0.2309 4
0.9066 -0.1556 0.0161 2
0.8425 -0.1449 0.0448 5
0.8502 -0.1464 0.0755 7
0.8314 -0.1435 0.1036 8
0.8448 -0.1461 0.1358 6
0.8299 -0.1436 0.1637 9
0.8391 -0.1455 0.1966 7
0.8717 -0.1515 0.2371 3
0.8439 -0.1482 0.0449 5
0.8575 -0.1507 0.0762 7
0.8406 -0.1481 0.1048 8
0.8365 -0.1476 0.1345 6
0.8468 -0.1496 0.1671 8
0.8347 -0.1478 0.1957 7
0.8611 -0.154 0.0458 5
0.8531 -0.1529 0.0758 5
0.8714 -0.1565 0.1087 7
0.8438 -0.1517 0.1358 6
0.8637 -0.1556 0.1706 7
0.8534 -0.154 0.2002 6
0.8626 -0.1574 0.046 2
0.8643 -0.158 0.0769 4
0.8592 -0.1572 0.1072 7
0.8471 -0.1553 0.1364 6
0.8381 -0.1538 0.1656 8
0.8721 -0.1604 0.2047 4
0.8716 -0.1623 0.0776 4
0.8528 -0.1591 0.1065 7
0.8621 -0.1612 0.1389 6
0.8722 -0.1632 0.1725 7
0.8749 -0.1663 0.0779 4
0.8698 -0.1654 0.1087 7
0.8829 -0.1683 0.1424 5
0.8871 -0.1694 0.1755 4
0.9057 -0.1754 0.0807 4
0.8847 -0.1717 0.1107 6
0.8629 -0.1676 0.1392 5
0.8923 -0.1736 0.1767 4
0.8972 -0.1773 0.1449 2
