0.8546 0.3842 0.115 2
0.8631 0.3877 0.1499 2
0.8305 0.3699 0.1116 6
0.8212 0.3654 0.1424 2
0.8556 0.3806 0.182 1
0.8657 0.3824 0.0828 1
0.83 0.3662 0.1114 6
0.8188 0.361 0.1417 5
0.8264 0.3642 0.1755 4
0.8793 0.3871 0.2218 1
0.8158 0.3573 0.0779 4
0.8038 0.3517 0.1077 7
0.8127 0.3552 0.1405 5
0.8114 0.3545 0.1721 4
0.8287 0.3617 0.2088 3
0.852 0.3697 0.0487 2
0.8171 0.3543 0.0779 4
0.7996 0.3465 0.107 7
0.823 0.3563 0.142 5
0.8199 0.3546 0.1736 7
0.8086 0.3494 0.2034 4
0.8203 0.3524 0.0468 2
0.8165 0.3506 0.0777 4
0.7954 0.3412 0.1063 7
0.7916 0.3393 0.1364 6
0.8139 0.3487 0.1721 7
0.7847 0.3358 0.1971 4
0.8526 0.3646 0.2485 1
0.8215 0.3496 0.0468 2
0.8031 0.3415 0.0763 5
0.8002 0.34 0.1068 7
0.7964 0.3381 0.137 6
0.7952 0.3374 0.1679 8
0.802 0.3399 0.2011 6
0.8094 0.3427 0.2355 3
0.7933 0.3343 0.0451 5
0.8079 0.3403 0.0767 5
0.8032 0.338 0.107 11
0.794 0.3338 0.1364 6
0.7855 0.33 0.1656 8
0.796 0.3341 0.1993 9
0.7892 0.331 0.2293 4
0.8875 0.3707 0.0168 1
0.7926 0.3307 0.045 5
0.787 0.3283 0.0746 7
0.7861 0.3275 0.1046 8
0.7769 0.3234 0.1333 6
0.7849 0.3265 0.1652 8
0.7972 0.3313 0.1993 9
0.7797 0.3237 0.2262 5
0.8556 0.3539 0.0162 2
0.7919 0.3272 0.0449 5
0.7974 0.3293 0.0755 7
0.7909 0.3263 0.1051 8
0.7853 0.3237 0.1345 6
0.7878 0.3246 0.1656 11
0.7713 0.3174 0.1926 10
0.7808 0.321 0.2262 5
0.8586 0.3516 0.0162 2
0.7875 0.3222 0.0446 5
0.7838 0.3205 0.0741 8
0.7755 0.3168 0.1029 13
0.7828 0.3194 0.1339 9
0.7817 0.3188 0.1641 12
0.7724 0.3147 0.1926 10
0.7783 0.3168 0.2252 5
0.8413 0.3411 0.0158 5
0.7811 0.3166 0.0442 5
0.783 0.317 0.0739 8
0.7876 0.3185 0.1043 12
0.7729 0.3124 0.132 10
0.7882 0.3183 0.1652 11
0.7789 0.3142 0.1939 10
0.7579 0.3056 0.219 7
0.8369 0.3361 0.0157 5
0.7841 0.3146 0.0443 8
0.7749 0.3106 0.073 8
0.7795 0.3122 0.1031 13
0.7593 0.3038 0.1295 10
0.7656 0.3062 0.1603 13
0.7691 0.3073 0.1912 10
0.7572 0.3022 0.2184 7
0.8381 0.3332 0.0157 5
0.7926 0.3148 0.0447 8
0.7833 0.3109 0.0737 11
0.7732 0.3066 0.1021 13
0.7713 0.3056 0.1314 10
0.7648 0.3028 0.1599 13
0.7702 0.3046 0.1912 10
0.8592 0.3396 -0.0161 3
0.751 0.2967 0.2164 7
0.8206 0.3229 0.0154 5
0.7733 0.304 0.0435 9
0.7844 0.3082 0.0737 11
0.765 0.3003 0.1009 14
0.7761 0.3043 0.132 10
0.7677 0.3009 0.1603 13
0.7621 0.2984 0.189 10
0.8901 0.3483 -0.0167 3
0.7538 0.2948 0.2169 7
0.8217 0.3201 0.0154 5
0.7631 0.2969 0.0429 9
0.7892 0.3069 0.0741 11
0.7772 0.3019 0.1024 13
0.7587 0.2944 0.1289 10
0.7614 0.2953 0.1588 13
0.7559 0.2929 0.1872 13
0.8466 0.3279 -0.0158 3
0.7567 0.2929 0.2174 7
0.8191 0.3157 0.0153 8
0.7642 0.2943 0.0429 9
0.7679 0.2956 0.072 12
0.7708 0.2963 0.1014 13
0.7597 0.2918 0.1289 10
0.7716 0.2962 0.1607 15
0.7569 0.2903 0.1872 16
0.8253 0.3163 -0.0154 4
0.7487 0.2868 0.2148 10
0.8109 0.3093 0.0151 9
0.7801 0.2974 0.0438 8
0.769 0.2929 0.072 12
0.7681 0.2922 0.1009 14
0.757 0.2879 0.1283 11
0.758 0.2879 0.1576 16
0.7525 0.2855 0.1858 16
0.8488 0.3221 -0.0158 3
0.7352 0.2788 0.2107 10
0.7969 0.301 0.0149 9
0.7624 0.2876 0.0427 9
0.7625 0.2874 0.0713 12
0.7524 0.2834 0.0987 15
0.7654 0.288 0.1295 10
0.7442 0.2799 0.1546 18
0.7589 0.2851 0.1872 16
0.8275 0.3107 -0.0154 4
0.7379 0.2769 0.2112 8
0.813 0.3038 0.0151 9
0.7391 0.276 0.0413 10
0.7709 0.2876 0.072 12
0.744 0.2773 0.0975 15
0.759 0.2827 0.1283 11
0.747 0.278 0.1549 17
0.7471 0.2777 0.184 17
0.8435 0.3135 -0.0157 3
0.7443 0.2765 0.2127 10
0.8102 0.2997 0.0151 9
0.755 0.279 0.0422 9
0.7607 0.2808 0.0709 12
0.7505 0.2769 0.0982 15
0.7544 0.278 0.1273 11
0.7572 0.2789 0.1568 16
0.9015 0.3319 -0.0503 2
0.7407 0.2725 0.1822 18
0.792 0.2912 -0.0147 4
0.7416 0.2726 0.2117 10
0.8075 0.2955 0.015 9
0.7635 0.2791 0.0426 9
0.7579 0.2769 0.0706 12
0.7608 0.2777 0.0994 14
0.7479 0.2727 0.1261 11
0.76 0.2769 0.1572 16
0.852 0.3103 -0.0475 3
0.7526 0.2739 0.1849 20
0.8081 0.294 -0.015 4
0.7262 0.264 0.2071 12
0.7897 0.2859 0.0147 10
0.7607 0.2751 0.0424 9
0.7514 0.2714 0.0699 13
0.7655 0.2764 0.0999 14
0.7489 0.2701 0.1261 11
0.7407 0.2668 0.153 18
0.8438 0.3038 -0.047 3
0.7445 0.2679 0.1827 17
0.8053 0.2898 -0.0149 4
0.729 0.2622 0.2076 14
0.787 0.2816 0.0146 10
0.7767 0.2777 0.0432 9
0.7599 0.2715 0.0706 12
0.7516 0.2682 0.098 15
0.7461 0.266 0.1255 11
0.7472 0.2662 0.1542 18
0.8316 0.2961 -0.0463 3
0.7491 0.2666 0.1836 20
0.7951 0.2828 -0.0147 4
0.7299 0.2595 0.2076 14
0.788 0.2789 0.0146 10
0.7532 0.2663 0.0419 9
0.7496 0.2648 0.0696 13
0.7394 0.261 0.0963 21
0.7545 0.266 0.1267 11
0.7481 0.2636 0.1542 18
0.844 0.2972 -0.0469 7
0.7408 0.2607 0.1813 21
0.7923 0.2787 -0.0147 4
0.7326 0.2576 0.2081 12
0.804 0.2814 0.0149 9
0.7428 0.2597 0.0412 10
0.7561 0.2642 0.0701 12
0.7591 0.2649 0.0987 20
0.7331 0.2556 0.123 12
0.7434 0.259 0.153 18
0.8393 0.2923 -0.0466 7
0.7325 0.2549 0.1791 21
0.7914 0.2753 -0.0146 4
0.7317 0.2544 0.2076 12
0.7937 0.2747 0.0147 10
0.7569 0.2617 0.042 9
0.742 0.2563 0.0687 13
0.7487 0.2584 0.0973 21
0.7339 0.253 0.123 12
0.7536 0.2596 0.1549 17
0.829 0.2855 -0.046 7
0.7297 0.2511 0.1782 21
0.7904 0.2719 -0.0146 9
0.7253 0.2493 0.2055 14
0.787 0.2695 0.0145 10
0.7578 0.2592 0.042 9
0.7428 0.2539 0.0687 13
0.759 0.2591 0.0985 20
0.7273 0.248 0.1217 12
0.7359 0.2508 0.1511 22
0.8224 0.2801 -0.0455 8
0.7342 0.2499 0.1791 21
0.7856 0.2673 -0.0145 9
0.7261 0.2469 0.2055 12
0.7747 0.2622 0.0143 10
0.7587 0.2565 0.042 9
0.755 0.2551 0.0697 13
0.7335 0.2476 0.0951 22
0.7431 0.2505 0.1242 16
0.7368 0.2482 0.1511 18
0.8253 0.2779 -0.0456 8
0.7369 0.248 0.1795 21
0.7961 0.2677 -0.0147 9
0.7178 0.2413 0.2029 15
0.7756 0.2595 0.0143 10
0.7444 0.2488 0.0411 10
0.7465 0.2493 0.0689 13
0.7438 0.2482 0.0963 21
0.744 0.2479 0.1242 16
0.86 0.2866 -0.0793 3
0.7395 0.2463 0.1515 22
0.8224 0.2738 -0.0454 8
0.7304 0.243 0.1777 21
0.7951 0.2643 -0.0146 9
0.7132 0.237 0.2014 18
0.7803 0.2581 0.0143 10
0.7377 0.2437 0.0407 10
0.7549 0.2492 0.0696 13
0.7503 0.2474 0.097 21
0.7299 0.2404 0.1217 16
0.8837 0.2911 -0.0814 2
0.7385 0.2431 0.1511 18
0.8158 0.2684 -0.045 8
0.722 0.2374 0.1755 22
0.7998 0.2628 -0.0147 9
0.714 0.2345 0.2014 18
0.7869 0.2572 0.0145 10
0.7404 0.2419 0.0408 10
0.7444 0.2429 0.0685 13
0.7361 0.2399 0.0951 22
0.725 0.2361 0.1208 17
0.8696 0.2831 -0.08 3
0.7356 0.2393 0.1504 23
0.8205 0.2668 -0.0452 8
0.7339 0.2386 0.1782 21
0.7702 0.2503 -0.0141 9
0.7111 0.2309 0.2003 18
0.7649 0.2472 0.014 15
0.7431 0.24 0.0409 10
0.7433 0.2398 0.0683 13
0.7444 0.2399 0.096 21
0.7333 0.2361 0.122 16
0.8648 0.2783 -0.0795 3
0.7252 0.2332 0.1481 20
0.8081 0.2598 -0.0445 8
0.7273 0.2338 0.1764 21
0.7787 0.2502 -0.0143 9
0.7118 0.2285 0.2003 18
0.7734 0.2471 0.0142 15
0.744 0.2374 0.0409 10
0.7479 0.2385 0.0687 13
0.732 0.2332 0.0943 23
0.7341 0.2336 0.122 16
0.8449 0.2688 -0.0776 3
0.7203 0.2291 0.1469 24
0.8071 0.2565 -0.0444 8
0.7281 0.2312 0.1764 25
0.7834 0.2486 -0.0143 9
0.7053 0.2237 0.1983 18
0.7742 0.2444 0.0142 11
0.7334 0.2312 0.0403 10
0.7563 0.2383 0.0694 13
0.7195 0.2265 0.0926 24
0.7425 0.2334 0.1233 16
0.823 0.2587 -0.0755 3
0.7323 0.2301 0.1492 23
0.8099 0.2543 -0.0445 8
0.7252 0.2275 0.1755 22
0.7919 0.2483 -0.0145 9
0.7134 0.2236 0.2003 18
0.7712 0.2405 0.0141 11
0.7323 0.2281 0.0402 10
0.7476 0.2327 0.0685 13
0.7412 0.2304 0.0953 22
0.7244 0.2249 0.1201 17
0.8277 0.257 -0.0758 3
0.7331 0.2275 0.1492 23
0.8126 0.252 -0.0446 8
0.7204 0.2233 0.1741 22
0.7793 0.2414 -0.0142 9
0.7068 0.2188 0.1983 18
0.7778 0.2396 0.0142 15
0.7407 0.2279 0.0406 10
0.7332 0.2254 0.0671 17
0.7496 0.2302 0.0963 21
0.7177 0.2201 0.1189 17
0.8229 0.2524 -0.0753 7
0.7283 0.2232 0.1481 24
0.8002 0.2451 -0.0439 9
0.7211 0.2207 0.1741 22
0.7764 0.2375 -0.0142 9
0.7002 0.2141 0.1962 19
0.7653 0.2328 0.014 11
0.7472 0.2271 0.0409 13
0.7416 0.2252 0.0678 13
0.7352 0.2229 0.0943 23
0.7297 0.2211 0.1208 17
0.8123 0.246 -0.0743 8
0.7216 0.2184 0.1465 20
0.8163 0.2469 -0.0447 8
0.7331 0.2216 0.1768 25
0.7695 0.2326 -0.014 9
0.6953 0.2101 0.1946 19
0.7469 0.2245 0.0136 12
0.7326 0.2199 0.0401 10
0.7462 0.2237 0.0682 13
0.7283 0.2182 0.0934 23
0.7343 0.2197 0.1214 17
0.8284 0.2478 -0.0757 7
0.7242 0.2166 0.1469 24
0.7903 0.2362 -0.0432 9
0.7282 0.2175 0.1755 22
0.7626 0.2276 -0.0139 10
0.7053 0.2104 0.1972 19
0.763 0.2264 0.0139 16
0.7315 0.2168 0.04 10
0.7412 0.2196 0.0676 14
0.7329 0.2168 0.0938 23
0.7275 0.2149 0.1201 17
0.8178 0.2416 -0.0746 8
0.7249 0.214 0.1469 24
0.7969 0.2351 -0.0435 9
0.7047 0.2078 0.1696 24
0.7634 0.225 -0.0139 10
0.7042 0.2074 0.1967 21
0.7676 0.2249 0.014 11
0.7303 0.2137 0.0399 10
0.7496 0.2192 0.0683 13
0.726 0.212 0.0929 23
0.7168 0.2091 0.1183 17
0.8148 0.2376 -0.0743 8
0.7275 0.2121 0.1473 28
0.7939 0.2312 -0.0433 9
0.7129 0.2075 0.1714 23
0.768 0.2234 -0.014 10
0.7123 0.2071 0.1988 20
0.7684 0.2222 0.014 15
0.7215 0.2084 0.0394 10
0.7255 0.2094 0.0661 18
0.7382 0.2128 0.0943 23
0.9137 0.2632 -0.1168 2
0.7138 0.2055 0.1176 18
0.8118 0.2337 -0.0739 8
0.7302 0.2101 0.1477 24
0.8062 0.2318 -0.044 13
0.7136 0.205 0.1714 23
0.7688 0.2207 -0.014 10
0.7019 0.2014 0.1957 21
0.7595 0.2168 0.0138 16
0.7337 0.2091 0.04 14
0.7396 0.2107 0.0673 17
0.737 0.2097 0.0941 23
0.8726 0.2481 -0.1114 3
0.7316 0.2078 0.1205 17
0.8145 0.2314 -0.0741 8
0.7082 0.2011 0.1431 26
0.8108 0.2301 -0.0442 9
0.7199 0.2041 0.1728 23
0.7715 0.2186 -0.014 10
0.6952 0.1968 0.1936 21
0.7449 0.2098 0.0135 17
0.7383 0.2077 0.0402 10
0.7365 0.207 0.0669 14
0.7244 0.2033 0.0924 24
0.8735 0.245 -0.1114 3
0.719 0.2016 0.1183 17
0.8 0.2241 -0.0727 8
0.7127 0.1997 0.1439 25
0.7886 0.2208 -0.0429 9
0.7206 0.2016 0.1728 23
0.7684 0.2148 -0.0139 10
0.7052 0.197 0.1962 19
0.7514 0.2088 0.0136 12
0.7275 0.2019 0.0396 14
0.7392 0.2049 0.0671 14
0.7251 0.2008 0.0924 24
0.8705 0.2409 -0.1109 6
0.7197 0.199 0.1183 17
0.8162 0.2256 -0.0741 8
0.7229 0.1997 0.1458 24
0.7913 0.2184 -0.043 14
0.7101 0.1959 0.1701 24
0.7769 0.2143 -0.0141 9
0.7096 0.1956 0.1972 21
0.7637 0.2092 0.0138 12
0.7147 0.1955 0.0388 11
0.7418 0.2028 0.0673 21
0.7277 0.1987 0.0926 24
0.8675 0.2367 -0.1104 6
0.7147 0.1948 0.1173 18
0.8208 0.2238 -0.0744 8
0.7274 0.1982 0.1465 24
0.7863 0.2141 -0.0427 10
0.7089 0.1929 0.1696 24
0.7564 0.2057 -0.0137 10
0.7084 0.1925 0.1967 21
0.7683 0.2076 0.0139 16
0.725 0.1956 0.0394 10
0.7272 0.1961 0.0659 18
0.7226 0.1946 0.0919 24
0.8837 0.2378 -0.1124 5
0.7096 0.1908 0.1164 18
0.8119 0.2183 -0.0736 8
0.7243 0.1946 0.1458 24
0.7889 0.2118 -0.0428 14
0.7152 0.1919 0.171 23
0.7571 0.203 -0.0137 10
0.6979 0.187 0.1936 21
0.7575 0.2018 0.0137 12
0.7353 0.1958 0.0399 14
0.7317 0.1945 0.0662 18
0.7406 0.1966 0.0941 23
0.8711 0.2311 -0.1107 6
0.716 0.19 0.1173 18
0.7896 0.2094 -0.0715 9
0.7098 0.1881 0.1427 26
0.8013 0.2121 -0.0434 14
0.7197 0.1904 0.1719 23
0.7791 0.2061 -0.0141 9
0.6948 0.1837 0.1926 21
0.7504 0.1973 0.0135 12
0.7457 0.1958 0.0404 14
0.7343 0.1925 0.0664 18
0.7259 0.1902 0.0921 24
0.8584 0.2247 -0.109 6
0.7224 0.189 0.1183 17
0.798 0.2086 -0.0722 9
0.7085 0.1852 0.1423 26
0.7826 0.2044 -0.0424 15
0.7184 0.1875 0.1714 23
0.7817 0.2039 -0.0141 9
0.7066 0.1842 0.1957 21
0.7549 0.1957 0.0136 12
0.7251 0.1878 0.0393 15
0.7407 0.1916 0.0669 17
0.7208 0.1861 0.0914 24
0.8457 0.2182 -0.1072 6
0.7249 0.1871 0.1186 17
0.8006 0.2065 -0.0723 9
0.7167 0.1847 0.1439 25
0.7756 0.1997 -0.042 15
0.6964 0.1792 0.166 25
0.7688 0.1978 -0.0139 10
0.6998 0.1799 0.1936 21
0.7614 0.1946 0.0137 16
0.7257 0.1852 0.0393 15
0.7394 0.1885 0.0668 17
0.7252 0.1847 0.0919 24
0.8445 0.215 -0.107 7
0.7026 0.1787 0.1148 18
0.7936 0.2017 -0.0716 9
0.7307 0.1857 0.1465 24
0.7956 0.2021 -0.043 14
0.714 0.1812 0.1701 24
0.7501 0.1902 -0.0135 10
0.7004 0.1775 0.1936 21
0.7524 0.1895 0.0135 12
0.7205 0.1813 0.0389 15
0.7265 0.1826 0.0655 21
0.7297 0.1832 0.0924 24
0.8645 0.2168 -0.1094 6
0.7051 0.1767 0.1151 18
0.8001 0.2005 -0.0722 13
0.7161 0.1793 0.1435 25
0.7963 0.1993 -0.043 14
0.7071 0.1768 0.1683 24
0.7508 0.1876 -0.0135 10
0.6954 0.1736 0.192 21
0.7472 0.1855 0.0134 17
0.7309 0.1811 0.0395 14
0.7252 0.1796 0.0654 18
0.7323 0.1811 0.0926 24
0.8576 0.2119 -0.1085 6
0.7134 0.1762 0.1164 18
0.7853 0.1939 -0.0708 14
0.7129 0.1759 0.1427 26
0.797 0.1965 -0.043 14
0.7115 0.1753 0.1692 24
0.767 0.1888 -0.0138 10
0.6885 0.1694 0.19 22
0.742 0.1814 0.0133 13
0.7276 0.1778 0.0393 15
0.7413 0.1809 0.0668 17
0.7175 0.1748 0.0907 25
0.8525 0.2075 -0.1077 10
0.7217 0.1757 0.1176 18
0.7957 0.1935 -0.0716 9
0.7059 0.1715 0.1412 27
0.7802 0.1895 -0.0421 15
0.7083 0.1719 0.1683 24
0.7482 0.1816 -0.0134 10
0.7022 0.1703 0.1936 21
0.7465 0.1799 0.0134 17
0.7146 0.172 0.0385 11
0.7381 0.1773 0.0664 21
0.7123 0.171 0.0899 25
0.8339 0.2 -0.1053 10
0.7261 0.1741 0.1183 17
0.8022 0.1921 -0.0722 9
0.716 0.1715 0.1431 26
0.7789 0.1864 -0.042 15
0.6994 0.1673 0.166 29
0.7682 0.1836 -0.0138 10
0.7009 0.1674 0.1931 21
0.751 0.1782 0.0135 12
0.7132 0.169 0.0384 15
0.7329 0.1735 0.0659 21
0.7225 0.1708 0.0912 24
0.8346 0.1971 -0.1053 10
0.7094 0.1674 0.1154 18
0.795 0.1876 -0.0715 9
0.7147 0.1685 0.1427 26
0.7757 0.1828 -0.0418 15
0.698 0.1644 0.1656 25
0.7494 0.1763 -0.0134 10
0.7052 0.1658 0.1941 21
0.7477 0.1747 0.0134 13
0.7119 0.1661 0.0383 15
0.7276 0.1696 0.0654 18
0.7231 0.1683 0.0912 24
0.8507 0.1978 -0.1072 10
0.7004 0.1627 0.1139 19
0.7782 0.1808 -0.0699 10
0.7229 0.1678 0.1443 29
0.7802 0.181 -0.042 15
0.7119 0.165 0.1687 28
0.7617 0.1764 -0.0136 10
0.6813 0.1577 0.1874 22
0.7484 0.1721 0.0134 13
0.7222 0.1658 0.0388 15
0.7263 0.1666 0.0652 22
0.743 0.1702 0.0936 23
0.8437 0.1931 -0.1063 10
0.7125 0.1629 0.1158 18
0.7886 0.1803 -0.0708 9
0.7082 0.1618 0.1412 27
0.7828 0.1787 -0.0421 10
0.7087 0.1617 0.1678 28
0.7662 0.1746 -0.0137 10
0.6856 0.1562 0.1884 22
0.7431 0.1681 0.0133 17
0.7267 0.1642 0.039 15
0.7288 0.1645 0.0654 26
0.7126 0.1606 0.0897 25
0.8289 0.1866 -0.1043 11
0.715 0.1609 0.1161 23
0.7892 0.1776 -0.0708 9
0.7011 0.1576 0.1397 31
0.7814 0.1755 -0.042 15
0.7092 0.1592 0.1678 28
0.7668 0.172 -0.0137 10
0.6994 0.1567 0.192 21
0.7417 0.1651 0.0133 13
0.7194 0.1599 0.0386 15
0.7333 0.1628 0.0657 21
0.7171 0.159 0.0902 25
0.8179 0.1812 -0.1029 12
0.7194 0.1592 0.1167 22
0.7898 0.1748 -0.0708 9
0.7189 0.159 0.1431 30
0.782 0.1728 -0.042 15
0.6927 0.1529 0.1638 30
0.7635 0.1684 -0.0136 10
0.6924 0.1526 0.19 22
0.7482 0.1638 0.0134 17
0.7141 0.1561 0.0383 15
0.7338 0.1603 0.0657 21
0.7234 0.1577 0.0909 25
0.834 0.1817 -0.1048 11
0.7064 0.1538 0.1145 23
0.7904 0.172 -0.0708 14
0.7175 0.156 0.1427 26
0.7865 0.1709 -0.0422 15
0.697 0.1513 0.1647 29
0.768 0.1666 -0.0137 10
0.7042 0.1526 0.1931 21
0.7507 0.1616 0.0134 17
0.7283 0.1565 0.039 15
0.7266 0.156 0.065 26
0.7279 0.156 0.0914 30
0.8463 0.1813 -0.1063 10
0.7031 0.1505 0.1139 23
0.791 0.1693 -0.0708 14
0.7219 0.1544 0.1435 25
0.7832 0.1673 -0.042 15
0.7128 0.1522 0.1683 28
0.7569 0.1614 -0.0135 10
0.6859 0.1462 0.1879 22
0.7356 0.1557 0.0131 13
0.7289 0.154 0.039 15
0.7349 0.1551 0.0657 21
0.7342 0.1547 0.0921 30
0.843 0.1775 -0.1058 10
0.7114 0.1496 0.1151 23
0.7838 0.1649 -0.0701 15
0.6974 0.1466 0.1385 32
0.7877 0.1654 -0.0422 15
0.7133 0.1497 0.1683 28
0.7535 0.158 -0.0134 10
0.6901 0.1446 0.1889 22
0.7518 0.1564 0.0134 17
0.7216 0.15 0.0386 15
0.7316 0.1518 0.0654 26
0.7192 0.1489 0.0902 25
0.8436 0.1747 -0.1058 10
0.7119 0.1473 0.1151 23
0.7844 0.1621 -0.0701 15
0.7018 0.1449 0.1393 32
0.7648 0.1578 -0.0409 16
0.7176 0.1481 0.1692 28
0.7697 0.1587 -0.0137 10
0.6944 0.143 0.19 22
0.7503 0.1535 0.0134 17
0.7142 0.146 0.0382 15
0.7282 0.1485 0.065 26
0.9155 0.1866 -0.148 2
0.7275 0.1481 0.0912 30
0.8364 0.1703 -0.1048 11
0.7259 0.1477 0.1173 22
0.7868 0.1599 -0.0702 14
0.7119 0.1446 0.1412 36
0.7751 0.1573 -0.0415 16
0.7028 0.1426 0.1656 29
0.7506 0.1522 -0.0134 10
0.7025 0.1423 0.192 23
0.7469 0.1502 0.0133 17
0.7108 0.1427 0.038 15
0.7287 0.1461 0.065 26
0.8968 0.1797 -0.1449 2
0.7338 0.1469 0.0919 30
0.8409 0.1682 -0.1053 10
0.6993 0.1397 0.1129 24
0.7737 0.1545 -0.069 10
0.7143 0.1426 0.1416 35
0.7815 0.1559 -0.0418 15
0.7052 0.1405 0.166 29
0.7433 0.148 -0.0132 10
0.6992 0.1391 0.191 25
0.7435 0.1468 0.0132 18
0.7133 0.1406 0.0381 15
0.7292 0.1435 0.065 26
0.9013 0.1772 -0.1455 4
0.7343 0.1443 0.0919 30
0.8298 0.163 -0.1038 11
0.7056 0.1384 0.1139 28
0.7703 0.151 -0.0687 10
0.7225 0.1415 0.1431 30
0.788 0.1542 -0.0421 15
0.7038 0.1376 0.1656 29
0.7556 0.1477 -0.0134 10
0.6921 0.1351 0.1889 22
0.7401 0.1433 0.0132 18
0.7255 0.1404 0.0387 15
0.7219 0.1394 0.0643 26
0.8942 0.1725 -0.1442 4
0.7232 0.1394 0.0904 31
0.846 0.1629 -0.1058 10
0.7158 0.1378 0.1154 27
0.7709 0.1483 -0.0687 10
0.7037 0.1353 0.1393 32
0.7748 0.1488 -0.0413 16
0.7196 0.1381 0.1692 28
0.764 0.1466 -0.0136 10
0.6887 0.132 0.1879 22
0.7465 0.142 0.0133 17
0.7339 0.1393 0.0391 15
0.7302 0.1384 0.065 26
0.8676 0.1644 -0.1399 5
0.7002 0.1326 0.0875 33
0.8348 0.1579 -0.1043 11
0.7104 0.1342 0.1145 28
0.7753 0.1464 -0.069 10
0.7099 0.134 0.1404 31
0.7811 0.1473 -0.0417 15
0.7086 0.1335 0.1665 29
0.7487 0.1409 -0.0133 10
0.693 0.1303 0.1889 22
0.749 0.1398 0.0133 17
0.7186 0.1338 0.0383 15
0.7306 0.1359 0.065 26
0.8875 0.165 -0.143 4
0.7124 0.1323 0.089 32
0.8158 0.1514 -0.1019 12
0.7284 0.135 0.1173 31
0.7777 0.1441 -0.0692 10
0.7143 0.1323 0.1412 31
0.7758 0.1435 -0.0413 16
0.7052 0.1303 0.1656 29
0.761 0.1405 -0.0135 10
0.682 0.1258 0.1858 22
0.7455 0.1364 0.0132 18
0.7152 0.1306 0.0381 15
0.7389 0.1348 0.0657 25
0.8784 0.1601 -0.1414 5
0.7128 0.1298 0.089 32
0.8203 0.1492 -0.1024 12
0.7055 0.1282 0.1136 33
0.7724 0.1404 -0.0687 10
0.7205 0.1308 0.1423 30
0.7802 0.1415 -0.0416 16
0.7095 0.1286 0.1665 32
0.7536 0.1364 -0.0134 16
0.6958 0.1258 0.1895 25
0.7499 0.1345 0.0133 17
0.7235 0.1295 0.0385 15
0.7355 0.1315 0.0654 26
0.9003 0.1609 -0.1449 4
0.7191 0.1284 0.0897 38
0.8286 0.1477 -0.1033 11
0.7021 0.1251 0.1129 29
0.7787 0.1387 -0.0692 10
0.7248 0.129 0.1431 30
0.7767 0.1381 -0.0413 16
0.708 0.1257 0.166 32
0.7541 0.1338 -0.0134 16
0.681 0.1207 0.1853 22
0.7464 0.1312 0.0132 18
0.72 0.1263 0.0383 15
0.7104 0.1245 0.0631 31
0.8853 0.155 -0.1424 4
0.7235 0.1265 0.0902 37
0.8369 0.1462 -0.1043 11
0.7103 0.124 0.1142 28
0.7753 0.1353 -0.0689 10
0.7137 0.1244 0.1408 31
0.7831 0.1364 -0.0417 15
0.7104 0.1236 0.1665 29
0.7625 0.1325 -0.0135 15
0.6833 0.1186 0.1858 22
0.743 0.1279 0.0132 18
0.7283 0.1251 0.0387 15
0.7305 0.1254 0.0648 30
0.8839 0.1516 -0.142 5
0.7142 0.1223 0.089 39
0.814 0.1393 -0.1014 12
0.7185 0.1228 0.1154 32
0.7954 0.136 -0.0706 9
0.718 0.1226 0.1416 30
0.7737 0.132 -0.0411 16
0.7069 0.1205 0.1656 32
0.759 0.1292 -0.0134 15
0.6913 0.1176 0.1879 25
0.7394 0.1247 0.0131 18
0.713 0.12 0.0379 15
0.7368 0.1238 0.0654 30
0.8786 0.1475 -0.1411 7
0.7107 0.1192 0.0885 39
0.8301 0.1391 -0.1033 11
0.7248 0.1213 0.1164 32
0.7939 0.1329 -0.0704 9
0.7107 0.1188 0.1401 36
0.7762 0.1296 -0.0412 16
0.6958 0.1161 0.1629 33
0.7594 0.1265 -0.0134 15
0.7032 0.117 0.191 25
0.7537 0.1245 0.0133 17
0.7213 0.1189 0.0383 15
0.7431 0.1224 0.0659 29
0.8654 0.1423 -0.1389 5
0.7189 0.1181 0.0895 38
0.8227 0.135 -0.1024 12
0.7037 0.1154 0.1129 39
0.7766 0.1273 -0.0689 10
0.7246 0.1187 0.1427 30
0.7746 0.1267 -0.0411 16
0.7078 0.1156 0.1656 29
0.7519 0.1227 -0.0133 16
0.6978 0.1138 0.1895 25
0.7423 0.12 0.0131 18
0.7217 0.1164 0.0383 15
0.7298 0.1175 0.0647 30
0.8835 0.1421 -0.1417 5
0.7193 0.1156 0.0895 44
0.8252 0.1325 -0.1026 12
0.708 0.1135 0.1136 38
0.7594 0.1218 -0.0673 11
0.7211 0.1155 0.142 35
0.7849 0.1256 -0.0417 15
0.7081 0.1132 0.1656 32
0.7524 0.1201 -0.0133 16
0.6849 0.1092 0.1858 25
0.7348 0.1161 0.013 18
0.73 0.1151 0.0387 18
0.7243 0.1141 0.0641 34
0.8879 0.1397 -0.1424 4
0.7217 0.1134 0.0897 51
0.8237 0.1293 -0.1024 12
0.7104 0.1114 0.1139 38
0.7696 0.1207 -0.0682 10
0.7196 0.1127 0.1416 35
0.7873 0.1232 -0.0418 15
0.7105 0.111 0.166 29
0.7567 0.1181 -0.0134 16
0.6929 0.108 0.1879 25
0.7391 0.1142 0.0131 18
0.7284 0.1122 0.0386 18
0.7266 0.1118 0.0643 30
0.8571 0.1318 -0.1373 8
0.726 0.1115 0.0902 56
0.832 0.1276 -0.1033 11
0.7205 0.1104 0.1154 41
0.7759 0.1189 -0.0687 10
0.7142 0.1093 0.1404 36
0.7779 0.1189 -0.0412 16
0.7031 0.1073 0.1642 29
0.7631 0.1164 -0.0135 21
0.6971 0.1062 0.1889 25
0.7534 0.1137 0.0133 17
0.7248 0.1091 0.0384 19
0.727 0.1093 0.0643 33
0.8791 0.132 -0.1408 7
0.7048 0.1057 0.0875 47
0.8206 0.1229 -0.1019 12
0.717 0.1073 0.1148 37
0.7744 0.1159 -0.0685 10
0.7145 0.1068 0.1404 36
0.7743 0.1156 -0.041 16
0.7016 0.1046 0.1638 33
0.7556 0.1125 -0.0133 21
0.6879 0.1023 0.1863 25
0.7458 0.1099 0.0132 18
0.7173 0.1054 0.038 19
0.7235 0.1062 0.064 31
0.8815 0.1292 -0.1411 5
0.7228 0.1058 0.0897 57
0.8289 0.1212 -0.1029 12
0.7076 0.1034 0.1133 42
0.7886 0.1152 -0.0697 15
0.7169 0.1046 0.1408 36
0.7747 0.1129 -0.041 16
0.6942 0.101 0.162 30
0.7559 0.1099 -0.0133 16
0.7016 0.1019 0.19 25
0.7522 0.1081 0.0133 17
0.7315 0.1049 0.0387 18
0.7199 0.1031 0.0636 34
0.878 0.1256 -0.1405 5
0.7075 0.1011 0.0877 46
0.8254 0.1178 -0.1024 12
0.706 0.1006 0.1129 48
0.7535 0.1074 -0.0666 11
0.7172 0.1021 0.1408 40
0.783 0.1113 -0.0415 16
0.6965 0.0989 0.1624 33
0.7405 0.105 -0.0131 16
0.6829 0.0967 0.1848 26
0.7426 0.1041 0.0131 18
0.7299 0.1021 0.0386 18
0.7163 0.1 0.0633 34
0.8687 0.1212 -0.1389 7
0.7294 0.1016 0.0904 56
0.8219 0.1143 -0.1019 12
0.7122 0.099 0.1139 47
0.7637 0.1061 -0.0675 16
0.702 0.0974 0.1378 37
0.7874 0.1091 -0.0417 15
0.7065 0.0978 0.1647 32
0.7527 0.104 -0.0133 16
0.687 0.0948 0.1858 25
0.7469 0.1021 0.0132 18
0.7243 0.0987 0.0383 19
0.7364 0.1002 0.065 33
0.8515 0.1157 -0.1361 8
0.7219 0.098 0.0895 44
0.838 0.1136 -0.1038 11
0.7204 0.0975 0.1151 46
0.7799 0.1056 -0.0689 10
0.7062 0.0955 0.1385 37
0.7719 0.1042 -0.0408 16
0.7146 0.0964 0.1665 32
0.765 0.103 -0.0135 15
0.6873 0.0924 0.1858 25
0.7513 0.1 0.0132 18
0.7108 0.0943 0.0376 20
0.7288 0.0966 0.0643 33
0.8675 0.1148 -0.1386 8
0.7104 0.0939 0.088 59
0.8148 0.1076 -0.1009 12
0.7148 0.0942 0.1142 57
0.7901 0.1042 -0.0697 15
0.7105 0.0935 0.1393 37
0.7624 0.1002 -0.0403 17
0.7052 0.0926 0.1642 32
0.7574 0.0993 -0.0133 16
0.6953 0.091 0.1879 25
0.7516 0.0973 0.0132 18
0.7091 0.0916 0.0375 20
0.7331 0.0946 0.0647 33
0.8777 0.1131 -0.1402 7
0.7127 0.0917 0.0882 66
0.821 0.1055 -0.1016 12
0.7054 0.0905 0.1126 63
0.7786 0.0999 -0.0687 15
0.7147 0.0916 0.1401 36
0.7806 0.0999 -0.0412 16
0.6998 0.0894 0.1629 33
0.7597 0.0969 -0.0134 16
0.7052 0.0898 0.1905 25
0.7599 0.0957 0.0134 17
0.7194 0.0904 0.038 19
0.7275 0.0913 0.0641 38
0.8801 0.1102 -0.1405 7
0.719 0.0899 0.089 71
0.8234 0.1028 -0.1019 12
0.7096 0.0885 0.1133 66
0.7829 0.0977 -0.069 15
0.7189 0.0895 0.1408 36
0.7769 0.0966 -0.041 16
0.702 0.0872 0.1633 33
0.7482 0.0928 -0.0132 16
0.6921 0.0857 0.1869 25
0.7404 0.0906 0.013 18
0.7157 0.0875 0.0378 20
0.7219 0.088 0.0636 34
0.8667 0.1055 -0.1383 8
0.7173 0.0872 0.0887 65
0.8237 0.1 -0.1019 12
0.7099 0.0862 0.1133 52
0.7714 0.0935 -0.068 16
0.7075 0.0856 0.1385 41
0.7793 0.0942 -0.0411 16
0.7139 0.0861 0.166 36
0.7564 0.0913 -0.0133 16
0.6847 0.0825 0.1848 28
0.7426 0.0884 0.0131 18
0.7219 0.0857 0.0381 19
0.7301 0.0864 0.0643 33
0.871 0.1031 -0.1389 7
0.7077 0.0836 0.0875 74
0.83 0.0979 -0.1026 12
0.7161 0.0844 0.1142 52
0.7796 0.0917 -0.0687 15
0.7078 0.0833 0.1385 41
0.7637 0.0897 -0.0403 17
0.7181 0.0842 0.1669 32
0.7567 0.0886 -0.0133 16
0.6965 0.0815 0.1879 27
0.7489 0.0865 0.0132 18
0.7222 0.0832 0.0381 19
0.7304 0.084 0.0643 33
0.8753 0.1005 -0.1395 7
0.708 0.0812 0.0875 74
0.8244 0.0944 -0.1019 12
0.7183 0.0821 0.1145 66
0.772 0.0882 -0.068 16
0.71 0.081 0.1389 41
0.7779 0.0886 -0.041 16
0.699 0.0795 0.1624 33
0.7689 0.0873 -0.0135 15
0.693 0.0786 0.1869 27
0.7572 0.0848 0.0133 17
0.7205 0.0804 0.038 19
0.7346 0.0819 0.0647 37
0.8933 0.0994 -0.1424 7
0.7221 0.0802 0.0892 78
0.8267 0.0917 -0.1021 12
0.7049 0.0781 0.1123 73
0.7842 0.0869 -0.069 15
0.7201 0.0796 0.1408 40
0.7742 0.0855 -0.0408 16
0.7012 0.0773 0.1629 37
0.7414 0.0816 -0.013 16
0.6951 0.0764 0.1874 25
0.7535 0.0817 0.0132 18
0.7248 0.0784 0.0382 19
0.723 0.078 0.0636 34
0.8799 0.0948 -0.1402 7
0.7224 0.0777 0.0892 58
0.8191 0.088 -0.1012 12
0.6992 0.075 0.1114 63
0.7805 0.0837 -0.0687 15
0.7164 0.0767 0.1401 40
0.7944 0.0849 -0.0419 15
0.7112 0.0759 0.1651 32
0.7496 0.0798 -0.0132 16
0.6896 0.0733 0.1858 27
0.7498 0.0787 0.0132 18
0.7231 0.0756 0.0381 19
0.7233 0.0755 0.0636 38
0.8763 0.0913 -0.1395 7
0.7286 0.0758 0.0899 70
0.8313 0.0863 -0.1026 12
0.7132 0.074 0.1136 76
0.7808 0.081 -0.0687 15
0.703 0.0728 0.1374 42
0.7907 0.0817 -0.0417 15
0.7075 0.073 0.1642 32
0.7539 0.0776 -0.0132 16
0.6918 0.0711 0.1863 27
0.7421 0.0752 0.013 18
0.7273 0.0735 0.0383 19
0.7255 0.0732 0.0638 38
0.8746 0.0881 -0.1392 7
0.7051 0.0709 0.087 67
0.8355 0.0838 -0.1031 11
0.7155 0.0717 0.1139 66
0.7851 0.0786 -0.069 15
0.7033 0.0703 0.1374 42
0.7711 0.077 -0.0406 16
0.7155 0.0713 0.166 32
0.7701 0.0766 -0.0135 15
0.694 0.0689 0.1869 27
0.7583 0.0742 0.0133 17
0.7216 0.0704 0.038 19
0.7357 0.0716 0.0647 37
0.8985 0.0873 -0.143 7
0.7133 0.0692 0.088 59
0.816 0.079 -0.1007 12
0.7216 0.0697 0.1148 55
0.7774 0.0751 -0.0683 15
0.7172 0.0692 0.1401 36
0.7873 0.0758 -0.0415 16
0.6983 0.0671 0.162 33
0.7624 0.0731 -0.0134 16
0.6904 0.0661 0.1858 27
0.7545 0.0712 0.0132 18
0.7139 0.0671 0.0376 20
0.732 0.0687 0.0643 37
0.8732 0.0818 -0.1389 7
0.7175 0.0671 0.0885 59
0.8321 0.0776 -0.1026 12
0.714 0.0665 0.1136 57
0.7816 0.0728 -0.0687 15
0.7174 0.0667 0.1401 36
0.7875 0.0731 -0.0415 16
0.7121 0.0659 0.1651 32
0.7467 0.069 -0.0131 16
0.7021 0.0648 0.1889 27
0.7468 0.0678 0.0131 18
0.728 0.0659 0.0383 19
0.7302 0.0659 0.0641 34
0.8893 0.0801 -0.1414 7
0.7236 0.0651 0.0892 65
0.8166 0.0733 -0.1007 12
0.7083 0.0635 0.1126 53
0.7759 0.0695 -0.0682 10
0.7177 0.0642 0.1401 36
0.7838 0.07 -0.0412 16
0.7065 0.0629 0.1638 30
0.7549 0.0671 -0.0132 16
0.687 0.0609 0.1848 28
0.7431 0.0649 0.013 18
0.7263 0.0632 0.0382 23
0.7225 0.0627 0.0634 34
0.8777 0.076 -0.1395 7
0.7258 0.0627 0.0895 57
0.8287 0.0715 -0.1021 12
0.7105 0.0612 0.1129 43
0.7781 0.067 -0.0683 15
0.714 0.0613 0.1393 37
0.788 0.0676 -0.0415 16
0.7165 0.0613 0.166 32
0.7551 0.0645 -0.0132 16
0.693 0.059 0.1863 27
0.7552 0.0633 0.0132 18
0.7344 0.0613 0.0386 22
0.7307 0.0608 0.0641 34
0.8819 0.0733 -0.1402 7
0.7122 0.0591 0.0877 46
0.8289 0.0686 -0.1021 12
0.7186 0.0593 0.1142 42
0.7684 0.0634 -0.0675 11
0.7142 0.0588 0.1393 37
0.7843 0.0645 -0.0412 16
0.7264 0.0596 0.1683 28
0.7673 0.0628 -0.0134 15
0.6989 0.0571 0.1879 27
0.7475 0.0601 0.0131 18
0.7187 0.0576 0.0378 20
0.7289 0.0583 0.064 34
0.8881 0.0708 -0.1411 7
0.7144 0.0568 0.088 39
0.8192 0.0651 -0.1009 12
0.7188 0.0569 0.1142 42
0.8104 0.0642 -0.0711 14
0.7144 0.0565 0.1393 37
0.7805 0.0616 -0.041 16
0.7033 0.0553 0.1629 30
0.7635 0.06 -0.0134 16
0.701 0.0549 0.1884 25
0.7437 0.0572 0.013 18
0.7289 0.0558 0.0383 19
0.743 0.0568 0.0652 33
0.8863 0.0676 -0.1408 7
0.7245 0.0551 0.0892 52
0.8135 0.0617 -0.1002 12
0.719 0.0544 0.1142 42
0.7828 0.0593 -0.0687 15
0.7204 0.0544 0.1404 36
0.7887 0.0594 -0.0415 16
0.7015 0.0527 0.1624 33
0.7478 0.0561 -0.0131 16
0.7032 0.0526 0.1889 25
0.7598 0.0558 0.0133 17
0.7291 0.0533 0.0383 19
0.7332 0.0535 0.0643 30
0.8807 0.0641 -0.1399 7
0.7306 0.053 0.0899 38
0.8375 0.0606 -0.1031 11
0.7113 0.0514 0.1129 43
0.7869 0.0568 -0.069 15
0.7226 0.052 0.1408 36
0.7929 0.057 -0.0417 15
0.7153 0.0513 0.1656 29
0.756 0.0541 -0.0132 16
0.6956 0.0496 0.1869 27
0.7421 0.0519 0.013 18
0.7412 0.0516 0.0389 18
0.7295 0.0506 0.064 31
0.8789 0.0608 -0.1395 7
0.7347 0.0507 0.0904 43
0.8318 0.0573 -0.1024 12
0.7173 0.0493 0.1139 38
0.7792 0.0535 -0.0683 15
0.7169 0.0491 0.1397 36
0.797 0.0545 -0.0419 15
0.7174 0.0489 0.166 32
0.7521 0.0511 -0.0132 16
0.69 0.0468 0.1853 25
0.7542 0.0501 0.0132 18
0.7374 0.0487 0.0387 18
0.7376 0.0486 0.0647 33
0.8752 0.0575 -0.1389 7
0.7151 0.0469 0.088 46
0.8399 0.0549 -0.1033 11
0.7254 0.0473 0.1151 32
0.7873 0.0513 -0.069 15
0.717 0.0466 0.1397 36
0.7853 0.0509 -0.0412 16
0.7156 0.0463 0.1656 36
0.7523 0.0485 -0.0132 16
0.7075 0.0455 0.19 25
0.7524 0.0473 0.0132 18
0.7316 0.0458 0.0384 19
0.7377 0.046 0.0647 33
0.8911 0.0554 -0.1414 7
0.7172 0.0445 0.0882 39
0.8341 0.0516 -0.1026 12
0.7236 0.0446 0.1148 32
0.7915 0.0488 -0.0694 15
0.7211 0.0444 0.1404 36
0.7775 0.0477 -0.0408 16
0.7139 0.0437 0.1651 29
0.7724 0.0471 -0.0135 15
0.7135 0.0434 0.1915 23
0.7625 0.0453 0.0133 17
0.7178 0.0424 0.0377 16
0.7419 0.0437 0.065 33
0.8953 0.0526 -0.142 7
0.7293 0.0427 0.0897 38
0.8303 0.0485 -0.1021 12
0.7119 0.0414 0.1129 34
0.7916 0.0461 -0.0694 15
0.7271 0.0422 0.1416 30
0.7936 0.0459 -0.0417 15
0.7043 0.0406 0.1629 33
0.7566 0.0435 -0.0132 16
0.6982 0.04 0.1874 25
0.7647 0.0428 0.0134 17
0.7299 0.0406 0.0383 19
0.738 0.0409 0.0647 30
0.9053 0.05 -0.1436 4
0.7254 0.0399 0.0892 39
0.8305 0.0456 -0.1021 12
0.7081 0.0387 0.1123 29
0.7719 0.0422 -0.0676 16
0.7351 0.0401 0.1431 30
0.7878 0.0428 -0.0413 16
0.7102 0.0385 0.1642 29
0.7568 0.0409 -0.0132 16
0.6925 0.0373 0.1858 25
0.7449 0.039 0.013 18
0.74 0.0385 0.0388 18
0.7243 0.0376 0.0634 31
0.8779 0.0454 -0.1392 7
0.7355 0.0379 0.0904 37
0.8426 0.0433 -0.1036 11
0.7201 0.0369 0.1142 28
0.8039 0.0411 -0.0704 14
0.7196 0.0367 0.1401 31
0.7919 0.0403 -0.0416 16
0.7201 0.0365 0.1665 29
0.7689 0.0388 -0.0134 15
0.6907 0.0347 0.1853 25
0.749 0.0366 0.0131 18
0.7441 0.0361 0.039 18
0.7443 0.036 0.0652 30
0.8879 0.0428 -0.1408 7
0.7297 0.035 0.0897 38
0.8506 0.0407 -0.1046 11
0.7241 0.0345 0.1148 27
0.7841 0.0374 -0.0687 15
0.7236 0.0344 0.1408 31
0.782 0.037 -0.041 16
0.7241 0.0341 0.1674 28
0.769 0.0361 -0.0134 15
0.7101 0.0332 0.1905 25
0.7531 0.0342 0.0132 18
0.7223 0.0327 0.0379 19
0.7404 0.0332 0.0648 30
0.8999 0.0402 -0.1427 4
0.7199 0.0321 0.0885 26
0.8289 0.0369 -0.1019 12
0.7361 0.0327 0.1167 27
0.8002 0.0354 -0.0701 15
0.7277 0.032 0.1416 30
0.7822 0.0343 -0.041 16
0.7164 0.0314 0.1656 29
0.7652 0.0334 -0.0134 16
0.7103 0.0309 0.1905 25
0.7612 0.032 0.0133 17
0.7343 0.0308 0.0385 19
0.7545 0.0314 0.0661 25
0.8941 0.037 -0.1417 7
0.7358 0.0303 0.0904 31
0.837 0.0345 -0.1029 12
0.7165 0.0294 0.1136 28
0.8082 0.033 -0.0708 14
0.7297 0.0297 0.142 30
0.7923 0.0321 -0.0416 16
0.7185 0.0291 0.166 29
0.7733 0.0312 -0.0135 15
0.7103 0.0285 0.1905 22
0.7693 0.0298 0.0134 17
0.7344 0.0282 0.0385 15
0.7267 0.0278 0.0636 27
0.8981 0.0342 -0.1424 4
0.7399 0.028 0.0909 31
0.8331 0.0314 -0.1024 12
0.7225 0.0271 0.1145 33
0.7745 0.0291 -0.0678 16
0.7377 0.0276 0.1435 29
0.7964 0.0296 -0.0418 15
0.7147 0.0265 0.1651 29
0.7614 0.0281 -0.0133 16
0.6989 0.0256 0.1874 22
0.7374 0.026 0.0129 19
0.7425 0.0259 0.0389 15
0.7188 0.025 0.0629 28
0.8844 0.0306 -0.1402 5
0.744 0.0256 0.0914 30
0.8471 0.029 -0.1041 11
0.7166 0.0244 0.1136 28
0.7905 0.0269 -0.0692 15
0.7319 0.0248 0.1423 26
0.7945 0.0268 -0.0417 15
0.7304 0.0245 0.1687 28
0.7695 0.0257 -0.0134 15
0.6989 0.0232 0.1874 22
0.7615 0.0242 0.0133 17
0.7426 0.0233 0.0389 15
0.7368 0.023 0.0645 26
0.9181 0.0285 -0.1455 4
0.7222 0.0223 0.0887 26
0.8572 0.0263 -0.1053 10
0.7266 0.0222 0.1151 27
0.7946 0.0241 -0.0696 15
0.7182 0.0218 0.1397 27
0.7866 0.0238 -0.0412 16
0.7304 0.0219 0.1687 28
0.7655 0.0229 -0.0134 16
0.7029 0.0209 0.1884 22
0.7576 0.0214 0.0132 18
0.7267 0.0203 0.0381 15
0.7469 0.0206 0.0654 26
0.9103 0.025 -0.1442 4
0.7362 0.0202 0.0904 31
0.8493 0.0231 -0.1043 11
0.7247 0.0196 0.1148 23
0.8086 0.0217 -0.0708 14
0.7261 0.0194 0.1412 27
0.7926 0.021 -0.0416 16
0.7188 0.0189 0.166 29
0.7736 0.0204 -0.0135 15
0.703 0.0184 0.1884 22
0.7657 0.0188 0.0134 17
0.7348 0.0178 0.0385 15
0.7549 0.0182 0.0661 25
0.9301 0.0222 -0.1474 4
0.7382 0.0175 0.0907 25
0.8454 0.0199 -0.1038 11
0.7208 0.0169 0.1142 23
0.8107 0.019 -0.0709 9
0.7301 0.017 0.142 26
0.7947 0.0183 -0.0417 15
0.7111 0.0163 0.1642 29
0.7697 0.0175 -0.0134 15
0.7146 0.0161 0.1915 21
0.7677 0.0162 0.0134 17
0.7348 0.0153 0.0385 15
0.743 0.0153 0.065 26
0.9342 0.0191 -0.148 4
0.7423 0.015 0.0912 24
0.8415 0.0169 -0.1033 11
0.7169 0.0143 0.1136 23
0.7928 0.0158 -0.0694 15
0.7263 0.0143 0.1412 27
0.7988 0.0156 -0.0419 15
0.719 0.0139 0.166 29
0.7497 0.0144 -0.0131 11
0.7069 0.0135 0.1895 22
0.7598 0.0134 0.0133 17
0.7469 0.0129 0.0391 15
0.747 0.0128 0.0654 26
0.7542 0.0126 0.0926 24
0.8674 0.0144 -0.1065 10
0.7229 0.0119 0.1145 23
0.7929 0.013 -0.0694 15
0.7263 0.0118 0.1412 27
0.7968 0.0128 -0.0418 15
0.7326 0.0116 0.1692 24
0.7778 0.0122 -0.0136 15
0.7012 0.0109 0.1879 20
0.7618 0.0108 0.0133 17
0.7409 0.0102 0.0388 15
0.7451 0.0101 0.0652 26
0.7344 0.0097 0.0902 25
0.8674 0.0114 -0.1065 10
0.7348 0.0095 0.1164 23
0.7989 0.0103 -0.0699 10
0.7185 0.0092 0.1397 27
0.7809 0.0098 -0.0409 16
0.7327 0.0091 0.1692 28
0.7938 0.0097 -0.0139 15
0.7089 0.0085 0.19 22
0.7638 0.0081 0.0133 17
0.727 0.0075 0.0381 15
0.7591 0.0077 0.0664 21
0.7364 0.0072 0.0904 25
0.8337 0.008 -0.1024 12
0.7467 0.007 0.1183 21
0.7969 0.0075 -0.0697 15
0.7264 0.0067 0.1412 27
0.7809 0.0071 -0.0409 16
0.721 0.0064 0.1665 25
0.7819 0.0068 -0.0136 10
0.7244 0.0062 0.1941 19
0.7699 0.0055 0.0134 17
0.743 0.0051 0.0389 15
0.7471 0.005 0.0654 22
0.7464 0.0047 0.0916 24
0.8377 0.0051 -0.1029 12
0.7269 0.0043 0.1151 18
0.8069 0.0048 -0.0706 14
0.7362 0.0042 0.1431 30
0.7929 0.0044 -0.0416 16
0.7288 0.0039 0.1683 24
0.7659 0.004 -0.0134 10
0.7264 0.0037 0.1946 21
0.7759 0.0028 0.0135 17
0.745 0.0025 0.039 15
0.7531 0.0024 0.0659 21
0.7464 0.0021 0.0916 24
0.8734 0.0023 -0.1072 10
0.7171 0.0018 0.1136 19
0.7989 0.002 -0.0699 15
0.7343 0.0017 0.1427 26
0.7969 0.0017 -0.0418 15
0.7269 0.0014 0.1678 24
0.7579 0.0013 -0.0132 10
0.7109 0.0011 0.1905 22
0.7619 0.0001 0.0133 17
0.747 -0.0001 0.0391 15
0.7471 -0.0003 0.0654 18
0.7504 -0.0005 0.0921 24
0.8695 -0.0008 -0.1068 10
0.7269 -0.0008 0.1151 18
0.797 -0.0008 -0.0697 10
0.7284 -0.0009 0.1416 26
0.8129 -0.0011 -0.0426 15
0.7269 -0.0011 0.1678 28
0.7859 -0.0014 -0.0137 15
0.7109 -0.0014 0.1905 22
0.7619 -0.0025 0.0133 17
0.747 -0.0027 0.0391 15
0.7551 -0.0029 0.0661 18
0.7265 -0.003 0.0892 26
0.8615 -0.0038 -0.1058 10
0.7427 -0.0034 0.1176 18
0.8029 -0.0036 -0.0702 9
0.7284 -0.0034 0.1416 26
0.7969 -0.0039 -0.0418 15
0.7347 -0.0037 0.1696 24
0.7779 -0.0041 -0.0136 10
0.7128 -0.0039 0.191 20
0.7619 -0.0052 0.0133 17
0.735 -0.0053 0.0385 15
0.7631 -0.0056 0.0668 21
0.7484 -0.0057 0.0919 24
0.8714 -0.0068 -0.107 10
0.7289 -0.0059 0.1154 18
0.8089 -0.0065 -0.0708 9
0.7342 -0.006 0.1427 26
0.8049 -0.0067 -0.0422 15
0.7308 -0.0062 0.1687 24
0.7779 -0.0068 -0.0136 10
0.7244 -0.0064 0.1941 19
0.7818 -0.0081 0.0136 16
0.7389 -0.0077 0.0387 15
0.7511 -0.0081 0.0657 18
0.7424 -0.0083 0.0912 24
0.8575 -0.0097 -0.1053 10
0.7249 -0.0082 0.1148 18
0.8188 -0.0094 -0.0716 9
0.7381 -0.0086 0.1435 25
0.8048 -0.0096 -0.0422 15
0.7327 -0.0088 0.1692 21
0.7738 -0.0093 -0.0135 10
0.7283 -0.0089 0.1951 19
0.7818 -0.0106 0.0136 16
0.7469 -0.0104 0.0391 15
0.7511 -0.0107 0.0657 18
0.7423 -0.0108 0.0912 24
0.8614 -0.0126 -0.1058 10
0.7288 -0.0108 0.1154 18
0.8048 -0.0121 -0.0704 9
0.7401 -0.0111 0.1439 25
0.8128 -0.0123 -0.0426 15
0.7326 -0.0113 0.1692 28
0.7818 -0.0121 -0.0136 10
0.7108 -0.0112 0.1905 22
0.7818 -0.0134 0.0136 16
0.7489 -0.0129 0.0393 15
0.743 -0.0131 0.065 22
0.7483 -0.0135 0.0919 24
0.8773 -0.0159 -0.1077 10
0.7426 -0.0135 0.1176 18
0.8307 -0.0152 -0.0727 8
0.7361 -0.0136 0.1431 26
0.8187 -0.0153 -0.0429 14
0.7365 -0.0139 0.1701 21
0.7897 -0.0149 -0.0138 10
0.7282 -0.0139 0.1951 19
0.7657 -0.0156 0.0134 17
0.7588 -0.0158 0.0398 14
0.7549 -0.0159 0.0661 21
0.7462 -0.0159 0.0916 24
0.8752 -0.0188 -0.1075 6
0.7426 -0.0161 0.1176 18
0.8147 -0.0178 -0.0713 14
0.738 -0.0161 0.1435 25
0.8047 -0.0177 -0.0422 15
0.7325 -0.0162 0.1692 24
0.7857 -0.0176 -0.0137 10
0.7243 -0.0163 0.1941 16
0.7677 -0.0184 0.0134 13
0.7388 -0.0178 0.0387 11
0.7629 -0.0186 0.0668 21
0.7382 -0.0183 0.0907 25
0.8851 -0.0221 -0.1087 6
0.7465 -0.0186 0.1183 17
0.8226 -0.0207 -0.072 9
0.7438 -0.0188 0.1446 25
0.8086 -0.0206 -0.0424 15
0.7383 -0.0189 0.1705 23
0.7896 -0.0203 -0.0138 10
0.7203 -0.0186 0.1931 19
0.7796 -0.0212 0.0136 12
0.7347 -0.0203 0.0385 11
0.7568 -0.0211 0.0662 18
0.754 -0.0212 0.0926 24
0.8771 -0.0248 -0.1077 6
0.7345 -0.0209 0.1164 18
0.8086 -0.0232 -0.0708 9
0.7497 -0.0215 0.1458 24
0.8145 -0.0235 -0.0427 15
0.7363 -0.0213 0.1701 24
0.7835 -0.0228 -0.0137 10
0.728 -0.0214 0.1951 19
0.7795 -0.024 0.0136 16
0.7466 -0.0232 0.0391 11
0.7508 -0.0235 0.0657 18
0.7639 -0.0241 0.0938 23
0.8928 -0.0284 -0.1097 6
0.7384 -0.0236 0.117 18
0.8005 -0.0256 -0.0701 10
0.7398 -0.0238 0.1439 21
0.8224 -0.0266 -0.0431 9
0.746 -0.0242 0.1723 23
0.7775 -0.0254 -0.0136 10
0.7241 -0.0238 0.1941 19
0.7654 -0.0262 0.0134 17
0.7625 -0.0264 0.04 14
0.7606 -0.0264 0.0666 21
0.7578 -0.0266 0.0931 23
0.8848 -0.0312 -0.1087 6
0.7344 -0.026 0.1164 18
0.8243 -0.0292 -0.0722 9
0.7377 -0.0263 0.1435 21
0.8303 -0.0297 -0.0435 9
0.7439 -0.0268 0.1719 23
0.7914 -0.0286 -0.0138 10
0.7143 -0.0259 0.1915 16
0.7713 -0.0291 0.0135 12
0.7664 -0.0292 0.0402 14
0.7605 -0.0291 0.0666 17
0.7498 -0.0289 0.0921 24
0.8946 -0.0347 -0.1099 6
0.7422 -0.0289 0.1176 18
0.8183 -0.0319 -0.0716 9
0.7376 -0.0289 0.1435 21
0.8182 -0.0321 -0.0429 9
0.7399 -0.0292 0.171 23
0.7933 -0.0314 -0.0139 10
0.7316 -0.0291 0.1962 19
0.7912 -0.0326 0.0138 16
0.7403 -0.0308 0.0388 11
0.7545 -0.0315 0.0661 14
0.7557 -0.0318 0.0929 23
0.8905 -0.0376 -0.1094 6
0.7539 -0.032 0.1195 17
0.8142 -0.0346 -0.0713 9
0.7512 -0.032 0.1462 20
0.8002 -0.0342 -0.042 10
0.7496 -0.0322 0.1732 23
0.8071 -0.0348 -0.0141 9
0.7353 -0.0318 0.1972 19
0.7831 -0.035 0.0137 12
0.7482 -0.0337 0.0393 11
0.7663 -0.0347 0.0671 14
0.7575 -0.0345 0.0931 23
0.9023 -0.0413 -0.1109 6
0.7499 -0.0344 0.1189 17
0.826 -0.0379 -0.0723 9
0.7452 -0.0344 0.145 17
0.82 -0.038 -0.043 9
0.7358 -0.0342 0.1701 24
0.793 -0.037 -0.0139 10
0.7314 -0.0342 0.1962 19
0.791 -0.0381 0.0138 12
0.7561 -0.0367 0.0397 10
0.7562 -0.0369 0.0662 14
0.7614 -0.0374 0.0936 23
0.8942 -0.044 -0.1099 6
0.728 -0.036 0.1154 18
0.8318 -0.0411 -0.0729 8
0.753 -0.0374 0.1465 20
0.8278 -0.0412 -0.0434 14
0.7513 -0.0375 0.1737 22
0.7949 -0.0398 -0.0139 10
0.7235 -0.0364 0.1941 19
0.7828 -0.0405 0.0137 12
0.7659 -0.0399 0.0402 10
0.7521 -0.0393 0.0659 14
0.7533 -0.0396 0.0926 24
0.9099 -0.048 -0.1119 5
0.7634 -0.0404 0.1211 12
0.8177 -0.0433 -0.0716 9
0.743 -0.0395 0.1446 21
0.8337 -0.0444 -0.0438 9
0.7531 -0.0403 0.1741 22
0.8067 -0.0433 -0.0141 9
0.7234 -0.0389 0.1941 19
0.7867 -0.0434 0.0138 16
0.7737 -0.043 0.0406 10
0.7639 -0.0426 0.0669 14
0.7512 -0.0421 0.0924 24
0.8899 -0.0501 -0.1094 3
0.7633 -0.0431 0.1211 12
0.8375 -0.0473 -0.0734 8
0.7488 -0.0424 0.1458 20
0.8215 -0.0467 -0.0431 9
0.751 -0.0428 0.1737 22
0.8026 -0.0459 -0.014 9
0.7368 -0.0422 0.1977 18
0.7865 -0.0462 0.0138 12
0.7676 -0.0452 0.0403 10
0.7737 -0.0458 0.0678 13
0.751 -0.0448 0.0924 24
0.9095 -0.0544 -0.1119 2
0.7651 -0.0457 0.1214 17
0.8452 -0.0507 -0.0741 8
0.7565 -0.0455 0.1473 20
0.8294 -0.05 -0.0435 9
0.7489 -0.0453 0.1732 23
0.7944 -0.048 -0.0139 10
0.7347 -0.0445 0.1972 19
0.7864 -0.0488 0.0138 12
0.7555 -0.0471 0.0397 10
0.7735 -0.0485 0.0678 13
0.7489 -0.0471 0.0921 24
0.7373 -0.0466 0.117 18
0.8709 -0.0553 -0.0763 7
0.7563 -0.048 0.1473 20
0.8312 -0.0529 -0.0436 9
0.7449 -0.0475 0.1723 23
0.8262 -0.0528 -0.0145 9
0.7499 -0.0481 0.2014 18
0.7862 -0.0515 0.0138 12
0.7653 -0.0504 0.0402 14
0.7654 -0.0506 0.0671 14
0.7626 -0.0507 0.0938 23
0.7509 -0.0501 0.1192 13
0.8508 -0.057 -0.0746 8
0.762 -0.051 0.1484 20
0.8469 -0.0568 -0.0445 8
0.7486 -0.0504 0.1732 23
0.804 -0.0543 -0.0141 9
0.7382 -0.0499 0.1983 18
0.784 -0.0541 0.0137 12
0.7611 -0.0528 0.04 10
0.7553 -0.0527 0.0662 14
0.7703 -0.0539 0.0948 22
0.7547 -0.053 0.1198 13
0.8586 -0.0605 -0.0753 7
0.7579 -0.0535 0.1477 20
0.8268 -0.0585 -0.0434 9
0.762 -0.0541 0.1764 18
0.8078 -0.0573 -0.0141 9
0.7438 -0.0529 0.1998 15
0.8018 -0.0583 0.014 11
0.7709 -0.0562 0.0405 10
0.765 -0.056 0.0671 14
0.7582 -0.0558 0.0934 17
0.7703 -0.0568 0.1223 12
0.8504 -0.0629 -0.0746 8
0.7518 -0.0557 0.1465 16
0.8266 -0.0614 -0.0434 9
0.7579 -0.0565 0.1755 22
0.7957 -0.0593 -0.0139 10
0.7475 -0.0558 0.2008 15
0.7936 -0.0604 0.0139 12
0.7627 -0.0583 0.0401 10
0.7748 -0.0595 0.068 13
0.7561 -0.0582 0.0931 17
0.7661 -0.0592 0.1217 12
0.8621 -0.0668 -0.0757 7
0.7575 -0.0587 0.1477 20
0.8423 -0.0654 -0.0443 8
0.7538 -0.0587 0.1746 19
0.8154 -0.0636 -0.0143 9
0.7492 -0.0586 0.2014 15
0.8093 -0.0644 0.0142 11
0.7585 -0.0605 0.0399 10
0.7825 -0.0627 0.0687 13
0.7677 -0.0618 0.0946 16
0.7581 -0.0611 0.1205 17
0.848 -0.0685 -0.0744 8
0.773 -0.0626 0.1507 19
0.8441 -0.0685 -0.0444 8
0.7536 -0.0613 0.1746 19
0.8192 -0.0666 -0.0143 9
0.7509 -0.0612 0.2019 15
0.8031 -0.0666 0.0141 11
0.7663 -0.0638 0.0403 10
0.7704 -0.0644 0.0676 14
0.7715 -0.0646 0.0951 16
0.7539 -0.0634 0.1198 13
0.8477 -0.0715 -0.0744 4
0.7649 -0.0645 0.1492 19
0.8558 -0.0723 -0.045 8
0.7554 -0.064 0.175 19
0.811 -0.0688 -0.0142 9
0.7488 -0.0637 0.2014 13
0.7989 -0.0692 0.014 11
0.7621 -0.0663 0.0401 10
0.7701 -0.0671 0.0676 14
0.7712 -0.0675 0.0951 16
0.7694 -0.0676 0.1223 12
0.8515 -0.0748 -0.0748 4
0.7588 -0.0668 0.1481 16
0.8416 -0.0742 -0.0443 8
0.7706 -0.0681 0.1786 18
0.8127 -0.072 -0.0142 9
0.7486 -0.0664 0.2014 15
0.7867 -0.0709 0.0138 12
0.7877 -0.0713 0.0415 9
0.7758 -0.0703 0.0682 13
0.7651 -0.0696 0.0943 17
0.7692 -0.0703 0.1223 12
0.9048 -0.0827 -0.0795 3
0.7566 -0.0693 0.1477 20
0.8433 -0.0773 -0.0444 8
0.7685 -0.0706 0.1782 21
0.8363 -0.077 -0.0147 9
0.756 -0.0697 0.2034 14
0.8163 -0.0764 0.0143 10
0.7517 -0.0705 0.0396 10
0.7875 -0.0742 0.0692 13
0.7747 -0.0732 0.0955 16
0.7906 -0.0749 0.1258 11
0.9144 -0.0868 -0.0804 2
0.7661 -0.0728 0.1496 19
0.843 -0.0803 -0.0444 8
0.7702 -0.0735 0.1786 21
0.8281 -0.079 -0.0145 9
0.7558 -0.0722 0.2034 12
0.818 -0.0793 0.0143 10
0.7594 -0.0739 0.04 10
0.7773 -0.0759 0.0683 13
0.7784 -0.0762 0.096 16
0.7667 -0.0753 0.122 12
0.8903 -0.0876 -0.0783 3
0.7815 -0.0769 0.1526 22
0.8606 -0.0848 -0.0453 8
0.766 -0.0756 0.1777 21
0.8179 -0.0809 -0.0143 9
0.7632 -0.0756 0.2055 10
0.8178 -0.0822 0.0143 10
0.781 -0.0788 0.0411 10
0.7731 -0.0781 0.068 13
0.7841 -0.0795 0.0968 16
0.7743 -0.0788 0.1233 12
0.886 -0.0902 -0.0779 3
0.7852 -0.08 0.1534 18
0.8564 -0.0874 -0.0451 8
0.7793 -0.0797 0.1809 21
0.8096 -0.083 -0.0142 9
0.7476 -0.0767 0.2014 13
0.8016 -0.0834 0.0141 11
0.7886 -0.0823 0.0416 9
0.7728 -0.0808 0.068 13
0.7759 -0.0814 0.0958 16
0.776 -0.0817 0.1236 12
0.9729 -0.1024 -0.0856 1
0.779 -0.0822 0.1523 18
0.8719 -0.0921 -0.046 7
0.779 -0.0824 0.1809 18
0.8272 -0.0877 -0.0145 4
0.7665 -0.0814 0.2065 10
0.8112 -0.0873 0.0142 11
0.7983 -0.0862 0.0421 9
0.7844 -0.0848 0.069 13
0.7776 -0.0843 0.096 16
0.7757 -0.0844 0.1236 12
0.769 -0.0838 0.1504 15
0.8617 -0.0941 -0.0454 8
0.7788 -0.0851 0.1809 15
0.8349 -0.0914 -0.0147 4
0.7624 -0.0836 0.2055 12
0.8308 -0.0923 0.0146 10
0.7722 -0.0861 0.0407 10
0.792 -0.0884 0.0697 13
0.7852 -0.0879 0.097 15
0.7931 -0.0891 0.1264 11
0.7882 -0.0887 0.1542 14
0.8673 -0.0977 -0.0457 8
0.7746 -0.0874 0.18 18
0.8445 -0.0955 -0.0148 8
0.7717 -0.0874 0.2081 10
0.8284 -0.095 0.0146 10
0.7778 -0.0894 0.041 10
0.7957 -0.0916 0.0701 12
0.7947 -0.0918 0.0982 15
0.7869 -0.0912 0.1255 11
0.7859 -0.0912 0.1538 14
0.8689 -0.101 -0.0458 3
0.7801 -0.0908 0.1813 18
0.8104 -0.0945 -0.0142 4
0.7848 -0.0916 0.2117 10
0.84 -0.0993 0.0148 10
0.7953 -0.0943 0.042 9
0.7835 -0.093 0.069 13
0.7924 -0.0943 0.098 15
0.7767 -0.0928 0.1239 12
0.7953 -0.0951 0.1557 14
0.8805 -0.1055 -0.0465 7
0.7875 -0.0945 0.1831 14
0.8279 -0.0995 -0.0146 4
0.771 -0.0928 0.2081 8
0.8317 -0.1012 0.0146 10
0.793 -0.0968 0.0419 9
0.7911 -0.0967 0.0697 13
0.796 -0.0976 0.0985 15
0.7862 -0.0967 0.1255 11
0.7814 -0.0962 0.153 14
0.8742 -0.1078 -0.0462 3
0.7814 -0.0965 0.1818 12
0.8534 -0.1055 -0.015 4
0.7746 -0.0959 0.2091 8
0.8175 -0.1024 0.0144 7
0.8026 -0.1008 0.0424 9
0.8026 -0.101 0.0708 12
0.7996 -0.1009 0.099 15
0.7996 -0.1012 0.1277 11
0.7888 -0.0999 0.1546 14
0.8817 -0.1119 -0.0466 3
0.8061 -0.1024 0.1876 11
0.8609 -0.1095 -0.0151 4
0.7819 -0.0996 0.2112 8
0.831 -0.107 0.0146 10
0.7785 -0.1004 0.0411 10
0.8022 -0.1038 0.0708 12
0.7874 -0.1021 0.0975 15
0.7914 -0.1028 0.1264 11
0.7982 -0.104 0.1565 14
0.8536 -0.1113 -0.0451 4
0.7884 -0.1028 0.1836 14
0.8784 -0.1147 -0.0155 4
0.7835 -0.1024 0.2117 8
0.8544 -0.1129 0.015 9
0.794 -0.1051 0.042 9
0.8058 -0.1069 0.0711 12
0.7989 -0.1063 0.099 15
0.795 -0.1059 0.127 11
0.8095 -0.1082 0.1588 13
0.7939 -0.1062 0.1849 14
0.8443 -0.1131 -0.0149 4
0.7965 -0.1068 0.2153 8
0.8461 -0.1147 0.0149 9
0.8075 -0.1097 0.0427 9
0.8094 -0.1102 0.0715 12
0.8123 -0.1108 0.1007 14
0.7829 -0.1071 0.1251 12
0.8014 -0.1098 0.1572 13
0.7973 -0.1095 0.1858 11
0.8756 -0.1204 -0.0154 4
0.7961 -0.1096 0.2153 8
0.8358 -0.1163 0.0147 10
0.8308 -0.1159 0.044 8
0.8051 -0.1124 0.0711 12
0.81 -0.1134 0.1004 14
0.802 -0.1126 0.1283 11
0.7893 -0.1109 0.1549 14
0.8008 -0.1128 0.1867 11
0.9029 -0.1274 -0.0159 3
0.7804 -0.1102 0.2112 8
0.8275 -0.1181 0.0146 7
0.8344 -0.1193 0.0442 8
0.8224 -0.1178 0.0727 11
0.8076 -0.1159 0.1002 14
0.8016 -0.1154 0.1283 11
0.8045 -0.1159 0.158 13
0.8158 -0.1179 0.1903 10
0.8946 -0.1294 -0.0158 3
0.7992 -0.1157 0.2164 7
0.8587 -0.1256 0.0151 6
0.8102 -0.1188 0.0429 9
0.8102 -0.1189 0.0716 9
0.817 -0.1202 0.1014 13
0.8208 -0.1211 0.1314 10
0.808 -0.1193 0.1588 13
0.8077 -0.1196 0.1885 11
0.906 -0.1343 -0.016 3
0.8102 -0.1202 0.2195 7
0.8741 -0.1309 0.0154 5
0.8157 -0.1225 0.0432 9
0.8275 -0.1244 0.0732 11
0.8284 -0.1248 0.1029 13
0.8008 -0.121 0.1283 11
0.8231 -0.1245 0.1618 12
0.8131 -0.1233 0.1899 10
0.9411 -0.1428 -0.0166 3
0.8155 -0.1239 0.221 7
0.8618 -0.1322 0.0152 6
0.8133 -0.125 0.0431 9
0.8329 -0.1284 0.0737 11
0.8358 -0.1289 0.1038 12
0.8043 -0.1244 0.1289 10
0.8226 -0.1275 0.1618 12
0.8203 -0.1274 0.1917 10
0.8036 -0.125 0.2179 5
0.8653 -0.136 0.0153 5
0.8287 -0.1304 0.044 8
0.8187 -0.1291 0.0725 8
0.8196 -0.1295 0.1019 13
0.8195 -0.1296 0.1314 10
0.8163 -0.1294 0.1607 9
0.8314 -0.1321 0.1944 10
0.8185 -0.1302 0.2221 5
0.8687 -0.1395 0.0154 5
0.8321 -0.1339 0.0442 8
0.8399 -0.1354 0.0744 8
0.8211 -0.1326 0.1021 13
0.8385 -0.1357 0.1345 9
0.8178 -0.1325 0.161 12
0.8291 -0.1346 0.1939 10
0.8333 -0.1356 0.2262 5
0.888 -0.1457 0.0157 5
0.8317 -0.1366 0.0442 5
0.8414 -0.1385 0.0746 7
0.8344 -0.1377 0.1038 12
0.842 -0.1391 0.1352 9
0.8309 -0.1376 0.1637 9
0.8382 -0.1391 0.1962 9
0.8404 -0.1396 0.2283 4
0.8895 -0.149 0.0157 5
0.8391 -0.1409 0.0446 5
0.8429 -0.1418 0.0748 7
0.8319 -0.1401 0.1036 8
0.8259 -0.1394 0.1327 6
0.8324 -0.1406 0.1641 9
0.8339 -0.1412 0.1953 7
0.8628 -0.1464 0.2345 4
0.9165 -0.1568 0.0162 2
0.8366 -0.1435 0.0445 5
0.8306 -0.1426 0.0737 8
0.8471 -0.1457 0.1055 8
0.8449 -0.1456 0.1358 6
0.8396 -0.1449 0.1656 8
0.8449 -0.1461 0.198 6
0.8547 -0.1481 0.2324 3
0.8558 -0.1498 0.0455 5
0.8399 -0.1473 0.0746 7
0.8525 -0.1497 0.1063 7
0.8366 -0.1472 0.1345 6
0.8468 -0.1493 0.1671 8
0.8501 -0.1502 0.1993 6
0.8637 -0.1528 0.235 1
0.8493 -0.1519 0.0452 5
0.8531 -0.1527 0.0758 7
0.8441 -0.1514 0.1053 8
0.8477 -0.1524 0.1364 6
0.8405 -0.1512 0.166 8
0.8611 -0.1552 0.202 4
0.8665 -0.1581 0.0462 5
0.8761 -0.16 0.0779 4
0.867 -0.1587 0.1082 7
0.8627 -0.1582 0.1389 6
0.8516 -0.1563 0.1683 7
0.8663 -0.1593 0.2034 4
0.8873 -0.1653 0.079 4
0.8723 -0.1628 0.109 7
0.8505 -0.1589 0.137 6
0.8703 -0.1629 0.1721 7
0.8789 -0.1669 0.0783 4
0.8737 -0.166 0.1092 7
0.848 -0.1615 0.1367 6
0.8891 -0.1694 0.1759 4
0.8764 -0.1694 0.0781 4
0.8984 -0.174 0.1124 6
0.8862 -0.1719 0.143 5
0.8865 -0.1722 0.1755 4
