1.89395 0.012 -0.262133 100
1.90841 0.039 -0.264135 100
1.91762 0.0662 -0.26541 43
1.94615 0.0946 -0.269358 1
1.92445 -0.1112 -0.266356 36
1.90999 -0.0834 -0.264354 43
1.89811 -0.0561 -0.262709 100
1.89276 -0.0293 -0.261968 100
1.85612 0.0056 -0.23547 100
1.8588 0.0317 -0.23581 100
1.86416 0.0581 -0.23649 100
1.87706 0.085 -0.238126 100
1.89154 0.1124 -0.239963 100
1.93529 0.1423 -0.245513 45
1.94541 -0.1772 -0.246797 1
1.90711 -0.1467 -0.241939 39
1.8961 -0.119 -0.240542 51
1.87577 -0.0912 -0.237962 100
1.86396 -0.0643 -0.236465 100
1.85672 -0.0379 -0.235546 100
1.85822 0.0196 -0.225857 100
1.86368 0.0459 -0.226521 100
1.87282 0.0725 -0.227631 100
1.89347 0.1 -0.23014 100
1.91173 0.128 -0.232361 47
1.96414 0.1593 -0.238731 1
1.92503 -0.1626 -0.233977 1
1.89545 -0.1332 -0.230382 48
1.88711 -0.106 -0.229368 100
1.87262 -0.0788 -0.227607 100
1.86359 -0.0521 -0.226509 100
1.82886 0.0051 -0.192866 100
1.82955 0.0308 -0.19294 100
1.83393 0.0566 -0.193401 100
1.84199 0.0827 -0.194251 100
1.85452 0.1094 -0.195572 100
1.88644 0.1645 -0.198939 100
1.92652 0.1952 -0.203165 1
1.95416 -0.198 -0.206081 1
1.90225 -0.1659 -0.200606 44
1.87063 -0.1367 -0.197271 100
1.86048 -0.1097 -0.196201 100
1.84785 -0.083 -0.194869 100
1.83791 -0.0567 -0.193821 100
1.83055 -0.0308 -0.193045 100
1.83228 0.0055 -0.179011 100
1.83695 0.0313 -0.179468 100
1.84233 0.0573 -0.179993 100
1.85328 0.0838 -0.181062 100
1.8688 0.1108 -0.182579 100
1.88403 0.1384 -0.184067 100
1.9314 0.1692 -0.188695 52
1.94355 -0.2099 -0.189881 1
1.89866 -0.1781 -0.185496 43
1.88413 -0.15 -0.184077 100
1.86213 -0.1219 -0.181928 100
1.84979 -0.095 -0.180722 100
1.84193 -0.0686 -0.179954 100
1.83775 -0.0426 -0.179545 100
1.81498 0.0245 -0.157513 100
1.81846 0.0501 -0.157816 100
1.82753 0.076 -0.158603 100
1.84128 0.1024 -0.159796 100
1.84955 0.129 -0.160513 100
1.87346 0.1571 -0.162588 100
1.92755 0.1889 -0.167283 100
1.95555 -0.2357 -0.169713 1
1.89428 -0.2014 -0.164396 43
1.87406 -0.1727 -0.16264 100
1.84945 -0.1443 -0.160505 100
1.8344 -0.1172 -0.159199 100
1.82384 -0.0909 -0.158283 100
1.81697 -0.065 -0.157686 100
1.81279 -0.0394 -0.157323 100
1.81454 0.0064 -0.140895 100
1.81723 0.0318 -0.141104 100
1.82361 0.0574 -0.1416 100
1.83557 0.0835 -0.142529 100
1.84913 0.1101 -0.143582 100
1.8614 0.137 -0.144534 100
1.89898 0.1665 -0.147453 100
1.95103 0.1986 -0.151494 41
1.92471 -0.2204 -0.14945 40
1.87795 -0.1885 -0.145819 100
1.86349 -0.1608 -0.144697 100
1.84465 -0.1332 -0.143233 100
1.83238 -0.1065 -0.142281 100
1.82172 -0.0803 -0.141453 100
1.81573 -0.0546 -0.140988 100
1.81434 -0.0292 -0.14088 100
1.79343 0.0072 -0.113148 100
1.79413 0.0322 -0.113192 100
1.79952 0.0574 -0.113532 100
1.8085 0.083 -0.114098 100
1.81918 0.1089 -0.114772 100
1.83136 0.1352 -0.11554 100
1.83924 0.1616 -0.116038 100
1.86958 0.1906 -0.117952 100
1.92128 0.223 -0.121213 100
1.92497 -0.2264 -0.121446 32
1.87727 -0.1943 -0.118437 100
1.84403 -0.165 -0.11634 100
1.83615 -0.1385 -0.115842 100
1.82098 -0.1119 -0.114885 100
1.8084 -0.0858 -0.114092 100
1.79842 -0.0602 -0.113462 100
1.79413 -0.0351 -0.113192 100
1.7941 0.0223 -0.100306 100
1.80258 0.0476 -0.10078 100
1.81267 0.0732 -0.101344 100
1.82545 0.0992 -0.102058 100
1.84083 0.1259 -0.102918 100
1.86279 0.1535 -0.104146 100
1.88236 0.1816 -0.10524 100
1.93817 0.2144 -0.108361 47
1.90173 -0.2336 -0.106323 45
1.8602 -0.2021 -0.104001 100
1.84791 -0.1747 -0.103314 100
1.82824 -0.1471 -0.102215 100
1.81517 -0.1206 -0.101483 100
1.80668 -0.0947 -0.101009 100
1.79789 -0.0691 -0.100518 100
1.7947 -0.0439 -0.100339 100
1.78561 0.0137 -0.0904551 100
1.7903 0.0388 -0.0906929 100
1.7966 0.0641 -0.0910117 100
1.80548 0.0897 -0.0914619 100
1.81897 0.1159 -0.0921449 100
1.83714 0.1429 -0.0930657 100
1.84983 0.1699 -0.0937083 100
1.89397 0.2007 -0.0959445 100
1.9505 0.2343 -0.098808 48
1.92224 -0.2508 -0.0973762 41
1.875 -0.218 -0.0949832 100
1.83615 -0.1875 -0.0930151 100
1.82466 -0.1605 -0.0924333 100
1.80978 -0.1338 -0.0916795 100
1.7975 -0.1076 -0.0910572 100
1.7898 -0.082 -0.0906676 100
1.78681 -0.0569 -0.0905158 100
1.78441 -0.0318 -0.0903944 100
1.78533 0.0203 -0.0748276 100
1.79083 0.0454 -0.0750579 100
1.79502 0.0706 -0.0752338 100
1.80382 0.0962 -0.0756023 100
1.8193 0.1225 -0.0762514 100
1.83529 0.1494 -0.0769214 100
1.84498 0.1762 -0.0773276 100
1.87715 0.2057 -0.078676 100
1.94549 0.2408 -0.0815403 48
1.92721 -0.2495 -0.080774 31
1.87495 -0.2161 -0.0785839 100
1.84098 -0.1862 -0.0771601 100
1.83249 -0.1595 -0.0768041 100
1.8176 -0.1326 -0.0761802 100
1.80631 -0.1065 -0.075707 100
1.79562 -0.0807 -0.0752589 100
1.78853 -0.0553 -0.0749616 100
1.78613 -0.0303 -0.0748611 100
1.78261 0.0184 -0.0323604 100
1.78421 0.0433 -0.0323894 100
1.78541 0.0682 -0.0324112 100
1.7923 0.0935 -0.0325365 100
1.8048 0.1195 -0.0327633 100
1.8159 0.1457 -0.0329648 100
1.8276 0.1723 -0.0331772 100
1.8449 0.1999 -0.0334912 100
1.89349 0.2319 -0.0343733 100
1.94758 0.2662 -0.0353552 47
1.93448 -0.2661 -0.0351174 1
1.88139 -0.2321 -0.0341537 49
1.86559 -0.2038 -0.0338669 100
1.8384 -0.1749 -0.0333732 100
1.8177 -0.1474 -0.0329975 100
1.8027 -0.1209 -0.0327252 100
1.7932 -0.0952 -0.0325528 100
1.78731 -0.0699 -0.0324457 100
1.78111 -0.0448 -0.0323332 100
1.77771 0.0155 -0.0260644 100
1.78531 0.0405 -0.0261759 100
1.78961 0.0656 -0.0262389 100
1.79851 0.0911 -0.0263694 100
1.81101 0.1171 -0.0265526 100
1.8262 0.1437 -0.0267755 100
1.8389 0.1706 -0.0269616 100
1.8801 0.2009 -0.0275657 100
1.93169 0.2337 -0.0283221 100
1.92899 -0.2841 -0.0282825 1
1.8792 -0.25 -0.0275525 100
1.8637 -0.2215 -0.0273252 100
1.8368 -0.1924 -0.0269309 100
1.8154 -0.1646 -0.0266171 100
1.80051 -0.1379 -0.0263987 100
1.79231 -0.1121 -0.0262785 100
1.78671 -0.0868 -0.0261964 100
1.78171 -0.0616 -0.0261231 100
1.77741 -0.0366 -0.02606 100
1.76886 0.0201 -0.0123492 100
1.77336 0.0448 -0.0123806 100
1.78056 0.0699 -0.0124308 100
1.78746 0.0951 -0.012479 100
1.79586 0.1207 -0.0125376 100
1.80896 0.1469 -0.0126291 100
1.82466 0.1738 -0.0127387 100
1.84096 0.2013 -0.0128525 100
1.88865 0.2332 -0.0131855 100
1.94465 0.2677 -0.0135765 47
1.95285 -0.274 -0.0136337 49
1.88605 -0.2379 -0.0131674 100
1.83946 -0.206 -0.012842 100
1.82526 -0.1787 -0.0127429 100
1.80666 -0.1515 -0.012613 100
1.79256 -0.1252 -0.0125146 100
1.78216 -0.0995 -0.012442 100
1.77436 -0.0743 -0.0123875 100
1.77026 -0.0494 -0.0123589 100
1.76699 0.0062 0.00493439 100
1.76869 0.0308 0.00493914 100
1.77309 0.0557 0.00495142 100
1.78119 0.0808 0.00497404 100
1.78789 0.1061 0.00499275 100
1.79719 0.1318 0.00501872 100
1.81509 0.1586 0.00506871 100
1.83859 0.1865 0.00513433 100
1.85069 0.2139 0.00516812 100
1.89409 0.2457 0.00528932 100
1.89889 -0.248 0.00530272 47
1.85449 -0.2159 0.00517873 100
1.84139 -0.1884 0.00514215 100
1.81889 -0.1605 0.00507932 100
1.80099 -0.1337 0.00502933 100
1.78879 -0.1077 0.00499527 100
1.78009 -0.0823 0.00497097 100
1.77309 -0.0572 0.00495142 100
1.76869 -0.0324 0.00493914 100
1.76686 0.0185 0.0123352 100
1.77266 0.068 0.0123757 100
1.77956 0.0932 0.0124239 100
1.78706 0.1186 0.0124762 100
1.79816 0.1445 0.0125537 100
1.81486 0.1714 0.0126703 100
1.82626 0.1982 0.0127499 100
1.86395 0.2287 0.0130131 100
1.92005 0.2628 0.0134047 100
1.91635 -0.2888 0.0133789 34
1.86765 -0.2549 0.0130389 100
1.83136 -0.224 0.0127855 100
1.82036 -0.1969 0.0127087 100
1.80596 -0.1699 0.0126082 100
1.79226 -0.1434 0.0125125 100
1.78206 -0.1176 0.0124413 100
1.77256 -0.0922 0.012375 100
1.76666 -0.0672 0.0123338 100
1.76446 -0.0425 0.0123184 100
1.76567 0.0173 0.0286621 100
1.77127 0.042 0.0287529 100
1.78047 0.0671 0.0289023 100
1.78836 0.0924 0.0290305 100
1.79786 0.1181 0.0291847 100
1.81596 0.1448 0.0294785 100
1.83966 0.1725 0.0298631 100
1.85296 0.1999 0.030079 100
1.90065 0.2319 0.0308532 100
1.91875 -0.2846 0.031147 45
1.86505 -0.2501 0.0302754 100
1.83166 -0.2196 0.0297333 100
1.82056 -0.1926 0.0295531 100
1.80516 -0.1655 0.0293032 100
1.79036 -0.139 0.029063 100
1.77917 -0.1131 0.0288812 100
1.77157 -0.0879 0.0287578 100
1.76667 -0.0629 0.0286783 100
1.76537 -0.0382 0.0286572 100
1.75751 0.0012 0.0414181 100
1.76131 0.0258 0.0415076 100
1.76681 0.0505 0.0416372 100
1.77291 0.0755 0.0417809 100
1.78171 0.1008 0.0419882 100
1.794 0.1266 0.042278 100
1.808 0.153 0.0426078 100
1.82659 0.1802 0.043046 100
1.84379 0.2079 0.0434513 100
1.89527 0.2405 0.0446646 100
1.94716 0.2748 0.0458874 50
1.90387 -0.2809 0.0448672 1
1.85708 -0.2476 0.0437646 100
1.84149 -0.2194 0.0433971 100
1.81949 -0.1911 0.0428788 100
1.8031 -0.164 0.0424924 100
1.7892 -0.1376 0.0421649 100
1.77901 -0.1118 0.0419246 100
1.77041 -0.0865 0.041722 100
1.76541 -0.0616 0.0416042 100
1.76311 -0.0369 0.04155 100
1.75864 0.0012 0.0690973 100
1.76144 0.0258 0.0692072 100
1.76594 0.0506 0.0693839 100
1.77003 0.0755 0.0695448 100
1.77683 0.1006 0.0698118 100
1.78712 0.1263 0.0702162 100
1.79921 0.1524 0.0706912 100
1.8178 0.1796 0.0714215 100
1.82999 0.2067 0.0719004 100
1.87056 0.2378 0.0734944 100
1.91842 0.2711 0.0753749 100
1.89674 -0.2951 0.074523 1
1.85517 -0.2622 0.0728898 100
1.84378 -0.2344 0.0724422 100
1.82099 -0.2057 0.0715471 100
1.80281 -0.1781 0.0708326 100
1.78822 -0.1515 0.0702594 100
1.77723 -0.1256 0.0698275 100
1.76884 -0.1002 0.0694977 100
1.76304 -0.0752 0.06927 100
1.75994 -0.0504 0.0691483 100
1.75934 0.0025 0.0968222 100
1.76313 0.0271 0.097031 100
1.76952 0.052 0.0973827 100
1.77761 0.0771 0.0978278 100
1.7844 0.1024 0.0982015 100
1.79568 0.1283 0.0988224 100
1.81765 0.1554 0.100031 100
1.82923 0.1822 0.100669 100
1.87017 0.2127 0.102922 100
1.9175 0.2453 0.105526 100
1.92609 -0.2986 0.105999 30
1.86877 -0.263 0.102845 100
1.83063 -0.2316 0.100746 100
1.81885 -0.2043 0.100097 100
1.80167 -0.1769 0.0991521 100
1.787 -0.1503 0.0983443 100
1.77601 -0.1244 0.0977399 100
1.76753 -0.099 0.0972728 100
1.76084 -0.0739 0.0969046 100
1.75664 -0.0491 0.0966739 100
1.75562 0.0209 0.107378 100
1.76211 0.0456 0.107775 100
1.76929 0.0705 0.108215 100
1.77808 0.0958 0.108752 100
1.78856 0.1215 0.109393 100
1.80363 0.1479 0.110315 100
1.81231 0.1741 0.110846 100
1.84445 0.2033 0.112812 100
1.88897 0.2349 0.115534 100
1.90424 0.2639 0.116468 1
1.89825 -0.278 0.116102 48
1.84944 -0.2445 0.113117 100
1.83587 -0.2166 0.112287 100
1.81092 -0.188 0.11076 100
1.79245 -0.1608 0.109631 100
1.78157 -0.1348 0.108966 100
1.77229 -0.1092 0.108398 100
1.7637 -0.0839 0.107873 100
1.75871 -0.059 0.107568 100
1.75642 -0.0344 0.107427 100
1.75672 0.0246 0.133631 100
1.7662 0.0495 0.134351 100
1.77427 0.0746 0.134966 100
1.78105 0.0999 0.135481 100
1.79342 0.1259 0.136422 100
1.81137 0.1527 0.137787 100
1.83191 0.1803 0.13935 100
1.85893 0.2093 0.141405 100
1.87658 0.238 0.142748 100
1.93431 0.2729 0.147139 1
1.91457 -0.2838 0.145637 41
1.86102 -0.2493 0.141564 100
1.82273 -0.2182 0.138652 100
1.81177 -0.1912 0.137817 100
1.79342 -0.1639 0.136422 100
1.78155 -0.1376 0.135519 100
1.77238 -0.1119 0.134821 100
1.7648 -0.0866 0.134245 100
1.75882 -0.0617 0.13379 100
1.75653 -0.0369 0.133615 100
1.75613 0.0148 0.142529 100
1.76081 0.0395 0.142909 100
1.76799 0.0644 0.143491 100
1.77586 0.0896 0.14413 100
1.78344 0.115 0.144745 100
1.79261 0.1408 0.145489 100
1.80935 0.1677 0.146848 100
1.83357 0.1958 0.148814 100
1.84753 0.2235 0.149947 100
1.89756 0.2566 0.154007 100
1.9467 -0.2935 0.157996 1
1.89527 -0.2586 0.153821 48
1.84723 -0.2258 0.149922 100
1.83337 -0.1981 0.148798 100
1.80915 -0.1699 0.146832 100
1.79041 -0.1429 0.145311 100
1.77736 -0.1168 0.144252 100
1.76978 -0.0915 0.143637 100
1.764 -0.0664 0.143168 100
1.75872 -0.0416 0.142739 100
1.76137 0.0228 0.163087 100
1.76784 0.0477 0.163686 100
1.7769 0.0728 0.164525 100
1.78865 0.0984 0.165613 100
1.80299 0.1246 0.166941 100
1.81802 0.1512 0.168333 100
1.82957 0.178 0.169402 100
1.86652 0.208 0.172823 100
1.91581 0.2407 0.177387 100
1.92387 -0.2918 0.178133 36
1.86462 -0.2561 0.172648 100
1.82649 -0.2249 0.169117 100
1.81454 -0.1977 0.16801 100
1.79831 -0.1705 0.166507 100
1.78357 -0.1439 0.165143 100
1.77351 -0.1181 0.164212 100
1.76704 -0.0929 0.163612 100
1.76316 -0.0679 0.163253 100
1.75997 -0.0432 0.162958 100
1.75866 0.0173 0.180499 100
1.76423 0.0421 0.181071 100
1.77139 0.0672 0.181806 100
1.77925 0.0925 0.182613 100
1.79169 0.1184 0.183889 100
1.8077 0.1449 0.185533 100
1.8273 0.1724 0.187544 100
1.84063 0.1997 0.188912 100
1.88798 0.2317 0.193772 100
1.95165 0.2674 0.200306 51
1.90519 -0.276 0.195538 38
1.85068 -0.2416 0.189943 100
1.83307 -0.2132 0.188136 100
1.81109 -0.185 0.18588 100
1.79368 -0.1578 0.184093 100
1.77985 -0.1314 0.182674 100
1.77159 -0.1058 0.181826 100
1.76493 -0.0806 0.181142 100
1.75986 -0.0556 0.180622 100
1.75647 -0.0308 0.180275 100
1.76262 0 0.209244 100
1.76838 0.0248 0.209928 100
1.77384 0.0498 0.210576 100
1.77891 0.075 0.211177 100
1.78864 0.1006 0.212333 100
1.80393 0.1269 0.214148 100
1.8228 0.1539 0.216388 100
1.84614 0.182 0.219158 100
1.86222 0.2101 0.221068 100
1.90939 0.2426 0.226667 100
1.90443 -0.2859 0.226078 1
1.85706 -0.2522 0.220455 100
1.84157 -0.2238 0.218616 100
1.81684 -0.195 0.215681 100
1.80066 -0.1677 0.213759 100
1.78596 -0.1411 0.212014 100
1.77782 -0.1153 0.211048 100
1.77226 -0.09 0.210388 100
1.7654 -0.0648 0.209574 100
1.76024 -0.0399 0.208961 100
1.76156 0.022 0.217228 100
1.77297 0.047 0.218636 100
1.77902 0.0721 0.219382 100
1.78786 0.0976 0.220472 100
1.80215 0.1238 0.222234 100
1.81902 0.1506 0.224315 100
1.84244 0.1786 0.227203 100
1.85951 0.2066 0.229308 100
1.91271 0.2397 0.235868 100
1.91132 -0.2862 0.235697 45
1.86398 -0.2525 0.229859 100
1.82488 -0.2212 0.225037 100
1.81297 -0.194 0.223568 100
1.79768 -0.1669 0.221683 100
1.78498 -0.1405 0.220117 100
1.77585 -0.1148 0.218991 100
1.7684 -0.0894 0.218073 100
1.76146 -0.0643 0.217216 100
1.75927 -0.0395 0.216947 100
1.77108 0.015 0.237256 100
1.77574 0.04 0.23788 100
1.78386 0.0654 0.238969 100
1.79467 0.0911 0.240416 100
1.80904 0.1174 0.242342 100
1.82797 0.1445 0.244878 100
1.85245 0.1727 0.248157 100
1.86861 0.2008 0.250321 100
1.92074 0.2338 0.257305 100
1.90657 -0.281 0.255407 1
1.8582 -0.2472 0.248927 100
1.84373 -0.2189 0.246989 100
1.82093 -0.1902 0.243935 100
1.80458 -0.1628 0.241744 100
1.79388 -0.1364 0.24031 100
1.78168 -0.1103 0.238677 100
1.77316 -0.0847 0.237535 100
1.77118 -0.0596 0.23727 100
1.77088 -0.0346 0.23723 100
1.76855 0.0075 0.256113 100
1.77023 0.0325 0.256356 100
1.77459 0.0576 0.256987 100
1.78152 0.083 0.25799 100
1.79201 0.1089 0.259509 100
1.80517 0.1353 0.261415 100
1.82576 0.1628 0.264397 100
1.85089 0.1914 0.268037 100
1.86287 0.2192 0.269771 100
1.90384 0.2513 0.275704 1
1.89622 -0.2558 0.274601 46
1.84852 -0.2228 0.267693 100
1.83367 -0.1948 0.265543 100
1.81348 -0.1668 0.262619 100
1.79686 -0.1398 0.260212 100
1.78379 -0.1134 0.25832 100
1.77736 -0.0879 0.257388 100
1.77241 -0.0626 0.256672 100
1.77014 -0.0375 0.256342 100
1.77019 0.0241 0.283855 100
1.77858 0.0494 0.285201 100
1.78766 0.0749 0.286657 100
1.79823 0.1008 0.288351 100
1.80948 0.1271 0.290156 100
1.82726 0.1544 0.293006 100
1.84069 0.1817 0.29516 100
1.88413 0.2129 0.302126 100
1.94367 0.2475 0.311673 50
1.89667 -0.2494 0.304137 50
1.84987 -0.2167 0.296632 100
1.82123 -0.1873 0.29204 100
1.81383 -0.1606 0.290853 100
1.79813 -0.1337 0.288335 100
1.78697 -0.1075 0.286546 100
1.77838 -0.0818 0.285169 100
1.77246 -0.0564 0.284219 100
1.77107 -0.0313 0.283997 100
1.7712 0.0075 0.291315 100
1.77485 0.0326 0.291916 100
1.78216 0.058 0.293117 100
1.79202 0.0837 0.29474 100
1.80446 0.1099 0.296785 100
1.82241 0.1368 0.299738 100
1.84689 0.165 0.303763 100
1.86415 0.1931 0.306603 100
1.91912 0.2263 0.315643 100
1.92109 -0.2731 0.315968 29
1.87086 -0.239 0.307707 100
1.82982 -0.2076 0.300956 100
1.81679 -0.1801 0.298813 100
1.79942 -0.1527 0.295957 100
1.78956 -0.1264 0.294334 100
1.78324 -0.1007 0.293295 100
1.77456 -0.075 0.291867 100
1.76953 -0.0498 0.29104 100
1.7878 0.0101 0.3072 100
1.78947 0.0355 0.307488 100
1.79371 0.061 0.308216 100
1.80248 0.0869 0.309723 100
1.8149 0.1133 0.311857 100
1.82988 0.1403 0.314431 100
1.85038 0.1682 0.317954 100
1.8626 0.196 0.320054 100
1.90567 0.2278 0.327454 1
1.89917 -0.2325 0.326337 44
1.8493 -0.1999 0.317767 100
1.83323 -0.1719 0.315007 100
1.81865 -0.1446 0.312501 100
1.80968 -0.1181 0.31096 100
1.79736 -0.0917 0.308843 100
1.78957 -0.0659 0.307505 100
1.78731 -0.0405 0.307115 100
1.7853 0.0114 0.327019 100
1.78687 0.0368 0.327307 100
1.79307 0.0623 0.328442 100
1.80684 0.0885 0.330965 100
1.82208 0.1152 0.333758 100
1.84097 0.1426 0.337217 100
1.85248 0.1699 0.339325 100
1.89114 0.2005 0.346406 100
1.8934 -0.2416 0.34682 46
1.84471 -0.2089 0.337902 100
1.82976 -0.1809 0.335163 100
1.81244 -0.1533 0.331992 100
1.79966 -0.1266 0.32965 100
1.79041 -0.1004 0.327956 100
1.78579 -0.0748 0.327109 100
1.78264 -0.0493 0.326533 100
1.78871 0.0051 0.346717 100
1.79136 0.0305 0.347231 100
1.7996 0.0562 0.34883 100
1.8105 0.0823 0.350942 100
1.82385 0.1089 0.35353 100
1.84182 0.1362 0.357012 100
1.85537 0.1638 0.359639 100
1.89787 0.1947 0.367878 100
1.90082 -0.2315 0.368449 38
1.85497 -0.1993 0.359562 100
1.83995 -0.1713 0.356651 100
1.81963 -0.1434 0.352712 100
1.80765 -0.1166 0.35039 100
1.80029 -0.0905 0.348963 100
1.79352 -0.0647 0.34765 100
1.7893 -0.0391 0.346832 100
1.7873 0.0038 0.353895 100
1.79299 0.0294 0.355022 100
1.80123 0.0551 0.356653 100
1.81104 0.0813 0.358595 100
1.82252 0.1078 0.360868 100
1.83556 0.1348 0.363451 100
1.86872 0.164 0.370016 100
1.91404 0.1955 0.37899 100
1.89354 -0.2384 0.374931 39
1.85175 -0.2064 0.366656 100
1.8388 -0.1785 0.364092 100
1.81859 -0.1505 0.360091 100
1.80584 -0.1236 0.357566 100
1.79358 -0.0971 0.355138 100
1.78691 -0.0713 0.353817 100
1.78573 -0.0458 0.353584 100
1.80236 0.0116 0.375219 100
1.81078 0.0374 0.376972 100
1.82184 0.0635 0.379275 100
1.83251 0.09 0.381496 100
1.84583 0.117 0.384268 100
1.86159 0.1445 0.38755 100
1.90329 0.175 0.396232 51
1.91641 -0.2466 0.398963 1
1.87392 -0.2141 0.390118 48
1.86002 -0.1858 0.387224 100
1.83604 -0.1571 0.38223 100
1.81949 -0.1296 0.378786 100
1.81029 -0.1031 0.37687 100
1.80666 -0.0772 0.376116 100
1.80461 -0.0514 0.375688 100
1.80566 0.0103 0.383805 100
1.81114 0.0362 0.384969 100
1.81642 0.0622 0.386092 100
1.8261 0.0886 0.38815 100
1.8442 0.1159 0.391997 100
1.85711 0.1433 0.394741 100
1.8978 0.1737 0.40339 100
1.92832 -0.2488 0.409877 51
1.88284 -0.2157 0.400209 49
1.84674 -0.185 0.392537 100
1.8354 -0.1574 0.390126 100
1.81984 -0.13 0.38682 100
1.81163 -0.1035 0.385073 100
1.80605 -0.0773 0.383888 100
1.80302 -0.0515 0.383244 100
1.80811 0.0239 0.395223 100
1.8213 0.0501 0.398106 100
1.83312 0.0767 0.40069 100
1.84855 0.1038 0.404064 100
1.86155 0.1312 0.406904 100
1.90141 0.1614 0.415617 100
1.91215 -0.2237 0.417966 37
1.86252 -0.1909 0.407118 100
1.84641 -0.1627 0.403594 100
1.83087 -0.135 0.400199 100
1.81993 -0.108 0.397807 100
1.81241 -0.0816 0.396163 100
1.80948 -0.0556 0.395522 100
1.80909 -0.0297 0.395437 100
1.81023 0.023 0.399994 100
1.82928 0.0493 0.404201 100
1.84304 0.0761 0.407243 100
1.85349 0.103 0.409552 100
1.88796 0.132 0.417168 100
1.93854 0.1634 0.428344 43
1.90827 -0.24 0.421656 37
1.86482 -0.2075 0.412055 100
1.85085 -0.1793 0.408969 100
1.83172 -0.1511 0.40474 100
1.81902 -0.1239 0.401936 100
1.81072 -0.0974 0.400102 100
1.80701 -0.0713 0.399282 100
1.80682 -0.0455 0.399239 100
1.82928 0.0075 0.425013 100
1.83872 0.0339 0.427208 100
1.85752 0.0609 0.431576 100
1.87506 0.0884 0.435649 100
1.88626 0.116 0.438252 100
1.92629 0.1462 0.447553 41
1.91528 -0.215 0.444996 30
1.87145 -0.1829 0.434812 47
1.8582 -0.1548 0.431734 100
1.84262 -0.127 0.428113 100
1.83249 -0.0999 0.425759 100
1.82791 -0.0734 0.424696 100
1.82479 -0.0471 0.423972 100
1.82476 0.0196 0.430683 100
1.84082 0.0462 0.434474 100
1.85562 0.0733 0.437965 100
1.86807 0.1006 0.440905 100
1.90924 0.1303 0.450622 50
1.91683 -0.2224 0.452414 1
1.87605 -0.1904 0.442789 45
1.86194 -0.1621 0.439458 100
1.84851 -0.1342 0.436288 100
1.83654 -0.1069 0.433463 100
1.8271 -0.08 0.431235 100
1.82408 -0.0537 0.430523 100
1.82369 -0.0275 0.430431 100
1.85625 0.0053 0.466603 100
1.86954 0.0323 0.469943 100
1.87963 0.0595 0.472478 100
1.9125 0.0881 0.480743 50
1.90746 -0.1904 0.479475 37
1.87313 -0.1598 0.470845 51
1.86159 -0.1318 0.467944 100
1.8515 -0.1044 0.465409 100
1.84694 -0.0775 0.464263 100
1.84491 -0.0508 0.463751 100
1.85273 0.0007 0.476391 100
1.86222 0.0275 0.478831 100
1.88101 0.0549 0.483662 100
1.89467 0.0827 0.487173 49
1.93583 0.1125 0.497757 1
1.93874 -0.2217 0.498504 1
1.89138 -0.1888 0.486327 39
1.87733 -0.1601 0.482716 100
1.86097 -0.1317 0.478507 100
1.85002 -0.1041 0.475693 100
1.84537 -0.0772 0.474498 100
1.84334 -0.0505 0.473975 100
1.84842 0.024 0.476312 100
1.86439 0.0511 0.48043 100
1.87418 0.0784 0.48295 100
1.9039 0.1072 0.490611 49
1.92734 -0.1966 0.49665 1
1.88444 -0.1648 0.485595 39
1.87204 -0.1366 0.482401 100
1.85529 -0.1085 0.478084 100
1.84793 -0.0813 0.476188 100
1.8459 -0.0546 0.475664 100
1.84454 -0.0279 0.475314 100
1.84519 0.016 0.477199 100
1.8661 0.0431 0.482607 100
1.87888 0.0705 0.485913 100
1.91645 0.0996 0.495627 47
1.90144 -0.1982 0.491746 1
1.87308 -0.168 0.48441 49
1.86552 -0.1402 0.482457 100
1.85274 -0.1124 0.479152 100
1.84539 -0.0853 0.477249 100
1.84248 -0.0585 0.476498 100
1.84306 -0.0319 0.476648 100
1.85013 0.012 0.478476 100
1.86039 0.0389 0.48113 100
1.87133 0.0661 0.483959 100
1.90502 0.0948 0.492673 52
1.96156 0.126 0.507295 35
1.91509 -0.1883 0.495277 27
1.87685 -0.1573 0.485387 47
1.86727 -0.1294 0.482908 100
1.85333 -0.1016 0.479302 100
1.84481 -0.0745 0.477099 100
1.84277 -0.0478 0.476573 100
1.85032 0.0057 0.473706 100
1.86069 0.0324 0.47636 100
1.87658 0.0596 0.480427 100
1.88723 0.0871 0.483155 100
1.92453 0.1165 0.492704 39
1.90516 -0.1814 0.487744 40
1.87077 -0.1511 0.478939 100
1.86001 -0.1234 0.476186 100
1.85091 -0.0961 0.473855 100
1.84713 -0.0694 0.472888 100
1.845 -0.0428 0.472342 100
1.8473 0.0236 0.477055 100
1.86511 0.0507 0.481656 100
1.87683 0.0781 0.484681 100
1.90946 0.107 0.493108 45
1.93763 -0.1986 0.500384 1
1.89087 -0.1664 0.488307 39
1.87654 -0.1379 0.484606 100
1.85795 -0.1097 0.479806 100
1.84855 -0.0825 0.47738 100
1.84565 -0.0558 0.47663 100
1.84429 -0.0292 0.47628 100
1.85143 0.0107 0.477434 100
1.85976 0.0375 0.479582 100
1.8707 0.0647 0.482403 100
1.90256 0.0933 0.490619 52
1.91021 -0.1919 0.492591 34
1.87303 -0.161 0.483003 100
1.8615 -0.133 0.480031 100
1.85153 -0.1055 0.477459 100
1.84795 -0.0786 0.476535 100
1.84591 -0.0519 0.476011 100
1.84633 0.0196 0.476805 100
1.87586 0.047 0.484431 100
1.89251 0.0747 0.488732 100
1.94063 0.1046 0.501159 38
1.93327 -0.2129 0.499259 100
1.88389 -0.18 0.486507 44
1.86782 -0.1514 0.482356 100
1.85223 -0.1233 0.47833 100
1.84507 -0.0961 0.47648 100
1.8442 -0.0695 0.476255 100
1.84691 -0.0429 0.476955 100
