1.4553 0.0059 -0.274718 17
1.45019 0.0265 -0.273754 27
1.44665 0.047 -0.273086 44
1.44881 0.0677 -0.273494 33
1.45363 0.0886 -0.274403 26
1.42131 0.0066 -0.260602 36
1.41619 0.0267 -0.259664 46
1.41462 0.0467 -0.259376 50
1.41678 0.067 -0.259773 49
1.42327 0.1079 -0.260963 45
1.44609 0.1303 -0.265147 41
1.40295 0.0139 -0.243341 50
1.39576 0.0336 -0.242093 100
1.3932 0.0533 -0.241649 100
1.3933 0.073 -0.241666 100
1.39901 0.0932 -0.242657 100
1.41537 0.1144 -0.245494 100
1.4264 0.1356 -0.247408 44
1.46355 0.1601 -0.253851 29
1.45478 -0.0402 -0.25233 21
1.3702 0.0041 -0.239632 100
1.36508 0.0234 -0.238736 100
1.36557 0.0428 -0.238822 100
1.36685 0.0622 -0.239046 100
1.36882 0.0818 -0.239391 100
1.37838 0.1019 -0.241062 100
1.39266 0.1427 -0.24356 100
1.40429 0.1641 -0.245592 50
1.44192 0.1892 -0.252173 43
1.45058 -0.0648 -0.253689 17
1.41689 -0.0432 -0.247797 43
1.40448 -0.0229 -0.245627 52
1.36726 0.0092 -0.220958 100
1.36302 0.0285 -0.220272 100
1.36154 0.0477 -0.220033 100
1.36173 0.067 -0.220065 100
1.3646 0.0866 -0.220527 100
1.37111 0.1065 -0.22158 100
1.38227 0.1271 -0.223383 100
1.39224 0.1479 -0.224994 100
1.42235 0.1715 -0.22986 49
1.46391 0.1976 -0.236577 26
1.42728 -0.0807 -0.230658 33
1.39865 -0.0592 -0.226031 100
1.39046 -0.0391 -0.224707 100
1.34329 0.004 -0.206032 100
1.34013 0.0229 -0.205547 100
1.33874 0.0418 -0.205335 100
1.33795 0.0607 -0.205214 100
1.34003 0.0797 -0.205532 100
1.34566 0.0991 -0.206396 100
1.35308 0.1188 -0.207533 100
1.36207 0.139 -0.208913 100
1.37472 0.1599 -0.210853 100
1.3852 0.1809 -0.21246 100
1.4197 0.2058 -0.217752 48
1.43917 -0.0935 -0.220738 18
1.40181 -0.0712 -0.215007 47
1.38985 -0.051 -0.213173 100
1.37561 -0.0311 -0.21099 100
1.34845 0.0005 -0.191672 100
1.3434 0.0194 -0.190954 100
1.34003 0.0382 -0.190476 100
1.33934 0.057 -0.190377 100
1.33944 0.0759 -0.190392 100
1.34023 0.0949 -0.190504 100
1.34666 0.1144 -0.191419 100
1.35478 0.1343 -0.192573 100
1.36458 0.1547 -0.193966 100
1.38102 0.1763 -0.196302 100
1.39221 0.1976 -0.197892 100
1.42745 0.2232 -0.202902 50
1.43052 -0.1221 -0.203339 22
1.39547 -0.0993 -0.198357 100
1.38389 -0.0789 -0.19671 100
1.37092 -0.0589 -0.194867 100
1.36122 -0.0201 -0.193488 100
1.32971 0.0075 -0.173643 100
1.32445 0.0261 -0.172957 100
1.32208 0.0446 -0.172646 100
1.32227 0.0632 -0.172672 100
1.32426 0.082 -0.172931 100
1.32892 0.101 -0.17354 100
1.33328 0.1202 -0.174109 100
1.34042 0.1398 -0.175042 100
1.35212 0.1603 -0.17657 100
1.3665 0.1815 -0.178447 100
1.37959 0.203 -0.180156 100
1.41975 0.2293 -0.185401 100
1.43908 -0.1165 -0.187926 19
1.39803 -0.0934 -0.182565 52
1.38335 -0.073 -0.180649 100
1.37036 -0.053 -0.178952 100
1.36204 -0.0335 -0.177865 100
1.32364 0.0179 -0.165103 100
1.32225 0.0365 -0.16493 100
1.32265 0.055 -0.164979 100
1.32275 0.0736 -0.164992 100
1.32652 0.0925 -0.165462 100
1.33208 0.1117 -0.166155 100
1.33823 0.1312 -0.166923 100
1.34815 0.1512 -0.16816 100
1.36264 0.1722 -0.169967 100
1.37197 0.193 -0.171131 100
1.40253 0.2174 -0.174943 100
1.43954 0.2438 -0.17956 40
1.43984 -0.1317 -0.179597 34
1.40104 -0.1083 -0.174757 100
1.37068 -0.0867 -0.17097 100
1.36185 -0.0669 -0.169868 100
1.34875 -0.0473 -0.168235 100
1.33833 -0.0282 -0.166935 100
1.31863 0.0009 -0.14884 100
1.31455 0.0194 -0.14838 100
1.31217 0.0378 -0.148111 100
1.31147 0.0562 -0.148032 100
1.31058 0.0746 -0.147931 100
1.31137 0.0931 -0.148021 100
1.31495 0.1119 -0.148425 100
1.32012 0.1311 -0.149008 100
1.32807 0.1507 -0.149905 100
1.33969 0.1711 -0.151218 100
1.3549 0.1924 -0.152934 100
1.36285 0.2131 -0.153831 100
1.39405 0.2381 -0.157353 100
1.44443 0.2676 -0.16304 44
1.40647 -0.1257 -0.158755 45
1.37437 -0.1034 -0.155132 100
1.36483 -0.0835 -0.154055 100
1.35192 -0.0636 -0.152597 100
1.34079 -0.0443 -0.151341 100
1.33035 -0.0252 -0.150163 100
1.31777 0.0025 -0.13827 100
1.31458 0.021 -0.137936 100
1.31319 0.0394 -0.13779 100
1.31249 0.0578 -0.137717 100
1.31259 0.0762 -0.137728 100
1.31438 0.0949 -0.137915 100
1.31687 0.1136 -0.138176 100
1.32314 0.1329 -0.138834 100
1.33199 0.1527 -0.139762 100
1.34263 0.173 -0.140879 100
1.35974 0.1946 -0.142674 100
1.36869 0.2155 -0.143613 100
1.40091 0.2407 -0.146994 100
1.44139 0.2686 -0.151242 41
1.45123 -0.1511 -0.152275 38
1.41056 -0.1269 -0.148007 52
1.37356 -0.1042 -0.144125 100
1.35993 -0.084 -0.142695 100
1.3481 -0.0643 -0.141453 100
1.33487 -0.045 -0.140065 100
1.32443 -0.026 -0.138969 100
1.29893 0.01 -0.125759 100
1.29664 0.0282 -0.125537 100
1.29514 0.0463 -0.125393 100
1.29534 0.0645 -0.125412 100
1.29833 0.0829 -0.125701 100
1.30301 0.1015 -0.126154 100
1.30739 0.1203 -0.126578 100
1.31445 0.1396 -0.127262 100
1.32431 0.1594 -0.128216 100
1.33675 0.1799 -0.129421 100
1.34103 0.1996 -0.129835 100
1.36173 0.2223 -0.13184 100
1.39478 0.2477 -0.135039 100
1.44007 0.2767 -0.139424 44
1.42424 -0.162 -0.137891 32
1.38273 -0.1377 -0.133873 100
1.3696 -0.1171 -0.132601 100
1.35029 -0.0964 -0.130731 100
1.33755 -0.0767 -0.129498 100
1.32461 -0.0573 -0.128245 100
1.31525 -0.0385 -0.127339 100
1.30868 -0.0199 -0.126703 100
1.29839 0.0146 -0.108344 100
1.29809 0.0327 -0.108319 100
1.29849 0.0509 -0.108352 100
1.30068 0.0693 -0.108535 100
1.30556 0.0879 -0.108943 100
1.30915 0.1065 -0.109242 100
1.31254 0.1253 -0.109525 100
1.31752 0.1444 -0.109941 100
1.32529 0.1641 -0.110589 100
1.34064 0.1851 -0.11187 100
1.36157 0.2074 -0.113616 100
1.37233 0.2288 -0.114514 100
1.41219 0.2558 -0.11784 100
1.46032 -0.1769 -0.121857 22
1.40312 -0.1501 -0.117084 100
1.36535 -0.1268 -0.113932 100
1.3531 -0.1065 -0.112909 100
1.33855 -0.0866 -0.111695 100
1.32769 -0.0672 -0.110789 100
1.32051 -0.0483 -0.11019 100
1.31413 -0.0297 -0.109658 100
1.29185 0.0045 -0.0903346 100
1.28865 0.0225 -0.0901114 100
1.28726 0.0405 -0.0900137 100
1.28756 0.0585 -0.0900347 100
1.28756 0.0766 -0.0900347 100
1.28736 0.0947 -0.0900207 100
1.29095 0.1131 -0.0902719 100
1.29713 0.1319 -0.0907043 100
1.30511 0.1512 -0.0912624 100
1.3118 0.1706 -0.0917298 100
1.32117 0.1906 -0.0923855 100
1.33514 0.2117 -0.0933621 100
1.34282 0.2322 -0.0938992 100
1.37085 0.2569 -0.0958593 100
1.41016 0.2847 -0.0986077 100
1.41993 -0.1657 -0.0992914 41
1.38043 -0.1416 -0.096529 100
1.3514 -0.1196 -0.0944991 100
1.34302 -0.0999 -0.0939131 100
1.32935 -0.0802 -0.0929575 100
1.31938 -0.0611 -0.0922599 100
1.3101 -0.0424 -0.0916112 100
1.30062 -0.0239 -0.0909485 100
1.29072 0.0059 -0.0766831 100
1.28953 0.0239 -0.076612 100
1.28903 0.0419 -0.0765823 100
1.28933 0.06 -0.0766001 100
1.28933 0.0781 -0.0766001 100
1.29112 0.0963 -0.0767069 100
1.29362 0.1147 -0.0768551 100
1.29991 0.1336 -0.0772288 100
1.3068 0.1529 -0.077638 100
1.31738 0.1728 -0.0782666 100
1.32866 0.1932 -0.0789368 100
1.34163 0.2143 -0.0797078 100
1.35132 0.2353 -0.080283 100
1.38426 0.261 -0.0822402 100
1.43128 0.2907 -0.0850335 100
1.43088 -0.175 -0.0850098 38
1.38646 -0.1499 -0.0823706 100
1.35661 -0.1275 -0.0805974 100
1.34832 -0.1077 -0.0801051 100
1.33275 -0.0877 -0.0791799 100
1.32087 -0.0684 -0.0784742 100
1.31279 -0.0496 -0.0779938 100
1.3033 -0.031 -0.0774304 100
1.28783 0.0045 -0.0548768 100
1.28563 0.0224 -0.0547832 100
1.28423 0.0404 -0.0547235 100
1.28453 0.0583 -0.0547363 100
1.28553 0.0764 -0.0547789 100
1.28633 0.0945 -0.054813 100
1.28793 0.1127 -0.0548811 100
1.29512 0.1316 -0.0551876 100
1.30512 0.151 -0.0556133 100
1.31281 0.1705 -0.0559411 100
1.3212 0.1904 -0.0562988 100
1.33619 0.2117 -0.0569373 100
1.34588 0.2325 -0.0573503 100
1.38075 0.2585 -0.0588361 100
1.41921 0.2862 -0.0604752 100
1.46217 -0.2066 -0.0623058 49
1.40443 -0.1785 -0.0598451 100
1.36406 -0.154 -0.0581251 100
1.35117 -0.1335 -0.0575759 100
1.33199 -0.1128 -0.0567585 100
1.3205 -0.0933 -0.056269 100
1.31171 -0.0743 -0.0558943 100
1.30162 -0.0555 -0.0554643 100
1.29433 -0.0371 -0.0551535 100
1.29073 -0.0189 -0.0550003 100
1.28986 0.0009 -0.0542866 100
1.28676 0.0188 -0.0541562 100
1.28336 0.0367 -0.0540133 100
1.28266 0.0546 -0.0539838 100
1.28386 0.0726 -0.0540343 100
1.28466 0.0906 -0.0540679 100
1.28526 0.1087 -0.0540932 100
1.28866 0.127 -0.0542361 100
1.29365 0.1458 -0.0544464 100
1.30045 0.1649 -0.0547323 100
1.30994 0.1847 -0.0551318 100
1.32103 0.2051 -0.0555986 100
1.33482 0.2263 -0.0561788 100
1.34531 0.2474 -0.0566204 100
1.37888 0.2736 -0.0580333 100
1.41315 0.3009 -0.0594756 100
1.45991 -0.1862 -0.0614435 38
1.40076 -0.1588 -0.0589541 100
1.36409 -0.1354 -0.0574109 100
1.3519 -0.1152 -0.0568979 100
1.33342 -0.095 -0.05612 100
1.32163 -0.0756 -0.0556238 100
1.31064 -0.0567 -0.0551612 100
1.30125 -0.0381 -0.054766 100
1.29465 -0.0199 -0.0544884 100
1.28194 0.0099 -0.0521603 100
1.27664 0.0277 -0.0519448 100
1.27415 0.0454 -0.0518432 100
1.27435 0.0633 -0.0518513 100
1.27534 0.0812 -0.051892 100
1.27904 0.0994 -0.0520424 100
1.28254 0.1177 -0.0521847 100
1.28474 0.136 -0.0522741 100
1.28973 0.1548 -0.0524774 100
1.29733 0.1741 -0.0527864 100
1.30762 0.1941 -0.0532051 100
1.32151 0.2151 -0.0537703 100
1.33709 0.2368 -0.0544045 100
1.34639 0.2579 -0.0547826 100
1.38086 0.2846 -0.0561852 100
1.43331 0.3163 -0.0583195 51
1.4526 -0.1962 -0.0591042 49
1.40764 -0.1702 -0.0572747 100
1.37506 -0.1468 -0.0559494 100
1.34219 -0.1243 -0.0546118 100
1.3318 -0.1046 -0.054189 100
1.31821 -0.0851 -0.0536361 100
1.30522 -0.0659 -0.0531076 100
1.29503 -0.0473 -0.0526929 100
1.28963 -0.0291 -0.0524734 100
1.28463 0.0018 -0.0309469 100
1.27943 0.0196 -0.0308217 100
1.27513 0.0373 -0.0307181 100
1.27443 0.0551 -0.0307013 100
1.27353 0.0728 -0.0306796 100
1.27543 0.0907 -0.0307254 100
1.28003 0.109 -0.0308362 100
1.28333 0.1273 -0.0309156 100
1.28743 0.1458 -0.0310144 100
1.29512 0.165 -0.0311998 100
1.30462 0.1847 -0.0314286 100
1.31572 0.205 -0.0316959 100
1.32162 0.2248 -0.031838 100
1.34391 0.2479 -0.0323751 100
1.3786 0.2742 -0.0332108 100
1.41079 0.3011 -0.0339862 100
1.42979 -0.1842 -0.0344438 46
1.3845 -0.1588 -0.0333528 100
1.35381 -0.1362 -0.0326135 100
1.34361 -0.1163 -0.0323678 100
1.32711 -0.0963 -0.0319705 100
1.31342 -0.0769 -0.0316405 100
1.30232 -0.0581 -0.0313732 100
1.29302 -0.0396 -0.0311492 100
1.28843 -0.0215 -0.0310384 100
1.27077 0.0131 -0.0184099 100
1.26947 0.0308 -0.0183911 100
1.26997 0.0486 -0.0183983 100
1.26917 0.0663 -0.0183867 100
1.27107 0.0842 -0.0184143 100
1.27377 0.1022 -0.0184534 100
1.27817 0.1206 -0.0185171 100
1.28337 0.1391 -0.0185924 100
1.28926 0.158 -0.0186779 100
1.29576 0.1772 -0.0187721 100
1.30806 0.1975 -0.0189502 100
1.32286 0.2187 -0.0191646 100
1.33156 0.2392 -0.0192906 100
1.36146 0.2643 -0.0197238 100
1.39285 0.2906 -0.0201786 100
1.44035 0.3216 -0.0208667 40
1.43135 -0.2113 -0.0207363 37
1.37966 -0.184 -0.0199874 100
1.35026 -0.161 -0.0195615 100
1.34146 -0.1409 -0.019434 100
1.32536 -0.1206 -0.0192008 100
1.31096 -0.1008 -0.0189922 100
1.29926 -0.0817 -0.0188228 100
1.29036 -0.0631 -0.0186938 100
1.28407 -0.0448 -0.0186026 100
1.27857 -0.0268 -0.0185229 100
1.2729 0.0124 -0.00199947 100
1.2716 0.0302 -0.00199742 100
1.2701 0.0479 -0.00199507 100
1.2693 0.0657 -0.00199381 100
1.2693 0.0835 -0.00199381 100
1.27 0.1014 -0.00199491 100
1.2744 0.1197 -0.00200182 100
1.2815 0.1385 -0.00201297 100
1.2864 0.1572 -0.00202067 100
1.293 0.1764 -0.00203104 100
1.3023 0.1962 -0.00204565 100
1.3152 0.217 -0.00206591 100
1.3308 0.2387 -0.00209041 100
1.3401 0.2598 -0.00210502 100
1.3754 0.2867 -0.00216047 100
1.4084 0.3141 -0.00221231 100
1.4404 -0.1985 -0.00226257 30
1.3855 -0.1713 -0.00217634 100
1.3549 -0.1483 -0.00212827 100
1.3449 -0.1282 -0.00211256 100
1.3276 -0.1079 -0.00208539 100
1.315 -0.0883 -0.0020656 100
1.3022 -0.0692 -0.00204549 100
1.293 -0.0506 -0.00203104 100
1.2856 -0.0323 -0.00201941 100
1.26996 0.0071 0.00997445 100
1.26776 0.0248 0.00995717 100
1.26626 0.0425 0.00994539 100
1.26556 0.0603 0.0099399 100
1.26556 0.078 0.0099399 100
1.26636 0.0959 0.00994618 100
1.26786 0.1139 0.00995796 100
1.27206 0.1322 0.00999095 100
1.27806 0.1509 0.0100381 100
1.28376 0.1699 0.0100828 100
1.29316 0.1896 0.0101567 100
1.30416 0.2099 0.0102431 100
1.31586 0.2307 0.0103349 100
1.32526 0.2515 0.0104088 100
1.35306 0.2764 0.0106271 100
1.38316 0.3028 0.0108635 100
1.43526 0.3353 0.0112727 50
1.40436 -0.1886 0.01103 48
1.36216 -0.1635 0.0106986 100
1.34946 -0.1429 0.0105988 100
1.33036 -0.122 0.0104488 100
1.31496 -0.1021 0.0103279 100
1.30236 -0.0828 0.0102289 100
1.29336 -0.0641 0.0101582 100
1.28616 -0.0457 0.0101017 100
1.27866 -0.0275 0.0100428 100
1.26786 0.0102 0.0188105 100
1.26556 0.0278 0.0187763 100
1.26506 0.0455 0.0187689 100
1.26526 0.0632 0.0187719 100
1.26526 0.0809 0.0187719 100
1.26706 0.0988 0.0187986 100
1.26946 0.1168 0.0188342 100
1.27466 0.1352 0.0189113 100
1.28066 0.154 0.0190004 100
1.28626 0.1729 0.0190834 100
1.29366 0.1923 0.0191932 100
1.30766 0.213 0.0194009 100
1.32425 0.2348 0.0196471 100
1.33165 0.2553 0.0197569 100
1.36025 0.2805 0.0201812 100
1.40405 0.31 0.020831 100
1.40954 -0.194 0.0209126 47
1.37345 -0.1695 0.020377 100
1.34485 -0.147 0.0199527 100
1.33685 -0.1272 0.0198341 100
1.31955 -0.107 0.0195774 100
1.30496 -0.0875 0.0193608 100
1.29506 -0.0687 0.019214 100
1.28686 -0.0503 0.0190923 100
1.27946 -0.0322 0.0189826 100
1.26372 0.0077 0.0264712 100
1.26142 0.0253 0.0264231 100
1.26002 0.0429 0.0263937 100
1.25922 0.0605 0.026377 100
1.25932 0.0782 0.0263791 100
1.26012 0.0959 0.0263958 100
1.26362 0.1139 0.0264691 100
1.26782 0.1322 0.0265571 100
1.27382 0.1508 0.0266827 100
1.27952 0.1697 0.0268021 100
1.28692 0.189 0.0269571 100
1.29892 0.2093 0.0272084 100
1.31171 0.2302 0.0274765 100
1.32501 0.2517 0.027755 100
1.33311 0.2726 0.0279246 100
1.3644 0.2989 0.0285801 100
1.40969 0.3295 0.0295288 52
1.43419 -0.2111 0.0300419 31
1.39539 -0.1855 0.0292293 100
1.34031 -0.1592 0.0280754 100
1.32251 -0.1384 0.0277026 100
1.30741 -0.1183 0.0273864 100
1.29492 -0.099 0.0271246 100
1.28522 -0.0802 0.0269215 100
1.27892 -0.044 0.0267895 100
1.27342 -0.026 0.0266744 100
1.2632 0.009 0.0449949 100
1.2599 0.0266 0.0448774 100
1.2594 0.0442 0.0448596 100
1.2587 0.0618 0.0448347 100
1.2597 0.0794 0.0448703 100
1.2625 0.0973 0.0449699 100
1.267 0.1155 0.0451301 100
1.27119 0.1338 0.0452796 100
1.27709 0.1524 0.0454897 100
1.28279 0.1713 0.0456926 100
1.29218 0.191 0.0460272 100
1.30517 0.2115 0.0464899 100
1.31786 0.2325 0.046942 100
1.32726 0.2533 0.0472766 100
1.35684 0.2786 0.0483303 100
1.38992 0.3057 0.0495086 100
1.43519 0.3367 0.0511211 43
1.44189 -0.2231 0.0513596 38
1.39841 -0.1965 0.0498112 100
1.36633 -0.1725 0.0486685 100
1.33475 -0.1497 0.0475436 100
1.32486 -0.1299 0.0471912 100
1.31157 -0.1101 0.0467178 100
1.29898 -0.0908 0.0462692 100
1.28818 -0.072 0.0458848 100
1.28109 -0.0537 0.045632 100
1.27469 -0.0356 0.0454042 100
1.26077 0.0079 0.0557078 100
1.25847 0.0255 0.0556063 100
1.25807 0.043 0.0555886 100
1.25727 0.0605 0.0555533 100
1.25737 0.0781 0.0555577 100
1.25917 0.0958 0.0556372 100
1.26267 0.1138 0.0557917 100
1.26786 0.1321 0.0560212 100
1.27386 0.1507 0.0562861 100
1.28155 0.1698 0.056626 100
1.28894 0.1891 0.0569526 100
1.30003 0.2092 0.0574426 100
1.31372 0.2303 0.0580474 100
1.332 0.2527 0.0588552 100
1.34299 0.2742 0.0593407 100
1.38295 0.3025 0.0611064 100
1.44089 0.3363 0.0636667 50
1.4331 -0.2179 0.0633224 30
1.39744 -0.1926 0.0617465 100
1.36427 -0.1687 0.060281 100
1.3337 -0.1461 0.0589302 100
1.32371 -0.1263 0.0584888 100
1.30842 -0.1065 0.0578134 100
1.29484 -0.0872 0.0572131 100
1.28694 -0.0687 0.0568643 100
1.28075 -0.0505 0.0565907 100
1.27236 -0.0324 0.0562199 100
1.25996 0.007 0.0717662 100
1.25776 0.0246 0.0716411 100
1.25626 0.0421 0.0715558 100
1.25656 0.0597 0.0715729 100
1.25756 0.0774 0.0716297 100
1.26036 0.0952 0.071789 100
1.26485 0.1134 0.0720448 100
1.27114 0.1318 0.0724031 100
1.27713 0.1505 0.0727443 100
1.28382 0.1695 0.0731253 100
1.2942 0.1893 0.0737167 100
1.30508 0.2283 0.0743366 100
1.31946 0.2498 0.0751555 100
1.32665 0.2704 0.0755649 100
1.3549 0.296 0.0771743 100
1.40223 0.3269 0.0798698 100
1.42499 -0.2255 0.0811663 30
1.38845 -0.1999 0.079085 100
1.35251 -0.1755 0.0770378 100
1.32905 -0.1536 0.0757014 100
1.32206 -0.1341 0.0753033 100
1.30888 -0.1143 0.0745527 100
1.2944 -0.0949 0.0737281 100
1.28472 -0.0761 0.0731765 100
1.27863 -0.0579 0.0728296 100
1.27134 -0.0397 0.0724145 100
1.26375 -0.0218 0.0719823 100
1.25536 0.0162 0.0798606 100
1.25397 0.0338 0.0797717 100
1.25347 0.0513 0.07974 100
1.25357 0.0689 0.0797463 100
1.25546 0.0866 0.079867 100
1.26015 0.1046 0.0801654 100
1.26454 0.1228 0.0804447 100
1.26963 0.1412 0.0807685 100
1.27642 0.1601 0.0812002 100
1.284 0.1793 0.0816827 100
1.29518 0.1994 0.0823938 100
1.30796 0.2201 0.0832064 100
1.32342 0.2418 0.0841905 100
1.33271 0.2628 0.0847809 100
1.36893 0.2898 0.0870855 100
1.41055 0.3193 0.0897329 100
1.43849 -0.2322 0.0915105 38
1.39318 -0.205 0.0886282 100
1.35436 -0.18 0.0861586 100
1.34189 -0.1593 0.085365 100
1.32412 -0.1384 0.0842349 100
1.30905 -0.1184 0.0832762 100
1.29558 -0.0989 0.0824192 100
1.2859 -0.0801 0.0818033 100
1.27891 -0.0617 0.0813589 100
1.27073 -0.0435 0.0808383 100
1.26514 -0.0257 0.0804828 100
1.25531 0.0149 0.095048 100
1.25301 0.0325 0.0948744 100
1.25142 0.0499 0.0947536 100
1.25261 0.0676 0.0948442 100
1.25451 0.0853 0.0949876 100
1.2582 0.1032 0.095267 100
1.26259 0.1214 0.0955992 100
1.26667 0.1397 0.0959087 100
1.27256 0.1584 0.0963542 100
1.28113 0.1777 0.0970035 100
1.2933 0.1979 0.0979246 100
1.30616 0.2186 0.0988986 100
1.31085 0.2383 0.0992534 100
1.3289 0.2608 0.10062 100
1.36031 0.2868 0.102998 100
1.399 0.3155 0.105928 100
1.44925 -0.2332 0.109733 43
1.3961 -0.2046 0.105709 100
1.3613 -0.1801 0.103074 100
1.33199 -0.1573 0.100854 100
1.32212 -0.1374 0.100107 100
1.30606 -0.1173 0.098891 100
1.2926 -0.0979 0.0978718 100
1.28492 -0.0792 0.0972904 100
1.27994 -0.0609 0.0969129 100
1.27266 -0.0428 0.0963617 100
1.26618 -0.0248 0.095871 100
1.25573 0.0084 0.115164 100
1.25145 0.0259 0.114772 100
1.24896 0.0434 0.114543 100
1.25025 0.061 0.114662 100
1.25424 0.0789 0.115027 100
1.25802 0.0968 0.115374 100
1.26449 0.1152 0.115968 100
1.27067 0.1338 0.116534 100
1.27565 0.1524 0.116991 100
1.28122 0.1714 0.117502 100
1.28859 0.1908 0.118178 100
1.30154 0.2114 0.119365 100
1.31906 0.2333 0.120973 100
1.33629 0.2557 0.122553 100
1.34814 0.2777 0.12364 100
1.38598 0.3058 0.12711 100
1.42163 -0.2238 0.13038 41
1.37722 -0.197 0.126306 100
1.34336 -0.173 0.123201 100
1.33271 -0.1526 0.122224 100
1.31588 -0.132 0.120681 100
1.30074 -0.1121 0.119292 100
1.29029 -0.093 0.118333 100
1.28252 -0.0743 0.117621 100
1.27346 -0.0559 0.11679 100
1.26708 -0.0378 0.116206 100
1.2625 -0.0199 0.115785 100
1.2545 0.0026 0.12787 100
1.25231 0.0202 0.127647 100
1.24992 0.0378 0.127403 100
1.24933 0.0553 0.127343 100
1.25042 0.073 0.127454 100
1.2542 0.0909 0.127839 100
1.25778 0.1089 0.128205 100
1.26206 0.1272 0.128641 100
1.26813 0.1458 0.129259 100
1.27579 0.1648 0.13004 100
1.28524 0.1844 0.131003 100
1.29529 0.2045 0.132027 100
1.30613 0.225 0.133133 100
1.32334 0.2472 0.134887 100
1.33449 0.2687 0.136023 100
1.37139 0.2962 0.139785 100
1.41278 0.326 0.144003 100
1.39826 -0.2092 0.142523 49
1.36354 -0.1845 0.138984 100
1.33439 -0.1615 0.136013 100
1.32563 -0.1415 0.13512 100
1.30961 -0.1213 0.133488 100
1.29628 -0.1017 0.132129 100
1.28574 -0.0827 0.131054 100
1.27877 -0.0642 0.130344 100
1.27062 -0.046 0.129513 100
1.26415 -0.028 0.128854 100
1.25725 0.0124 0.147693 100
1.25199 0.0299 0.147075 100
1.24951 0.0474 0.146783 100
1.24971 0.065 0.146807 100
1.25169 0.0828 0.14704 100
1.25437 0.1007 0.147355 100
1.25686 0.1186 0.147647 100
1.26192 0.137 0.148242 100
1.26878 0.1558 0.149047 100
1.27543 0.1748 0.149829 100
1.28367 0.1944 0.150797 100
1.2936 0.2145 0.151964 100
1.30612 0.2355 0.153434 100
1.32419 0.258 0.155557 100
1.33313 0.2792 0.156607 100
1.36889 0.3068 0.160807 100
1.42729 0.341 0.167668 100
1.41706 -0.235 0.166466 23
1.37991 -0.209 0.162102 100
1.34426 -0.1843 0.157914 100
1.33383 -0.1638 0.156689 100
1.31724 -0.143 0.15474 100
1.30324 -0.123 0.153095 100
1.29102 -0.1036 0.15166 100
1.2804 -0.0847 0.150412 100
1.27255 -0.0662 0.14949 100
1.26639 -0.0481 0.148767 100
1.25157 0.0088 0.153896 100
1.24929 0.0264 0.153615 100
1.24979 0.044 0.153676 100
1.25207 0.0617 0.153957 100
1.25406 0.0795 0.154201 100
1.25783 0.0975 0.154665 100
1.26319 0.1158 0.155324 100
1.26944 0.1344 0.156092 100
1.2753 0.1532 0.156813 100
1.28284 0.1725 0.15774 100
1.29316 0.1924 0.159009 100
1.30696 0.2133 0.160706 100
1.32443 0.2353 0.162854 100
1.33465 0.2566 0.164111 100
1.36889 0.2831 0.168321 100
1.41524 0.3135 0.174021 100
1.40909 -0.2289 0.173264 34
1.38159 -0.2046 0.169883 100
1.34398 -0.1797 0.165258 100
1.32175 -0.1579 0.162524 100
1.31589 -0.1384 0.161804 100
1.30189 -0.1185 0.160083 100
1.28949 -0.0991 0.158558 100
1.27986 -0.0802 0.157374 100
1.27291 -0.0618 0.15652 100
1.26577 -0.0436 0.155641 100
1.26021 -0.0257 0.154957 100
1.25783 0.0044 0.16024 100
1.25367 0.0221 0.159709 100
1.25327 0.0397 0.159659 100
1.25456 0.0574 0.159823 100
1.25764 0.0753 0.160215 100
1.26041 0.0933 0.160568 100
1.2619 0.1113 0.160758 100
1.26617 0.1296 0.161301 100
1.2741 0.1486 0.162312 100
1.28184 0.1678 0.163298 100
1.28918 0.1872 0.164233 100
1.2992 0.2074 0.16551 100
1.31477 0.2289 0.167494 100
1.32321 0.2496 0.168568 100
1.35267 0.2749 0.172321 100
1.38749 0.3023 0.176757 100
1.41308 -0.2174 0.180017 41
1.37271 -0.1915 0.174874 100
1.34076 -0.1678 0.170805 100
1.33114 -0.1476 0.169579 100
1.31626 -0.1273 0.167683 100
1.30208 -0.1074 0.165876 100
1.28958 -0.0882 0.164284 100
1.28075 -0.0695 0.163159 100
1.2747 -0.0512 0.162388 100
1.26835 -0.033 0.161579 100
1.25572 0.0051 0.176033 100
1.25255 0.0227 0.175589 100
1.25117 0.0403 0.175395 100
1.25245 0.058 0.175575 100
1.25542 0.0759 0.175992 100
1.2582 0.0939 0.17638 100
1.26107 0.1299 0.176783 100
1.26602 0.1484 0.177477 100
1.27266 0.1674 0.178407 100
1.28008 0.1868 0.179448 100
1.29009 0.2068 0.18085 100
1.30365 0.2278 0.182752 100
1.3189 0.2497 0.18489 100
1.32792 0.2708 0.186154 100
1.36277 0.298 0.19104 100
1.39813 0.3264 0.195997 100
1.40972 -0.2242 0.197621 44
1.36169 -0.1969 0.190888 100
1.33475 -0.1739 0.187112 100
1.32722 -0.154 0.186057 100
1.31247 -0.1335 0.183988 100
1.29939 -0.1137 0.182155 100
1.28603 -0.0944 0.180281 100
1.27731 -0.0756 0.17906 100
1.27127 -0.0573 0.178213 100
1.26503 -0.0392 0.177338 100
1.25948 -0.0213 0.176561 100
1.25908 0.0018 0.187722 100
1.25701 0.0195 0.187412 100
1.25463 0.0372 0.187058 100
1.25295 0.0548 0.186808 100
1.25503 0.0727 0.187117 100
1.2579 0.0907 0.187545 100
1.26146 0.1088 0.188076 100
1.2667 0.1273 0.188857 100
1.27065 0.1458 0.189447 100
1.27441 0.1645 0.190008 100
1.28282 0.184 0.191261 100
1.29291 0.2041 0.192765 100
1.30458 0.2249 0.194505 100
1.3208 0.2469 0.196924 100
1.33178 0.2684 0.19856 100
1.36758 0.2958 0.203899 100
1.41545 0.3271 0.211036 100
1.4022 -0.2022 0.20906 42
1.36165 -0.1767 0.203014 100
1.33346 -0.154 0.198811 100
1.32565 -0.1342 0.197646 100
1.31061 -0.114 0.195405 100
1.29627 -0.0944 0.193267 100
1.28559 -0.0754 0.191674 100
1.27857 -0.0569 0.190627 100
1.27135 -0.0386 0.18955 100
1.26383 -0.0205 0.18843 100
1.25705 0.0107 0.200896 100
1.25478 0.0284 0.200533 100
1.2533 0.0461 0.200297 100
1.25349 0.0638 0.200328 100
1.25349 0.0816 0.200328 100
1.25517 0.0995 0.200597 100
1.25863 0.1177 0.201149 100
1.26475 0.1364 0.202127 100
1.26959 0.155 0.202901 100
1.27709 0.1743 0.2041 100
1.28628 0.1941 0.205568 100
1.29813 0.2147 0.207461 100
1.31156 0.236 0.209608 100
1.31886 0.2566 0.210776 100
1.34809 0.2821 0.215447 100
1.37782 0.3086 0.220197 100
1.43064 -0.2169 0.22864 25
1.38068 -0.1894 0.220655 100
1.34296 -0.165 0.214626 100
1.33042 -0.1444 0.212622 100
1.31363 -0.1238 0.209939 100
1.3004 -0.1041 0.207824 100
1.28786 -0.0848 0.20582 100
1.27907 -0.066 0.204416 100
1.27393 -0.0477 0.203595 100
1.2686 -0.0296 0.202743 100
1.25897 0.0018 0.219725 100
1.25582 0.0196 0.219175 100
1.25454 0.0374 0.218952 100
1.25483 0.0552 0.219003 100
1.2569 0.0732 0.219364 100
1.25966 0.0913 0.219846 100
1.26419 0.1096 0.220637 100
1.26941 0.1282 0.221548 100
1.27345 0.1469 0.222253 100
1.27907 0.166 0.223233 100
1.28842 0.1858 0.224866 100
1.30133 0.2065 0.227118 100
1.31581 0.228 0.229646 100
1.32517 0.249 0.231279 100
1.35925 0.2754 0.237228 100
1.39383 0.303 0.243262 100
1.4088 -0.2136 0.245876 34
1.37354 -0.1884 0.239721 100
1.33886 -0.1643 0.233669 100
1.32822 -0.1439 0.231812 100
1.31148 -0.1233 0.228889 100
1.29926 -0.1036 0.226757 100
1.28685 -0.0843 0.224591 100
1.277 -0.0655 0.222872 100
1.27187 -0.0471 0.221978 100
1.2705 -0.0291 0.221737 100
1.25561 0.0171 0.220946 100
1.25423 0.0349 0.220703 100
1.25364 0.0527 0.220599 100
1.25669 0.0707 0.221136 100
1.26152 0.089 0.221986 100
1.26408 0.1072 0.222436 100
1.26743 0.1256 0.223025 100
1.27245 0.1444 0.223909 100
1.28102 0.1638 0.225417 100
1.29136 0.1837 0.227237 100
1.30131 0.204 0.228987 100
1.3149 0.2253 0.231379 100
1.32425 0.2463 0.233025 100
1.35941 0.2728 0.239212 100
1.39113 0.2998 0.244792 100
1.40275 -0.2121 0.246837 44
1.36257 -0.1863 0.239767 100
1.33469 -0.1632 0.234862 100
1.32603 -0.1431 0.233337 100
1.3083 -0.1224 0.230218 100
1.2951 -0.1027 0.227895 100
1.28456 -0.0835 0.226041 100
1.27777 -0.0649 0.224845 100
1.27363 -0.0466 0.224117 100
1.26821 -0.0283 0.223164 100
1.2622 0.0159 0.235074 100
1.25994 0.0338 0.234653 100
1.26131 0.0517 0.234909 100
1.26338 0.0698 0.235293 100
1.26426 0.0879 0.235458 100
1.26485 0.106 0.235568 100
1.26819 0.1244 0.236191 100
1.27419 0.1433 0.237307 100
1.28284 0.1627 0.238919 100
1.29316 0.1827 0.240841 100
1.30604 0.2035 0.24324 100
1.31764 0.2245 0.2454 100
1.33475 0.2469 0.248586 100
1.34763 0.2691 0.250985 100
1.39 0.2981 0.258876 100
1.39924 -0.2048 0.260597 43
1.35805 -0.1791 0.252925 100
1.33013 -0.1563 0.247726 100
1.32138 -0.1363 0.246096 100
1.30742 -0.1161 0.243496 100
1.29719 -0.0966 0.241592 100
1.28658 -0.0775 0.239614 100
1.27773 -0.0588 0.237967 100
1.27252 -0.0404 0.236996 100
1.268 -0.0223 0.236154 100
1.25968 0.0078 0.243489 100
1.25644 0.0257 0.242863 100
1.25801 0.0436 0.243166 100
1.26116 0.0616 0.243774 100
1.26312 0.0797 0.244153 100
1.26292 0.0977 0.244115 100
1.26538 0.116 0.24459 100
1.2695 0.1346 0.245387 100
1.27726 0.1538 0.246886 100
1.28776 0.1737 0.248917 100
1.30072 0.1942 0.251422 100
1.31545 0.2156 0.254268 100
1.32399 0.2363 0.25592 100
1.35531 0.2618 0.261974 100
1.38722 0.2884 0.268141 100
1.43101 -0.2264 0.276606 45
1.38251 -0.1987 0.267231 100
1.34903 -0.1744 0.260759 100
1.32301 -0.1519 0.25573 100
1.31614 -0.1322 0.254401 100
1.30318 -0.1123 0.251896 100
1.29081 -0.0928 0.249505 100
1.28119 -0.0738 0.247645 100
1.27323 -0.0552 0.246108 100
1.26901 -0.037 0.245292 100
1.26548 -0.0189 0.244609 100
1.26418 0.0162 0.251231 100
1.2628 0.0341 0.250958 100
1.2632 0.0521 0.251036 100
1.26437 0.0701 0.25127 100
1.26624 0.0883 0.251641 100
1.27075 0.1068 0.252537 100
1.27605 0.1255 0.25359 100
1.28291 0.1446 0.254954 100
1.2886 0.1638 0.256085 100
1.29694 0.1836 0.257742 100
1.31175 0.2047 0.260685 100
1.31852 0.225 0.26203 100
1.34235 0.2487 0.266766 100
1.38217 0.2764 0.27468 100
1.41758 0.3044 0.281717 52
1.39649 -0.2017 0.277526 50
1.35628 -0.1763 0.269534 100
1.34392 -0.1553 0.267078 100
1.32352 -0.1339 0.263024 100
1.30763 -0.1136 0.259866 100
1.29537 -0.094 0.25743 100
1.28674 -0.075 0.255714 100
1.27879 -0.0563 0.254136 100
1.27252 -0.038 0.252888 100
1.26898 -0.0198 0.252186 100
1.26091 0.0126 0.26227 100
1.26062 0.0306 0.262209 100
1.26209 0.0486 0.262515 100
1.26326 0.0667 0.262759 100
1.2661 0.0849 0.26335 100
1.2707 0.1035 0.264307 100
1.27697 0.1223 0.26561 100
1.2849 0.1416 0.267259 100
1.29214 0.1798 0.268766 100
1.30311 0.2002 0.271047 100
1.31574 0.2214 0.273674 100
1.32514 0.2424 0.275629 100
1.35725 0.2683 0.282309 100
1.38789 0.295 0.288683 100
1.43009 -0.238 0.29746 48
1.37615 -0.2089 0.286239 52
1.341 -0.1841 0.278928 100
1.32974 -0.1633 0.276586 100
1.31535 -0.1425 0.273593 100
1.30252 -0.1224 0.270925 100
1.29234 -0.1029 0.268807 100
1.2848 -0.0839 0.267239 100
1.27609 -0.0651 0.265427 100
1.27002 -0.0466 0.264164 100
1.26561 -0.0284 0.263248 100
1.26413 0.0018 0.271699 100
1.26296 0.0199 0.271447 100
1.26355 0.0379 0.271573 100
1.26394 0.056 0.271657 100
1.26599 0.0743 0.272098 100
1.27166 0.0928 0.273317 100
1.27899 0.1118 0.274893 100
1.28417 0.1307 0.276006 100
1.29004 0.15 0.277267 100
1.3005 0.1701 0.279516 100
1.3135 0.1909 0.28231 100
1.32915 0.2126 0.285672 100
1.33668 0.2334 0.28729 100
1.36992 0.2594 0.294435 100
1.41704 0.2893 0.304563 52
1.40511 -0.2139 0.302 33
1.36913 -0.1885 0.294267 100
1.33853 -0.1648 0.28769 100
1.32993 -0.1445 0.285841 100
1.31429 -0.1238 0.282478 100
1.30216 -0.104 0.279873 100
1.29376 -0.0847 0.278066 100
1.28408 -0.0657 0.275985 100
1.27508 -0.0469 0.274052 100
1.26873 -0.0286 0.272686 100
1.26376 0.0174 0.277626 100
1.26337 0.0355 0.27754 100
1.26376 0.0536 0.277626 100
1.26484 0.0718 0.277862 100
1.26865 0.0902 0.278698 100
1.27705 0.1091 0.280544 100
1.28418 0.1283 0.28211 100
1.29199 0.1477 0.283826 100
1.30342 0.168 0.286337 100
1.31641 0.1888 0.289191 100
1.33301 0.2107 0.292838 100
1.34454 0.2322 0.29537 100
1.38253 0.2592 0.303717 100
1.43733 0.2907 0.315754 46
1.3963 -0.2173 0.306742 39
1.35558 -0.1912 0.297795 100
1.34249 -0.1698 0.294919 100
1.32432 -0.1483 0.290929 100
1.30967 -0.1278 0.28771 100
1.29766 -0.1079 0.285071 100
1.29121 -0.0888 0.283655 100
1.28447 -0.0699 0.282174 100
1.27558 -0.0511 0.280222 100
1.26933 -0.0327 0.278848 100
1.26709 0.0175 0.290203 100
1.26768 0.0356 0.290337 100
1.27197 0.0539 0.291319 100
1.27889 0.0726 0.292904 100
1.28259 0.0912 0.293752 100
1.28707 0.11 0.294779 100
1.29127 0.129 0.295739 100
1.29819 0.1484 0.297325 100
1.31144 0.169 0.300361 100
1.32645 0.1902 0.303799 100
1.33533 0.211 0.30583 100
1.36691 0.236 0.313064 100
1.41915 0.2659 0.32503 100
1.41925 -0.2229 0.325052 26
1.37588 -0.196 0.315118 100
1.34449 -0.172 0.307929 100
1.32051 -0.1498 0.302437 100
1.31466 -0.1301 0.301097 100
1.30277 -0.1102 0.298374 100
1.29341 -0.0908 0.296231 100
1.28766 -0.0719 0.294913 100
1.28171 -0.0532 0.293552 100
1.2745 -0.0347 0.2919 100
1.2679 0.0164 0.299953 100
1.26654 0.0345 0.299631 100
1.26596 0.0527 0.299493 100
1.2681 0.071 0.299999 100
1.27471 0.0897 0.301565 100
1.27919 0.1085 0.302624 100
1.28153 0.1272 0.303176 100
1.28931 0.1467 0.305018 100
1.29972 0.1668 0.307481 100
1.31082 0.1874 0.310106 100
1.32833 0.2093 0.31425 100
1.33884 0.2307 0.316736 100
1.37388 0.257 0.325024 100
1.43713 0.2902 0.339988 48
1.40541 -0.207 0.332483 32
1.36561 -0.1812 0.323067 100
1.33417 -0.1576 0.315631 100
1.32454 -0.1373 0.313352 100
1.30877 -0.1167 0.309622 100
1.29768 -0.097 0.306998 100
1.29009 -0.0778 0.305202 100
1.28522 -0.059 0.304051 100
1.28007 -0.0404 0.302831 100
1.27364 -0.0219 0.301311 100
1.27814 0.0122 0.308742 100
1.27882 0.0305 0.308907 100
1.28028 0.0489 0.309259 100
1.28144 0.0674 0.309541 100
1.28329 0.0859 0.309987 100
1.28592 0.1046 0.310621 100
1.29301 0.1239 0.312335 100
1.30283 0.1437 0.314706 100
1.31333 0.1639 0.317242 100
1.32635 0.1849 0.320388 100
1.33335 0.2054 0.322079 100
1.36018 0.2295 0.32856 100
1.40762 0.2583 0.340018 100
1.4185 -0.2073 0.342648 26
1.38166 -0.1818 0.333749 100
1.34638 -0.1575 0.325225 100
1.33578 -0.1369 0.322666 100
1.32003 -0.1162 0.318862 100
1.30798 -0.0963 0.315951 100
1.29651 -0.0768 0.31318 100
1.28961 -0.0578 0.311513 100
1.2864 -0.0392 0.310738 100
1.2829 -0.0207 0.309893 100
1.27743 0.0074 0.320395 100
1.27617 0.0257 0.320079 100
1.27578 0.044 0.319982 100
1.27695 0.0624 0.320273 100
1.27889 0.081 0.32076 100
1.28151 0.0996 0.321417 100
1.28587 0.1186 0.322512 100
1.29286 0.138 0.324263 100
1.30236 0.1579 0.326647 100
1.31458 0.1786 0.329713 100
1.32933 0.2 0.33341 100
1.33893 0.2212 0.335819 100
1.3721 0.2469 0.344139 100
1.42293 0.2772 0.356887 52
1.39713 -0.1911 0.350415 34
1.35813 -0.1659 0.340636 100
1.34582 -0.1448 0.337546 100
1.32826 -0.1237 0.333143 100
1.31439 -0.1034 0.329664 100
1.30304 -0.0837 0.326818 100
1.29334 -0.0644 0.324385 100
1.28733 -0.0456 0.322877 100
1.28296 -0.027 0.321782 100
1.27762 0.0055 0.323761 100
1.27645 0.0239 0.323466 100
1.27597 0.0422 0.323344 100
1.27626 0.0606 0.323417 100
1.27723 0.0791 0.323663 100
1.28091 0.0978 0.324596 100
1.2843 0.1167 0.325456 100
1.29031 0.1359 0.326979 100
1.29991 0.1559 0.329411 100
1.31019 0.1762 0.332015 100
1.32589 0.1978 0.335994 100
1.33452 0.2187 0.338181 100
1.36486 0.2439 0.345869 100
1.40722 0.2723 0.356604 51
1.39452 -0.1894 0.353386 38
1.36224 -0.1651 0.345206 100
1.33355 -0.1422 0.337935 100
1.32667 -0.1222 0.336191 100
1.31368 -0.102 0.332899 100
1.30233 -0.0823 0.330025 100
1.29264 -0.063 0.327569 100
1.28566 -0.0442 0.3258 100
1.2813 -0.0256 0.324695 100
1.27552 0.0175 0.323468 100
1.27514 0.0358 0.32337 100
1.27649 0.0542 0.323714 100
1.2795 0.0727 0.324476 100
1.28221 0.0914 0.325164 100
1.28667 0.1103 0.326295 100
1.29375 0.1296 0.328089 100
1.3015 0.1493 0.330056 100
1.31187 0.1696 0.332686 100
1.3268 0.1909 0.336472 100
1.33746 0.212 0.339175 100
1.37178 0.2377 0.347877 100
1.40842 0.2649 0.357169 100
1.43701 -0.2151 0.364421 100
1.39165 -0.188 0.352917 48
1.3585 -0.1637 0.34451 100
1.32874 -0.1408 0.336963 100
1.31895 -0.1206 0.33448 100
1.30499 -0.1005 0.330941 100
1.29452 -0.081 0.328286 100
1.28783 -0.062 0.32659 100
1.2827 -0.0433 0.325287 100
1.27833 -0.0248 0.324181 100
1.27597 0.0078 0.326189 100
1.27568 0.0262 0.326114 100
1.27616 0.0446 0.326238 100
1.27645 0.063 0.326312 100
1.27839 0.0816 0.326808 100
1.28294 0.1004 0.327972 100
1.28914 0.1196 0.329557 100
1.29612 0.1391 0.33134 100
1.3028 0.1588 0.333049 100
1.31394 0.1794 0.335897 100
1.33051 0.2012 0.340133 100
1.34204 0.2228 0.34308 100
1.37895 0.2493 0.352517 100
1.43641 0.2811 0.367204 41
1.40133 -0.1991 0.358238 35
1.36733 -0.1742 0.349544 100
1.33584 -0.1507 0.341495 100
1.32712 -0.1304 0.339266 100
1.31143 -0.1098 0.335254 100
1.29922 -0.09 0.332133 100
1.2906 -0.0707 0.329928 100
1.28565 -0.0519 0.328665 100
1.28042 -0.0332 0.327328 100
1.27581 0.0149 0.326386 100
1.27552 0.0333 0.326312 100
1.27591 0.0516 0.326411 100
1.27698 0.07 0.326684 100
1.27978 0.0886 0.327403 100
1.28337 0.1074 0.32832 100
1.2885 0.1265 0.329633 100
1.29722 0.1462 0.331864 100
1.30575 0.1661 0.334045 100
1.31398 0.1863 0.336152 100
1.3228 0.207 0.338407 100
1.34954 0.231 0.345247 100
1.38151 0.2569 0.353426 100
1.44167 0.2896 0.368817 37
1.42607 -0.2035 0.364827 38
1.38635 -0.1776 0.354666 48
1.35206 -0.1536 0.345892 100
1.326 -0.1314 0.339225 100
1.31796 -0.1115 0.337168 100
1.30488 -0.0915 0.333822 100
1.29441 -0.0721 0.331145 100
1.28744 -0.0532 0.329361 100
1.28221 -0.0346 0.328022 100
1.27614 0.0094 0.32552 100
1.27585 0.0278 0.325446 100
1.27633 0.0462 0.32557 100
1.27652 0.0646 0.325619 100
1.27749 0.0832 0.325866 100
1.28011 0.1019 0.326534 100
1.28534 0.1209 0.327869 100
1.29319 0.1405 0.329871 100
1.30278 0.1605 0.332318 100
1.31296 0.181 0.334913 100
1.32953 0.2028 0.339139 100
1.33912 0.224 0.341586 100
1.37216 0.2499 0.350015 100
1.41344 0.2784 0.360544 48
1.41838 -0.2182 0.361805 23
1.37894 -0.1919 0.351745 100
1.34106 -0.1669 0.342081 100
1.32284 -0.1261 0.337434 100
1.31567 -0.1064 0.335605 100
1.3054 -0.0866 0.332985 100
1.29387 -0.0672 0.330044 100
1.28592 -0.0482 0.328017 100
1.28263 -0.0296 0.327176 100
