0.912757 0.0013 -0.236905 43
0.914596 0.0145 -0.237382 42
0.916241 0.0277 -0.237809 38
0.920597 0.0411 -0.23894 39
0.925727 0.0547 -0.240271 34
0.944215 0.0695 -0.24507 29
0.94828 -0.0504 -0.246125 23
0.92563 -0.0359 -0.240246 38
0.914402 -0.0222 -0.237332 36
0.917879 0.0007 -0.224773 38
0.915839 0.0138 -0.224274 43
0.915548 0.0269 -0.224203 41
0.917005 0.0401 -0.224559 43
0.921279 0.0536 -0.225606 40
0.926232 0.0672 -0.226819 37
0.94459 0.0821 -0.231314 22
0.957799 -0.0429 -0.234549 19
0.934974 -0.0285 -0.22896 35
0.926524 -0.0149 -0.22689 36
0.883326 0.0089 -0.214515 100
0.884006 0.0216 -0.21468 100
0.885658 0.0343 -0.215081 100
0.886047 0.0471 -0.215176 100
0.889156 0.06 -0.215931 100
0.897027 0.0735 -0.217843 100
0.902664 0.087 -0.219211 49
0.920738 0.1021 -0.223601 45
0.945324 0.1185 -0.229571 32
0.932399 -0.0826 -0.226433 30
0.910146 -0.0675 -0.221028 43
0.901206 -0.0539 -0.218857 47
0.89314 -0.0405 -0.216899 47
0.888768 -0.0276 -0.215837 100
0.883229 -0.0147 -0.214492 52
0.88721 0.0025 -0.202383 100
0.883212 0.0152 -0.201472 100
0.883895 0.0278 -0.201627 100
0.886332 0.0406 -0.202183 100
0.888575 0.0534 -0.202695 100
0.892669 0.0665 -0.203629 100
0.897544 0.0797 -0.204741 51
0.914801 0.0945 -0.208677 46
0.943367 0.1111 -0.215194 37
0.953409 0.1261 -0.217484 23
0.960039 -0.0921 -0.218997 14
0.933033 -0.076 -0.212836 33
0.911583 -0.0612 -0.207943 44
0.904564 -0.0477 -0.206342 47
0.896374 -0.0345 -0.204474 51
0.892767 -0.0216 -0.203651 51
0.862814 0.0111 -0.191913 100
0.862619 0.0234 -0.19187 100
0.864181 0.0358 -0.192217 100
0.865547 0.0483 -0.192521 100
0.866719 0.0607 -0.192782 100
0.871697 0.0736 -0.193889 100
0.880287 0.087 -0.1958 100
0.887804 0.1005 -0.197472 100
0.894051 0.1142 -0.198861 100
0.912695 0.1298 -0.203008 47
0.940808 0.1475 -0.209261 38
0.947739 -0.1089 -0.210803 18
0.917088 -0.0921 -0.203985 39
0.898834 -0.0773 -0.199925 46
0.892977 -0.064 -0.198622 51
0.883997 -0.0507 -0.196625 100
0.874821 -0.0376 -0.194584 100
0.869354 -0.025 -0.193368 100
0.865743 -0.0125 -0.192565 100
0.863267 0.0082 -0.180818 100
0.863071 0.0205 -0.180777 100
0.864637 0.0328 -0.181105 100
0.866007 0.0453 -0.181392 100
0.867279 0.0577 -0.181658 100
0.869335 0.0703 -0.182089 100
0.878046 0.0836 -0.183913 100
0.880688 0.0966 -0.184467 100
0.889987 0.1104 -0.186414 100
0.914554 0.1267 -0.19156 47
0.940882 0.1441 -0.197075 40
0.946755 -0.105 -0.198305 30
0.916903 -0.0885 -0.192052 41
0.896544 -0.0736 -0.187788 51
0.889693 -0.0603 -0.186353 100
0.87971 -0.0471 -0.184262 100
0.874326 -0.0343 -0.183134 100
0.870803 -0.0217 -0.182396 100
0.848615 0.0026 -0.172653 100
0.848517 0.0146 -0.172633 100
0.850183 0.0268 -0.172972 100
0.851653 0.039 -0.173271 100
0.850085 0.051 -0.172952 100
0.852241 0.0633 -0.17339 100
0.85714 0.076 -0.174387 100
0.862824 0.0888 -0.175543 100
0.872231 0.1024 -0.177457 100
0.875661 0.1154 -0.178155 100
0.890458 0.1303 -0.181166 100
0.91476 0.1471 -0.18611 49
0.947391 0.1662 -0.192749 40
0.952977 -0.1289 -0.193885 20
0.917699 -0.1108 -0.186708 40
0.893789 -0.0951 -0.181843 51
0.887126 -0.0816 -0.180488 100
0.874485 -0.0679 -0.177916 100
0.866547 -0.0549 -0.176301 100
0.860374 -0.0423 -0.175045 100
0.853024 -0.0298 -0.17355 100
0.849399 -0.0175 -0.172812 100
0.848498 0.0066 -0.162934 100
0.849283 0.0187 -0.163085 100
0.850953 0.0309 -0.163406 100
0.85331 0.0431 -0.163858 100
0.856551 0.0555 -0.164481 100
0.862639 0.0682 -0.16565 100
0.868433 0.0811 -0.166762 100
0.874031 0.0942 -0.167837 100
0.884343 0.108 -0.169817 100
0.890628 0.1217 -0.171024 100
0.913117 0.138 -0.175343 50
0.945034 0.1566 -0.181472 39
0.959176 -0.1422 -0.184187 14
0.920188 -0.123 -0.176701 40
0.896422 -0.1069 -0.172137 100
0.890923 -0.0935 -0.171081 100
0.879433 -0.0796 -0.168875 100
0.870594 -0.0664 -0.167177 100
0.866568 -0.0537 -0.166404 100
0.862247 -0.0411 -0.165574 100
0.855863 -0.0286 -0.164349 100
0.85223 -0.0164 -0.163651 100
0.838957 0.0078 -0.159584 100
0.83876 0.0196 -0.159547 100
0.837385 0.0315 -0.159285 100
0.838859 0.0435 -0.159566 100
0.842101 0.0556 -0.160182 100
0.847111 0.068 -0.161135 100
0.853987 0.0808 -0.162443 100
0.860569 0.0938 -0.163695 100
0.865088 0.1067 -0.164555 100
0.87226 0.1201 -0.165919 100
0.877368 0.1335 -0.166891 100
0.89289 0.1489 -0.169843 52
0.922656 0.1673 -0.175505 42
0.950163 0.1863 -0.180738 1
0.946135 -0.1521 -0.179972 1
0.914994 -0.1338 -0.174048 40
0.888567 -0.1171 -0.169021 52
0.880315 -0.1033 -0.167451 100
0.870884 -0.0897 -0.165658 100
0.863222 -0.0766 -0.1642 100
0.85438 -0.0636 -0.162518 100
0.84829 -0.0511 -0.16136 100
0.844949 -0.0388 -0.160724 100
0.842494 -0.0268 -0.160257 100
0.841806 -0.0148 -0.160126 100
0.841514 0.0043 -0.151261 100
0.841317 0.0163 -0.151225 100
0.840037 0.0282 -0.150995 100
0.840628 0.0401 -0.151101 100
0.841907 0.0521 -0.151331 100
0.845057 0.0644 -0.151897 100
0.847025 0.0766 -0.152251 100
0.852734 0.0893 -0.153277 100
0.861198 0.1026 -0.154799 100
0.869466 0.1161 -0.156285 100
0.880489 0.1303 -0.158266 100
0.888264 0.1443 -0.159664 100
0.916315 0.1622 -0.164706 45
0.942003 0.1806 -0.169323 1
0.951452 -0.1482 -0.171022 25
0.913461 -0.129 -0.164193 45
0.886788 -0.1125 -0.159399 52
0.878422 -0.0988 -0.157895 100
0.868974 -0.0853 -0.156196 100
0.861198 -0.0722 -0.154799 100
0.855293 -0.0595 -0.153737 100
0.851061 -0.0471 -0.152977 100
0.845746 -0.0348 -0.152021 100
0.842203 -0.0227 -0.151384 100
0.827085 0.0029 -0.146731 100
0.827971 0.0147 -0.146888 100
0.828661 0.0264 -0.14701 100
0.829153 0.0382 -0.147098 100
0.830531 0.05 -0.147342 100
0.831713 0.0619 -0.147552 100
0.834765 0.074 -0.148093 100
0.839492 0.0864 -0.148932 100
0.844119 0.099 -0.149753 100
0.850519 0.112 -0.150888 100
0.858593 0.1254 -0.15232 100
0.864599 0.1388 -0.153386 100
0.884883 0.1549 -0.156984 100
0.907923 0.1722 -0.161072 52
0.934409 0.191 -0.165771 42
0.952822 -0.1726 -0.169037 1
0.920132 -0.1532 -0.163238 39
0.894926 -0.1361 -0.158766 48
0.88892 -0.1223 -0.157701 100
0.866076 -0.1067 -0.153648 100
0.852686 -0.0928 -0.151272 100
0.849042 -0.0803 -0.150626 100
0.843135 -0.0677 -0.149578 100
0.840082 -0.0555 -0.149036 100
0.836833 -0.0434 -0.14846 100
0.832402 -0.0314 -0.147674 100
0.829842 -0.0195 -0.14722 100
0.826064 0.0104 -0.134237 100
0.827841 0.0221 -0.134526 100
0.82942 0.0339 -0.134782 100
0.832875 0.0458 -0.135344 100
0.83702 0.058 -0.136018 100
0.839093 0.07 -0.136354 100
0.840969 0.0822 -0.136659 100
0.844719 0.0946 -0.137269 100
0.851135 0.1076 -0.138311 100
0.858341 0.1208 -0.139482 100
0.861499 0.1337 -0.139995 100
0.876108 0.1487 -0.142369 100
0.898316 0.1656 -0.145978 100
0.911444 0.1813 -0.148112 46
0.953295 0.2037 -0.154912 34
0.94382 -0.1629 -0.153373 15
0.90799 -0.1436 -0.14755 43
0.884399 -0.1271 -0.143717 100
0.877292 -0.1134 -0.142562 100
0.869001 -0.0998 -0.141214 100
0.862388 -0.0867 -0.14014 100
0.853702 -0.0737 -0.138728 100
0.845707 -0.061 -0.137429 100
0.840574 -0.0487 -0.136595 100
0.837218 -0.0366 -0.13605 100
0.83169 -0.0246 -0.135151 100
0.828038 -0.0127 -0.134558 100
0.820581 0.0059 -0.124687 100
0.818406 0.0175 -0.124357 100
0.819098 0.029 -0.124462 100
0.822558 0.0408 -0.124988 100
0.824832 0.0526 -0.125333 100
0.827007 0.0644 -0.125664 100
0.83195 0.0766 -0.126415 100
0.838673 0.0892 -0.127436 100
0.84332 0.1017 -0.128142 100
0.849647 0.1146 -0.129104 100
0.85291 0.1273 -0.1296 100
0.864675 0.1416 -0.131387 100
0.88603 0.1579 -0.134632 100
0.894433 0.1724 -0.135909 100
0.923994 0.1917 -0.140401 41
0.952072 0.2115 -0.144667 24
0.928937 -0.1765 -0.141152 34
0.89908 -0.1578 -0.136615 48
0.878714 -0.1415 -0.133521 100
0.864971 -0.1268 -0.131432 100
0.859732 -0.1137 -0.130636 100
0.852416 -0.1005 -0.129525 100
0.845792 -0.0876 -0.128518 100
0.83808 -0.0749 -0.127346 100
0.830171 -0.0624 -0.126144 100
0.826019 -0.0504 -0.125513 100
0.822657 -0.0386 -0.125003 100
0.821174 -0.0269 -0.124777 100
0.820482 -0.0153 -0.124672 100
0.820102 0.0016 -0.11409 100
0.820993 0.0132 -0.114214 100
0.821687 0.0248 -0.114311 100
0.822281 0.0364 -0.114394 100
0.824658 0.0482 -0.114724 100
0.827828 0.0601 -0.115165 100
0.832879 0.0723 -0.115868 100
0.837732 0.0846 -0.116543 100
0.841397 0.097 -0.117053 100
0.845854 0.1096 -0.117673 100
0.853084 0.1228 -0.118679 100
0.863088 0.1366 -0.12007 100
0.874776 0.1512 -0.121696 100
0.882303 0.1653 -0.122744 100
0.907164 0.1832 -0.126202 52
0.945197 0.2048 -0.131493 40
0.955696 -0.1878 -0.132954 11
0.921129 -0.1675 -0.128145 39
0.897952 -0.1503 -0.124921 49
0.873488 -0.1336 -0.121517 100
0.866456 -0.12 -0.120539 100
0.856254 -0.1063 -0.11912 100
0.847736 -0.0932 -0.117935 100
0.843081 -0.0806 -0.117287 100
0.839119 -0.0683 -0.116736 100
0.833077 -0.056 -0.115895 100
0.827828 -0.044 -0.115165 100
0.82446 -0.0321 -0.114697 100
0.822776 -0.0205 -0.114462 100
0.815803 0.0069 -0.100746 100
0.814612 0.0183 -0.100599 100
0.815307 0.0298 -0.100685 100
0.81481 0.0412 -0.100624 100
0.817093 0.0529 -0.100905 100
0.819276 0.0646 -0.101175 100
0.822254 0.0765 -0.101543 100
0.826025 0.0885 -0.102009 100
0.831583 0.101 -0.102695 100
0.839026 0.1138 -0.103614 100
0.846172 0.1269 -0.104497 100
0.853119 0.1402 -0.105355 100
0.862845 0.1543 -0.106556 100
0.869396 0.1681 -0.107365 100
0.892222 0.1856 -0.110183 100
0.918721 0.2045 -0.113456 47
0.973703 0.2312 -0.120246 29
0.952862 -0.1915 -0.117672 25
0.904628 -0.1687 -0.111715 44
0.882397 -0.1517 -0.10897 100
0.875648 -0.1379 -0.108137 100
0.862746 -0.1235 -0.106543 100
0.851531 -0.1097 -0.105158 100
0.843095 -0.0966 -0.104117 100
0.837438 -0.0841 -0.103418 100
0.832575 -0.0718 -0.102817 100
0.828606 -0.0597 -0.102327 100
0.82533 -0.0479 -0.101923 100
0.820964 -0.0361 -0.101383 100
0.817391 -0.0244 -0.100942 100
0.815704 -0.0129 -0.100734 100
0.81647 0.0086 -0.0951909 100
0.816271 0.0201 -0.0951677 100
0.816867 0.0316 -0.0952372 100
0.818357 0.0432 -0.0954109 100
0.821635 0.055 -0.0957931 100
0.823721 0.0785 -0.0960362 100
0.826502 0.0905 -0.0963605 100
0.831071 0.1028 -0.0968932 100
0.836434 0.1155 -0.0975185 100
0.840706 0.1281 -0.0980165 100
0.848552 0.1416 -0.0989314 100
0.852426 0.1546 -0.099383 100
0.865835 0.1696 -0.100946 100
0.885701 0.1865 -0.103262 100
0.912122 0.2055 -0.106343 52
0.941026 0.226 -0.109713 39
0.92275 -0.1673 -0.107582 40
0.893647 -0.1491 -0.104189 52
0.872093 -0.1329 -0.101676 100
0.866928 -0.1197 -0.101074 100
0.855704 -0.1059 -0.0997651 100
0.847261 -0.0928 -0.0987808 100
0.839514 -0.08 -0.0978775 100
0.83266 -0.0675 -0.0970785 100
0.827594 -0.0554 -0.0964879 100
0.82531 -0.0436 -0.0962215 100
0.82084 -0.0318 -0.0957004 100
0.817264 -0.0201 -0.0952835 100
0.801722 0.0102 -0.0997177 100
0.801524 0.0214 -0.099693 100
0.803112 0.0328 -0.0998905 100
0.806585 0.0443 -0.100323 100
0.811844 0.056 -0.100977 100
0.814921 0.0677 -0.101359 100
0.817898 0.0796 -0.10173 100
0.821569 0.0916 -0.102186 100
0.825241 0.1038 -0.102643 100
0.829608 0.1162 -0.103186 100
0.83576 0.129 -0.103951 100
0.844592 0.1426 -0.10505 100
0.849455 0.1557 -0.105655 100
0.866622 0.1715 -0.10779 100
0.889446 0.189 -0.110629 100
0.908003 0.2063 -0.112937 50
0.953354 0.2307 -0.118578 38
0.975583 -0.218 -0.121342 8
0.919217 -0.1919 -0.114332 38
0.889645 -0.1728 -0.110653 49
0.867515 -0.1559 -0.107901 100
0.86176 -0.1424 -0.107185 100
0.850943 -0.1283 -0.10584 100
0.842806 -0.115 -0.104828 100
0.836356 -0.1022 -0.104025 100
0.829806 -0.0896 -0.103211 100
0.82405 -0.0772 -0.102495 100
0.820081 -0.0653 -0.102001 100
0.816012 -0.0534 -0.101495 100
0.812638 -0.0417 -0.101075 100
0.810157 -0.0302 -0.100767 100
0.806585 -0.0187 -0.100323 100
0.805434 0.01 -0.0849388 100
0.808218 0.0214 -0.0852324 100
0.810804 0.0329 -0.0855051 100
0.812296 0.0443 -0.0856624 100
0.813588 0.0559 -0.0857987 100
0.814682 0.0674 -0.0859141 100
0.816671 0.0791 -0.0861239 100
0.82045 0.0911 -0.0865224 100
0.825025 0.1034 -0.0870048 100
0.830395 0.1159 -0.0875711 100
0.837556 0.1289 -0.0883262 100
0.8475 0.1426 -0.089375 100
0.852274 0.1557 -0.0898784 100
0.869479 0.1715 -0.0916927 100
0.890363 0.1886 -0.0938951 100
0.900308 0.2039 -0.0949439 100
0.939988 0.2268 -0.0991284 42
0.974695 -0.2179 -0.102789 6
0.920098 -0.1922 -0.0970309 38
0.897324 -0.1744 -0.0946293 50
0.875147 -0.1574 -0.0922905 100
0.858639 -0.142 -0.0905496 100
0.853666 -0.1289 -0.0900252 100
0.844517 -0.1154 -0.0890604 100
0.836163 -0.1024 -0.0881794 100
0.8296 -0.0898 -0.0874872 100
0.824826 -0.0776 -0.0869838 100
0.820848 -0.0656 -0.0865643 100
0.817666 -0.0538 -0.0862287 100
0.814384 -0.0422 -0.0858826 100
0.810903 -0.0306 -0.0855156 100
0.808318 -0.0191 -0.0852429 100
0.79896 0.0032 -0.0697595 100
0.799857 0.0144 -0.0698377 100
0.800554 0.0257 -0.0698986 100
0.802148 0.037 -0.0700378 100
0.802547 0.0483 -0.0700726 100
0.802746 0.0596 -0.07009 100
0.804838 0.0711 -0.0702726 100
0.808723 0.0829 -0.0706119 100
0.813405 0.095 -0.0710207 100
0.817888 0.1071 -0.0714121 100
0.822272 0.1194 -0.0717948 100
0.829345 0.1324 -0.0724124 100
0.838211 0.1459 -0.0731865 100
0.849867 0.1602 -0.0742042 100
0.852457 0.1731 -0.0744304 100
0.864511 0.1882 -0.0754829 100
0.890911 0.2071 -0.0777879 100
0.911233 0.2253 -0.0795623 52
0.953273 0.2499 -0.0832329 37
0.994417 -0.2191 -0.0868253 9
0.924184 -0.19 -0.0806931 33
0.89639 -0.1713 -0.0782663 100
0.876167 -0.1547 -0.0765005 100
0.857538 -0.139 -0.074874 100
0.85156 -0.1258 -0.0743521 100
0.839406 -0.112 -0.0732909 100
0.829943 -0.099 -0.0724646 100
0.822371 -0.0864 -0.0718035 100
0.819482 -0.0745 -0.0715513 100
0.81749 -0.0627 -0.0713773 100
0.813306 -0.051 -0.071012 100
0.808026 -0.0393 -0.070551 100
0.805436 -0.0278 -0.0703248 100
0.802746 -0.0165 -0.07009 100
0.798487 0.0078 -0.0634032 100
0.799284 0.019 -0.0634665 100
0.798885 0.0302 -0.0634349 100
0.800381 0.0415 -0.0635536 100
0.80377 0.0529 -0.0638227 100
0.804867 0.0643 -0.0639098 100
0.80696 0.0758 -0.064076 100
0.811745 0.0878 -0.064456 100
0.81633 0.0998 -0.0648201 100
0.821813 0.1122 -0.0652554 100
0.829988 0.1251 -0.0659045 100
0.838062 0.1384 -0.0665457 100
0.845838 0.1518 -0.0671631 100
0.856404 0.1661 -0.0680021 100
0.860791 0.1795 -0.0683504 100
0.877737 0.1958 -0.069696 100
0.900167 0.2141 -0.071477 100
0.946321 0.2391 -0.0751419 47
0.935057 -0.1997 -0.0742474 18
0.899569 -0.179 -0.0714295 46
0.87355 -0.1612 -0.0693636 100
0.866871 -0.1475 -0.0688332 100
0.853015 -0.1329 -0.067733 100
0.842947 -0.1192 -0.0669335 100
0.83567 -0.1063 -0.0663557 100
0.828093 -0.0936 -0.0657541 100
0.823408 -0.0814 -0.0653821 100
0.820517 -0.0696 -0.0651525 100
0.81643 -0.0577 -0.064828 100
0.811147 -0.046 -0.0644085 100
0.804767 -0.0343 -0.0639019 100
0.802175 -0.023 -0.0636961 100
0.799384 -0.0117 -0.0634744 100
0.794403 0.0061 -0.0503972 100
0.794203 0.0172 -0.0503845 100
0.794902 0.0284 -0.0504289 100
0.795401 0.0395 -0.0504605 100
0.7958 0.0507 -0.0504858 100
0.796 0.0619 -0.0504985 100
0.797996 0.0734 -0.0506251 100
0.802886 0.0851 -0.0509354 100
0.81057 0.0974 -0.0514229 100
0.815061 0.1096 -0.0517078 100
0.820351 0.122 -0.0520433 100
0.828435 0.1351 -0.0525562 100
0.837217 0.1486 -0.0531133 100
0.845899 0.1623 -0.0536642 100
0.851388 0.1758 -0.0540124 100
0.869253 0.1922 -0.0551457 100
0.889811 0.2099 -0.0564499 100
0.915859 0.2296 -0.0581024 100
0.955978 0.2539 -0.0606476 28
0.932326 -0.2166 -0.0591471 13
0.8953 -0.1948 -0.0567982 28
0.871548 -0.1769 -0.0552913 100
0.866059 -0.1632 -0.0549431 100
0.852486 -0.1484 -0.054082 100
0.84071 -0.1342 -0.0533349 100
0.829632 -0.1206 -0.0526322 100
0.823345 -0.1079 -0.0522333 100
0.818754 -0.0957 -0.051942 100
0.813065 -0.0835 -0.0515812 100
0.806279 -0.0714 -0.0511506 100
0.800191 -0.0596 -0.0507644 100
0.796 -0.0481 -0.0504985 100
0.794503 -0.0369 -0.0504035 100
0.794004 -0.0257 -0.0503719 100
0.794303 -0.0146 -0.0503909 100
0.793684 0.0099 -0.043957 100
0.795481 0.021 -0.0440565 100
0.795181 0.0321 -0.0440399 100
0.795581 0.0432 -0.044062 100
0.79588 0.0544 -0.0440786 100
0.799075 0.0659 -0.0442556 100
0.802071 0.0774 -0.0444215 100
0.805865 0.0891 -0.0446316 100
0.811456 0.1012 -0.0449413 100
0.816948 0.1135 -0.0452454 100
0.826134 0.1266 -0.0457542 100
0.83512 0.1399 -0.0462518 100
0.840911 0.153 -0.0465726 100
0.849498 0.1668 -0.0470481 100
0.853891 0.1801 -0.0472915 100
0.873761 0.1971 -0.0483919 100
0.897125 0.2156 -0.0496859 100
0.919191 0.2345 -0.050908 47
0.948047 -0.2126 -0.0525061 19
0.902018 -0.1891 -0.0499569 10
0.880051 -0.1717 -0.0487403 50
0.861779 -0.1557 -0.0477283 100
0.843108 -0.1402 -0.0466942 100
0.83512 -0.1269 -0.0462518 100
0.82893 -0.1141 -0.045909 100
0.823538 -0.1017 -0.0456104 100
0.816848 -0.0893 -0.0452399 100
0.810059 -0.0772 -0.0448638 100
0.805166 -0.0654 -0.0445929 100
0.800973 -0.0538 -0.0443606 100
0.797678 -0.0424 -0.0441781 100
0.795181 -0.0311 -0.0440399 100
0.794482 -0.02 -0.0440012 100
0.792215 0.0022 -0.0352815 100
0.791116 0.0133 -0.0352326 100
0.791815 0.0244 -0.0352637 100
0.792415 0.0355 -0.0352904 100
0.792814 0.0466 -0.0353082 100
0.793114 0.0578 -0.0353216 100
0.795212 0.0691 -0.035415 100
0.798109 0.0806 -0.035544 100
0.802904 0.0925 -0.0357576 100
0.808499 0.1046 -0.0360067 100
0.815791 0.1171 -0.0363315 100
0.821985 0.1298 -0.0366074 100
0.82698 0.1425 -0.0368298 100
0.829877 0.1549 -0.0369588 100
0.839368 0.1689 -0.0373815 100
0.859348 0.1854 -0.0382713 100
0.866441 0.1997 -0.0385872 100
0.88782 0.2177 -0.0395393 100
0.912795 0.2374 -0.0406516 100
0.955553 0.2629 -0.0425558 28
0.897311 -0.199 -0.039962 6
0.871636 -0.1806 -0.0388186 50
0.864243 -0.1665 -0.0384893 100
0.851756 -0.1518 -0.0379332 100
0.840966 -0.1378 -0.0374527 100
0.831975 -0.1244 -0.0370523 100
0.823684 -0.1114 -0.036683 100
0.819188 -0.0991 -0.0364828 100
0.814593 -0.087 -0.0362781 100
0.807699 -0.0749 -0.0359711 100
0.801705 -0.063 -0.0357042 100
0.798509 -0.0516 -0.0355618 100
0.79721 -0.0403 -0.035504 100
0.794712 -0.029 -0.0353928 100
0.793014 -0.0179 -0.0353171 100
0.794314 0.006 -0.0330139 100
0.794114 0.0171 -0.0330056 100
0.794814 0.0282 -0.0330346 100
0.793315 0.0392 -0.0329724 100
0.791716 0.0502 -0.0329059 100
0.792915 0.0614 -0.0329557 100
0.795014 0.0728 -0.033043 100
0.79891 0.0844 -0.0332049 100
0.803606 0.0963 -0.0334001 100
0.810101 0.1085 -0.03367 100
0.814397 0.1207 -0.0338486 100
0.819592 0.1332 -0.0340645 100
0.826486 0.1462 -0.034351 100
0.836078 0.16 -0.0347497 100
0.843572 0.1736 -0.0350612 100
0.852764 0.188 -0.0354432 100
0.858859 0.2019 -0.0356965 100
0.881139 0.2202 -0.0366226 100
0.908915 0.2407 -0.037777 100
0.967065 0.2706 -0.0401939 29
0.89183 -0.187 -0.0370669 24
0.865952 -0.169 -0.0359914 100
0.858359 -0.1551 -0.0356758 100
0.846669 -0.1408 -0.0351899 100
0.838676 -0.1275 -0.0348577 100
0.830483 -0.1144 -0.0345172 100
0.824988 -0.1019 -0.0342888 100
0.819393 -0.0896 -0.0340562 100
0.811599 -0.0773 -0.0337323 100
0.805704 -0.0654 -0.0334873 100
0.800509 -0.0537 -0.0332713 100
0.795213 -0.0422 -0.0330513 100
0.792716 -0.031 -0.0329474 100
0.793015 -0.0199 -0.0329599 100
0.787548 0.0014 -0.0266761 100
0.787448 0.0124 -0.0266727 100
0.788248 0.0234 -0.0266998 100
0.789747 0.0345 -0.0267506 100
0.789247 0.0455 -0.0267336 100
0.789547 0.0566 -0.0267438 100
0.790647 0.0677 -0.026781 100
0.791646 0.079 -0.0268149 100
0.795444 0.0906 -0.0269435 100
0.801041 0.1025 -0.0271331 100
0.806438 0.1147 -0.0273159 100
0.814633 0.1275 -0.0275935 100
0.820629 0.1402 -0.0277966 100
0.826526 0.1531 -0.0279964 100
0.835021 0.1667 -0.0282841 100
0.844416 0.1809 -0.0286023 100
0.848613 0.1942 -0.0287445 100
0.864204 0.2105 -0.0292726 100
0.890289 0.2301 -0.0301562 100
0.917774 0.2509 -0.0310871 43
0.962248 0.2775 -0.0325936 25
0.869501 -0.1779 -0.029452 41
0.853211 -0.1622 -0.0289002 100
0.847514 -0.1489 -0.0287073 100
0.83772 -0.1351 -0.0283755 100
0.828625 -0.1218 -0.0280675 100
0.821329 -0.1091 -0.0278203 100
0.814833 -0.0967 -0.0276003 100
0.808137 -0.0845 -0.0273735 100
0.803239 -0.0726 -0.0272076 100
0.798242 -0.061 -0.0270383 100
0.795044 -0.0496 -0.02693 100
0.791646 -0.0383 -0.0268149 100
0.790047 -0.0272 -0.0267607 100
0.789347 -0.0161 -0.026737 100
0.788794 0.0061 -0.018038 100
0.788594 0.0171 -0.0180334 100
0.789294 0.0281 -0.0180494 100
0.788794 0.0392 -0.018038 100
0.789194 0.0503 -0.0180471 100
0.790393 0.0615 -0.0180746 100
0.793493 0.0729 -0.0181454 100
0.796292 0.0844 -0.0182094 100
0.800091 0.0961 -0.0182963 100
0.805589 0.1082 -0.0184221 100
0.810888 0.1205 -0.0185432 100
0.816986 0.1331 -0.0186827 100
0.824884 0.1462 -0.0188633 100
0.832582 0.1596 -0.0190393 100
0.839081 0.1731 -0.0191879 100
0.844379 0.1865 -0.0193091 100
0.864074 0.2036 -0.0197595 100
0.884469 0.2215 -0.0202259 100
0.912162 0.242 -0.0208591 100
0.95595 0.268 -0.0218605 37
0.873372 -0.1852 -0.0199721 11
0.866973 -0.1713 -0.0198258 100
0.846679 -0.155 -0.0193617 100
0.834982 -0.1408 -0.0190942 100
0.831982 -0.1284 -0.0190256 100
0.823785 -0.1153 -0.0188381 100
0.818386 -0.1029 -0.0187147 100
0.813687 -0.0908 -0.0186072 100
0.806989 -0.0787 -0.0184541 100
0.799991 -0.0667 -0.018294 100
0.796892 -0.0552 -0.0182232 100
0.794592 -0.0439 -0.0181706 100
0.794092 -0.0328 -0.0181591 100
0.792493 -0.0216 -0.0181226 100
0.782833 0.0093 -0.0102478 100
0.782633 0.0202 -0.0102452 100
0.782333 0.0311 -0.0102413 100
0.782833 0.0421 -0.0102478 100
0.787133 0.0534 -0.0103041 100
0.790332 0.0647 -0.010346 100
0.791332 0.0759 -0.0103591 100
0.795132 0.0875 -0.0104088 100
0.799832 0.0993 -0.0104704 100
0.803231 0.1111 -0.0105149 100
0.806631 0.1231 -0.0105594 100
0.81273 0.1357 -0.0106392 100
0.81863 0.1484 -0.0107165 100
0.825229 0.1616 -0.0108028 100
0.836628 0.1759 -0.0109521 100
0.840928 0.1891 -0.0110084 100
0.860526 0.2062 -0.0112649 100
0.884724 0.2251 -0.0115817 100
0.911422 0.2455 -0.0119312 52
0.945419 0.2689 -0.0123762 41
0.858826 -0.1869 -0.0112427 6
0.851527 -0.1729 -0.0111471 100
0.850927 -0.1604 -0.0111392 100
0.839328 -0.1461 -0.0109874 100
0.830429 -0.1327 -0.0108709 100
0.823229 -0.1198 -0.0107767 100
0.81693 -0.1072 -0.0106942 100
0.809431 -0.0948 -0.010596 100
0.802731 -0.0826 -0.0105083 100
0.797832 -0.0709 -0.0104442 100
0.793732 -0.0594 -0.0103905 100
0.790432 -0.0481 -0.0103473 100
0.788033 -0.0369 -0.0103159 100
0.786533 -0.0258 -0.0102963 100
0.785833 -0.0148 -0.0102871 100
0.783999 0.0031 -0.00136834 100
0.780899 0.0141 -0.00136293 100
0.781599 0.025 -0.00136415 100
0.785199 0.0361 -0.00137043 100
0.788599 0.0474 -0.00137637 100
0.789799 0.0586 -0.00137846 100
0.790899 0.0698 -0.00138038 100
0.791899 0.0811 -0.00138213 100
0.793599 0.0925 -0.00138509 100
0.798199 0.1044 -0.00139312 100
0.802599 0.1164 -0.0014008 100
0.807799 0.1287 -0.00140988 100
0.813799 0.1414 -0.00142035 100
0.820599 0.1544 -0.00143222 100
0.829099 0.1681 -0.00144705 100
0.839399 0.1824 -0.00146503 100
0.844599 0.196 -0.0014741 100
0.864999 0.2135 -0.00150971 100
0.889999 0.2329 -0.00155334 100
0.917499 0.2539 -0.00160134 49
0.967598 0.2824 -0.00168878 32
0.868599 -0.1797 -0.00151599 17
0.848499 -0.1632 -0.00148091 100
0.842799 -0.1499 -0.00147096 100
0.831999 -0.136 -0.00145211 100
0.825899 -0.1231 -0.00144147 100
0.817599 -0.1102 -0.00142698 100
0.808099 -0.0975 -0.0014104 100
0.802499 -0.0854 -0.00140063 100
0.797599 -0.0736 -0.00139207 100
0.794599 -0.0621 -0.00138684 100
0.792399 -0.0508 -0.001383 100
0.791999 -0.0397 -0.0013823 100
0.790499 -0.0285 -0.00137968 100
0.787799 -0.0174 -0.00137497 100
0.778997 0.001 0.00231134 100
0.778897 0.0118 0.00231104 100
0.778697 0.0227 0.00231045 100
0.780297 0.0337 0.00231519 100
0.782697 0.0448 0.00232231 100
0.785997 0.056 0.00233211 100
0.788097 0.0672 0.00233834 100
0.789097 0.0784 0.0023413 100
0.790896 0.0898 0.00234664 100
0.793597 0.1013 0.00235466 100
0.798997 0.1134 0.00237068 100
0.804196 0.1256 0.00238611 100
0.810296 0.1382 0.00240421 100
0.817096 0.1511 0.00242438 100
0.824796 0.1645 0.00244723 100
0.834096 0.1785 0.00247482 100
0.838396 0.1917 0.00248758 100
0.858896 0.2091 0.0025484 100
0.880096 0.2273 0.00261131 100
0.894196 0.2443 0.00265314 100
0.941596 0.2715 0.00279378 47
0.969296 0.2942 0.00287597 12
0.853496 -0.1883 0.00253238 8
0.848196 -0.1747 0.00251666 100
0.847596 -0.1623 0.00251488 100
0.836996 -0.1482 0.00248343 100
0.827096 -0.1345 0.00245405 100
0.819996 -0.1216 0.00243299 100
0.811696 -0.1088 0.00240836 100
0.804196 -0.0964 0.00238611 100
0.798597 -0.0844 0.00236949 100
0.794697 -0.0728 0.00235792 100
0.793597 -0.0615 0.00235466 100
0.792396 -0.0503 0.00235109 100
0.789997 -0.0391 0.00234397 100
0.784497 -0.0278 0.00232765 100
0.780797 -0.0168 0.00231668 100
0.778931 0.0016 0.0103327 100
0.779831 0.0125 0.0103447 100
0.779531 0.0234 0.0103407 100
0.779131 0.0343 0.0103354 100
0.779631 0.0452 0.010342 100
0.781931 0.0563 0.0103725 100
0.786031 0.0676 0.0104269 100
0.79003 0.0791 0.01048 100
0.79083 0.0903 0.0104906 100
0.79143 0.1016 0.0104985 100
0.79393 0.1132 0.0105317 100
0.80013 0.1255 0.0106139 100
0.808129 0.1383 0.0107201 100
0.814028 0.1511 0.0107983 100
0.820628 0.1642 0.0108859 100
0.823228 0.1767 0.0109203 100
0.833327 0.191 0.0110543 100
0.857725 0.2093 0.011378 100
0.867324 0.2245 0.0115053 100
0.887322 0.2429 0.0117706 100
0.915519 0.2644 0.0121446 100
0.969115 0.2946 0.0128556 32
0.863224 -0.1854 0.0114509 9
0.849025 -0.17 0.0112626 45
0.846426 -0.1572 0.0112281 100
0.837726 -0.1436 0.0111127 100
0.828727 -0.1301 0.0109933 100
0.821628 -0.1173 0.0108991 100
0.814228 -0.1047 0.010801 100
0.804729 -0.0921 0.010675 100
0.79793 -0.08 0.0105848 100
0.79403 -0.0684 0.010533 100
0.79083 -0.0571 0.0104906 100
0.787631 -0.0458 0.0104481 100
0.784131 -0.0346 0.0104017 100
0.782531 -0.0236 0.0103805 100
0.782831 -0.0127 0.0103845 100
0.777603 0.0076 0.0248447 100
0.777403 0.0185 0.0248383 100
0.777004 0.0293 0.0248256 100
0.778603 0.0403 0.0248767 100
0.779902 0.0513 0.0249182 100
0.7831 0.0625 0.0250204 100
0.786099 0.0739 0.0251162 100
0.787998 0.0852 0.0251768 100
0.788698 0.0964 0.0251992 100
0.790297 0.1079 0.0252503 100
0.793595 0.1196 0.0253557 100
0.799792 0.132 0.0255537 100
0.807688 0.145 0.0258059 100
0.813385 0.1578 0.025988 100
0.820981 0.1712 0.0262307 100
0.833075 0.1859 0.0266171 100
0.837273 0.1991 0.0267512 100
0.856663 0.2165 0.0273707 100
0.879651 0.2354 0.0281052 100
0.892545 0.2523 0.0285171 100
0.935922 0.2787 0.0299031 48
0.928926 -0.2366 0.0296795 33
0.895143 -0.2147 0.0286002 38
0.867857 -0.1954 0.0277284 42
0.860661 -0.1812 0.0274984 100
0.846468 -0.1659 0.027045 100
0.836873 -0.1519 0.0267384 100
0.826178 -0.138 0.0263967 100
0.816084 -0.1246 0.0260742 100
0.810886 -0.1122 0.0259081 100
0.80339 -0.0998 0.0256686 100
0.796793 -0.0877 0.0254579 100
0.792995 -0.076 0.0253365 100
0.790996 -0.0647 0.0252726 100
0.786798 -0.0533 0.0251385 100
0.781501 -0.042 0.0249693 100
0.779002 -0.0309 0.0248894 100
0.777303 -0.02 0.0248351 100
0.775449 0.0049 0.0292476 100
0.777247 0.0157 0.0293154 100
0.777947 0.0266 0.0293418 100
0.777547 0.0375 0.0293267 100
0.778946 0.0485 0.0293795 100
0.780145 0.0595 0.0294247 100
0.782244 0.0707 0.0295039 100
0.785142 0.082 0.0296132 100
0.78794 0.0934 0.0297187 100
0.790538 0.105 0.0298167 100
0.793935 0.1167 0.0299449 100
0.800131 0.1291 0.0301785 100
0.808025 0.142 0.0304763 100
0.816819 0.1553 0.030808 100
0.825313 0.1689 0.0311283 100
0.832608 0.1825 0.0314035 100
0.841702 0.1969 0.0317464 100
0.848597 0.211 0.0320065 100
0.87158 0.2298 0.0328734 100
0.891466 0.2483 0.0336234 100
0.934835 0.2746 0.0352592 51
0.968511 -0.2582 0.0365293 34
0.917747 -0.231 0.0346147 38
0.886869 -0.2101 0.03345 37
0.867283 -0.1927 0.0327113 46
0.846398 -0.1757 0.0319236 100
0.840902 -0.1623 0.0317163 100
0.82931 -0.1481 0.0312791 100
0.820417 -0.1347 0.0309436 100
0.814321 -0.1221 0.0307137 100
0.809025 -0.1097 0.030514 100
0.800531 -0.0972 0.0301936 100
0.793836 -0.0852 0.0299411 100
0.791037 -0.0737 0.0298356 100
0.789938 -0.0625 0.0297941 100
0.78774 -0.0512 0.0297112 100
0.783443 -0.04 0.0295491 100
0.780945 -0.0289 0.0294549 100
0.778247 -0.0179 0.0293531 100
0.774133 0.0011 0.0366426 100
0.774033 0.0119 0.0366379 100
0.774832 0.0227 0.0366757 100
0.775432 0.0336 0.0367041 100
0.775831 0.0445 0.036723 100
0.77713 0.0555 0.0367845 100
0.780326 0.0667 0.0369358 100
0.784222 0.078 0.0371201 100
0.787019 0.0894 0.0372525 100
0.788717 0.1008 0.0373329 100
0.790215 0.1122 0.0374038 100
0.793512 0.124 0.0375599 100
0.799605 0.1365 0.0378483 100
0.807396 0.1494 0.0382171 100
0.81309 0.1623 0.0384866 100
0.82148 0.1759 0.0388837 100
0.832568 0.1905 0.0394085 100
0.837562 0.204 0.0396449 100
0.858838 0.2219 0.040652 100
0.878816 0.2402 0.0415976 100
0.897495 0.2588 0.0424818 100
0.941546 0.2859 0.0445669 47
0.926363 -0.2401 0.0438482 33
0.897595 -0.2193 0.0424865 49
0.868428 -0.1993 0.0411059 100
0.853544 -0.1834 0.0404014 100
0.850148 -0.1703 0.0402407 100
0.838761 -0.1558 0.0397017 100
0.827973 -0.1419 0.039191 100
0.819083 -0.1286 0.0387703 100
0.810892 -0.1158 0.0383825 100
0.801503 -0.103 0.0379381 100
0.793911 -0.0908 0.0375788 100
0.791114 -0.0793 0.0374464 100
0.789216 -0.068 0.0373566 100
0.785121 -0.0566 0.0371627 100
0.781825 -0.0454 0.0370067 100
0.779327 -0.0343 0.0368885 100
0.778728 -0.0234 0.0368601 100
0.778029 -0.0125 0.036827 100
0.772632 0.0096 0.0442791 100
0.773431 0.0204 0.0443249 100
0.775128 0.0313 0.0444221 100
0.777624 0.0422 0.0445652 100
0.778922 0.0532 0.0446396 100
0.781118 0.0643 0.0447654 100
0.784113 0.0756 0.0449371 100
0.78591 0.0868 0.0450401 100
0.787608 0.0982 0.0451373 100
0.790104 0.1097 0.0452804 100
0.794496 0.1216 0.0455321 100
0.802583 0.1343 0.0459956 100
0.81037 0.1473 0.0464419 100
0.816161 0.1601 0.0467737 100
0.82265 0.1733 0.0471456 100
0.832833 0.1877 0.0477292 100
0.845612 0.203 0.0484616 100
0.852401 0.2172 0.0488506 100
0.876262 0.2364 0.0502181 100
0.90172 0.2568 0.0516771 100
0.944949 0.2834 0.0541545 44
0.938061 -0.2448 0.0537597 37
0.891936 -0.2195 0.0511164 48
0.867676 -0.2008 0.049726 100
0.860688 -0.1865 0.0493255 100
0.848508 -0.1715 0.0486275 100
0.836028 -0.1569 0.0479123 100
0.824347 -0.1428 0.0472429 100
0.81646 -0.1298 0.0467909 100
0.809272 -0.1171 0.0463789 100
0.801884 -0.1046 0.0459555 100
0.795295 -0.0925 0.0455779 100
0.790603 -0.0808 0.045309 100
0.788606 -0.0695 0.0451946 100
0.787508 -0.0583 0.0451316 100
0.785311 -0.0472 0.0450057 100
0.780919 -0.036 0.044754 100
0.777324 -0.025 0.044548 100
0.775627 -0.0141 0.0444508 100
0.773836 0.0039 0.0579134 100
0.772739 0.0147 0.0578313 100
0.773437 0.0256 0.0578835 100
0.774933 0.0365 0.0579955 100
0.775431 0.0474 0.0580328 100
0.776628 0.0584 0.0581223 100
0.778722 0.0696 0.0582791 100
0.781614 0.0809 0.0584955 100
0.784406 0.0923 0.0587045 100
0.786002 0.1037 0.0588239 100
0.787498 0.1151 0.0589358 100
0.792683 0.1272 0.0593239 100
0.801658 0.1402 0.0599956 100
0.809436 0.1532 0.0605777 100
0.816018 0.1664 0.0610703 100
0.823298 0.1799 0.0616151 100
0.832372 0.1941 0.0622942 100
0.845137 0.2096 0.0632495 100
0.850821 0.2237 0.0636749 100
0.875452 0.2433 0.0655182 100
0.901678 0.2643 0.067481 100
0.945556 0.2916 0.0707648 41
0.956226 -0.2541 0.0715633 23
0.913246 -0.2291 0.0683467 47
0.884327 -0.2087 0.0661824 100
0.859895 -0.1902 0.064354 100
0.841945 -0.174 0.0630106 100
0.837358 -0.1608 0.0626673 100
0.826788 -0.1468 0.0618763 100
0.820904 -0.1339 0.0614359 100
0.813824 -0.1211 0.0609061 100
0.806544 -0.1085 0.0603613 100
0.799065 -0.0961 0.0598015 100
0.792384 -0.0841 0.0593015 100
0.788495 -0.0725 0.0590104 100
0.786401 -0.0612 0.0588537 100
0.78321 -0.05 0.0586149 100
0.778822 -0.0388 0.0582865 100
0.775332 -0.0277 0.0580253 100
0.774634 -0.0168 0.0579731 100
0.772349 0.0072 0.0640416 100
0.77215 0.018 0.064025 100
0.773844 0.0289 0.0641655 100
0.775339 0.0398 0.0642895 100
0.777631 0.0509 0.0644795 100
0.778827 0.0619 0.0645787 100
0.78092 0.0731 0.0647522 100
0.78381 0.0845 0.0649919 100
0.786501 0.0959 0.065215 100
0.788992 0.1075 0.0654216 100
0.794374 0.1196 0.0658678 100
0.802446 0.1323 0.0665371 100
0.808326 0.145 0.0670247 100
0.815103 0.158 0.0675866 100
0.823574 0.1716 0.068289 100
0.833739 0.186 0.0691318 100
0.844602 0.2009 0.0700325 100
0.851378 0.2151 0.0705945 100
0.87719 0.2348 0.0727347 100
0.904596 0.2557 0.0750071 100
0.94107 0.2803 0.0780315 44
0.910376 -0.2378 0.0754864 40
0.887554 -0.2186 0.0735941 100
0.867124 -0.2008 0.0719001 100
0.848488 -0.184 0.0703548 100
0.843107 -0.1705 0.0699086 100
0.831646 -0.1561 0.0689583 100
0.821979 -0.1424 0.0681567 100
0.814007 -0.1293 0.0674957 100
0.806931 -0.1166 0.066909 100
0.798559 -0.1039 0.0662148 100
0.791982 -0.0918 0.0656695 100
0.788195 -0.0802 0.0653554 100
0.787298 -0.069 0.0652811 100
0.785205 -0.0577 0.0651075 100
0.78092 -0.0464 0.0647522 100
0.778528 -0.0353 0.0645539 100
0.776934 -0.0244 0.0644217 100
0.774243 -0.0134 0.0641986 100
0.768342 0 0.0750658 100
0.768242 0.0108 0.0750561 100
0.771029 0.0216 0.0753283 100
0.772621 0.0325 0.0754839 100
0.774114 0.0434 0.0756298 100
0.775408 0.0544 0.0757562 100
0.777598 0.0655 0.0759701 100
0.781579 0.0768 0.076359 100
0.784366 0.0882 0.0766313 100
0.786953 0.0997 0.0768841 100
0.790437 0.1114 0.0772244 100
0.796707 0.1237 0.077837 100
0.803773 0.1363 0.0785274 100
0.81064 0.1492 0.0791983 100
0.8192 0.1626 0.0800345 100
0.82955 0.1768 0.0810458 100
0.837612 0.1908 0.0818334 100
0.841693 0.2041 0.0822321 100
0.857119 0.2206 0.0837392 100
0.881802 0.2402 0.0861506 100
0.908077 0.261 0.0887177 100
0.959631 0.2905 0.0937545 41
0.924797 -0.2374 0.0903512 37
0.895039 -0.2165 0.0874439 51
0.870754 -0.1977 0.0850713 100
0.851048 -0.1808 0.0831461 100
0.845674 -0.1673 0.082621 100
0.833233 -0.1527 0.0814056 100
0.823479 -0.1391 0.0804527 100
0.815517 -0.126 0.0796748 100
0.808252 -0.1133 0.0789649 100
0.800887 -0.1009 0.0782454 100
0.795313 -0.0889 0.0777009 100
0.790536 -0.0772 0.0772342 100
0.78755 -0.0658 0.0769424 100
0.782375 -0.0543 0.0764368 100
0.779091 -0.0431 0.0761159 100
0.776603 -0.0321 0.0758729 100
0.774015 -0.0212 0.07562 100
0.76878 0.0009 0.0806663 100
0.76868 0.0117 0.0806559 100
0.768481 0.0225 0.080635 100
0.771067 0.0334 0.0809063 100
0.773454 0.0444 0.0811568 100
0.776736 0.0556 0.0815012 100
0.780913 0.0669 0.0819395 100
0.783797 0.0782 0.0822421 100
0.784593 0.0895 0.0823256 100
0.786283 0.1008 0.082503 100
0.789764 0.1126 0.0828682 100
0.796925 0.125 0.0836196 100
0.802992 0.1376 0.0842561 100
0.80876 0.1503 0.0848614 100
0.817313 0.1638 0.0857588 100
0.827656 0.1779 0.0868441 100
0.838696 0.1927 0.0880025 100
0.849437 0.2077 0.0891295 100
0.8561 0.2221 0.0898287 100
0.87977 0.2415 0.0923123 100
0.906921 0.2627 0.0951612 100
0.960328 0.2928 0.100765 42
0.922535 -0.2513 0.0967996 33
0.887329 -0.2284 0.0931054 50
0.862366 -0.2091 0.0904861 100
0.856498 -0.195 0.0898704 100
0.838696 -0.1786 0.0880025 100
0.826463 -0.1639 0.0867189 100
0.822783 -0.1512 0.0863328 100
0.815026 -0.138 0.0855188 100
0.808959 -0.1253 0.0848823 100
0.801798 -0.1127 0.0841309 100
0.794339 -0.1003 0.0833482 100
0.78877 -0.0884 0.0827639 100
0.785985 -0.0769 0.0824717 100
0.783001 -0.0656 0.0821586 100
0.778824 -0.0542 0.0817203 100
0.776537 -0.0431 0.0814803 100
0.775045 -0.0321 0.0813238 100
0.774448 -0.0212 0.0812611 100
0.763981 0.0046 0.08772 100
0.763782 0.0153 0.0876972 100
0.76557 0.0261 0.0879025 100
0.770041 0.0371 0.0884158 100
0.773418 0.0481 0.0888037 100
0.775703 0.0592 0.089066 100
0.778684 0.0704 0.0894082 100
0.781664 0.0818 0.0897505 100
0.784347 0.0932 0.0900584 100
0.787923 0.1049 0.0904691 100
0.792295 0.1168 0.090971 100
0.79746 0.129 0.0915642 100
0.803421 0.1416 0.0922486 100
0.810177 0.1545 0.0930243 100
0.817727 0.1679 0.0938912 100
0.827861 0.1821 0.0950547 100
0.837895 0.1966 0.0962068 100
0.843756 0.2106 0.0968798 100
0.861838 0.228 0.0989559 100
0.888363 0.2483 0.102002 100
0.911511 0.2687 0.104659 100
0.961781 0.2982 0.110431 35
0.937341 -0.2574 0.107625 29
0.906146 -0.2353 0.104043 48
0.880415 -0.2154 0.101089 100
0.860049 -0.1977 0.0987506 100
0.839385 -0.1806 0.0963779 100
0.83402 -0.1672 0.095762 100
0.824582 -0.1533 0.0946783 100
0.81584 -0.1399 0.0936745 100
0.808786 -0.1271 0.0928646 100
0.802627 -0.1146 0.0921573 100
0.796268 -0.1023 0.0914273 100
0.790705 -0.0903 0.0907885 100
0.78693 -0.0787 0.090355 100
0.783949 -0.0673 0.0900128 100
0.78087 -0.056 0.0896592 100
0.777591 -0.0448 0.0892828 100
0.7762 -0.0338 0.0891231 100
0.772624 -0.0228 0.0887124 100
0.767855 -0.0119 0.0881649 100
0.765137 0.0092 0.0940826 100
0.768909 0.02 0.0945464 100
0.771589 0.0309 0.0948759 100
0.772085 0.0418 0.0949369 100
0.772383 0.0527 0.0949735 100
0.775559 0.0639 0.0953641 100
0.779529 0.0753 0.0958522 100
0.783301 0.0868 0.096316 100
0.78598 0.0983 0.0966455 100
0.789454 0.11 0.0970727 100
0.795707 0.1223 0.0978415 100
0.801762 0.1348 0.098586 100
0.807617 0.1475 0.0993061 100
0.811389 0.16 0.0997698 100
0.818833 0.1734 0.100685 100
0.828957 0.1877 0.10193 100
0.842654 0.2033 0.103614 100
0.849403 0.2176 0.104444 100
0.87501 0.2373 0.107593 100
0.902205 0.2584 0.110937 100
0.931782 0.2811 0.114574 43
0.954908 -0.2691 0.117417 28
0.912428 -0.2434 0.112194 38
0.883943 -0.2225 0.108691 50
0.867665 -0.2055 0.10669 100
0.854862 -0.1898 0.105115 100
0.83511 -0.1732 0.102687 100
0.822803 -0.1586 0.101173 100
0.819032 -0.146 0.10071 100
0.813076 -0.1332 0.0999773 100
0.805037 -0.1203 0.0989887 100
0.796799 -0.1076 0.0979758 100
0.790348 -0.0954 0.0971825 100
0.785683 -0.0837 0.0966089 100
0.782804 -0.0723 0.096255 100
0.78072 -0.061 0.0959987 100
0.777544 -0.0498 0.0956082 100
0.776154 -0.0388 0.0954373 100
0.774666 -0.0278 0.0952542 100
0.771986 -0.0168 0.0949247 100
0.763903 0.0059 0.10437 0
0.760732 0.0166 0.103937 0
0.762417 0.0274 0.104167 100
0.767866 0.0384 0.104912 100
0.771235 0.0495 0.105372 100
0.773514 0.0606 0.105683 100
0.778468 0.072 0.10636 100
0.78035 0.0833 0.106617 100
0.782035 0.0946 0.106847 100
0.784611 0.1062 0.107199 100
0.78897 0.1181 0.107795 100
0.795113 0.1305 0.108634 100
0.800067 0.1429 0.109311 100
0.805715 0.1556 0.110083 100
0.815127 0.1694 0.111369 100
0.816613 0.1817 0.111572 100
0.828503 0.1966 0.113196 100
0.848814 0.2141 0.115971 100
0.858128 0.2294 0.117244 100
0.878736 0.2482 0.120059 100
0.901822 0.2684 0.123214 100
0.944426 0.2956 0.129034 44
0.940066 -0.2534 0.128439 21
0.90311 -0.2298 0.12339 50
0.882105 -0.2113 0.12052 100
0.858821 -0.193 0.117338 100
0.839996 -0.1764 0.114766 100
0.835537 -0.1632 0.114157 100
0.825035 -0.1492 0.112722 100
0.817307 -0.1359 0.111666 100
0.811263 -0.1232 0.110841 100
0.805021 -0.1107 0.109988 100
0.796599 -0.0981 0.108837 100
0.789069 -0.0859 0.107808 100
0.785205 -0.0743 0.107281 100
0.783224 -0.063 0.10701 100
0.780053 -0.0517 0.106577 100
0.775793 -0.0405 0.105995 100
0.775198 -0.0295 0.105913 100
0.774604 -0.0186 0.105832 100
0.760186 0.0003 0.109274 0
0.757118 0.0109 0.108833 0
0.760879 0.0217 0.109373 100
0.766422 0.0327 0.11017 100
0.769887 0.0438 0.110668 100
0.774143 0.055 0.11128 100
0.779191 0.0664 0.112006 100
0.78216 0.0778 0.112432 100
0.783942 0.0891 0.112688 100
0.786516 0.1007 0.113058 100
0.78998 0.1124 0.113556 100
0.795226 0.1247 0.114311 100
0.800175 0.1487 0.115022 100
0.807797 0.1619 0.116117 100
0.814231 0.1751 0.117042 100
0.822347 0.189 0.118209 100
0.833038 0.2039 0.119746 100
0.838779 0.2179 0.120571 100
0.859565 0.2363 0.123559 100
0.882925 0.2561 0.126917 100
0.90767 0.2772 0.130474 100
0.956568 0.3069 0.137503 39
0.913708 -0.237 0.131342 38
0.889953 -0.2175 0.127927 100
0.86392 -0.1983 0.124185 100
0.840362 -0.1805 0.120799 100
0.828286 -0.1657 0.119063 100
0.817794 -0.1516 0.117555 100
0.810074 -0.1384 0.116445 100
0.804036 -0.1257 0.115577 100
0.798889 -0.1134 0.114837 100
0.790574 -0.1009 0.113642 100
0.784932 -0.0889 0.112831 100
0.78315 -0.0776 0.112575 100
0.78216 -0.0664 0.112432 100
0.780082 -0.0551 0.112134 100
0.776815 -0.0439 0.111664 100
0.773351 -0.0327 0.111166 100
0.768798 -0.0217 0.110512 100
0.758732 0.0016 0.11895 0
0.756658 0.0123 0.118625 0
0.758436 0.023 0.118904 0
0.761993 0.0339 0.119461 100
0.767327 0.045 0.120297 100
0.771576 0.0562 0.120963 100
0.775626 0.0675 0.121598 100
0.779578 0.0789 0.122218 100
0.781356 0.0903 0.122497 100
0.783925 0.1018 0.1229 100
0.788272 0.1137 0.123581 100
0.79252 0.1257 0.124247 100
0.799435 0.1384 0.125331 100
0.806252 0.1513 0.1264 100
0.811784 0.1643 0.127267 100
0.819194 0.1778 0.128429 100
0.831049 0.1927 0.130287 100
0.845572 0.2087 0.132564 100
0.850314 0.2226 0.133308 100
0.873827 0.2419 0.136994 100
0.895067 0.2615 0.140324 100
0.932016 0.2866 0.146116 44
0.967779 -0.2731 0.151723 32
0.923717 -0.2467 0.144815 40
0.884891 -0.223 0.138729 100
0.86375 -0.2048 0.135414 100
0.843398 -0.1874 0.132223 100
0.837174 -0.1737 0.131248 100
0.8269 -0.1594 0.129637 100
0.819194 -0.146 0.128429 100
0.811389 -0.1328 0.127205 100
0.804375 -0.1201 0.126106 100
0.798151 -0.1076 0.12513 100
0.791631 -0.0954 0.124108 100
0.785011 -0.0834 0.12307 100
0.781159 -0.0719 0.122466 100
0.779183 -0.0606 0.122156 100
0.776021 -0.0494 0.12166 100
0.771674 -0.0382 0.120979 100
0.770094 -0.0272 0.120731 100
0.768414 -0.0163 0.120468 100
0.757992 0.0023 0.123583 0
0.755919 0.0129 0.123245 0
0.75661 0.0236 0.123357 100
0.760163 0.0345 0.123937 100
0.766578 0.0456 0.124983 100
0.769737 0.0567 0.125497 100
0.773882 0.068 0.126173 100
0.776744 0.0793 0.12664 100
0.779508 0.0907 0.127091 100
0.781185 0.102 0.127364 100
0.783554 0.1136 0.12775 100
0.789772 0.1259 0.128764 100
0.797668 0.1387 0.130051 100
0.803392 0.1514 0.130985 100
0.810992 0.1647 0.132224 100
0.813459 0.1771 0.132626 100
0.82629 0.1921 0.134718 100
0.846621 0.2095 0.138033 100
0.856096 0.2246 0.139578 100
0.875737 0.243 0.14278 100
0.894095 0.2617 0.145773 100
0.926368 0.2854 0.151035 47
0.964761 -0.2697 0.157294 36
0.911959 -0.2412 0.148685 41
0.885508 -0.2209 0.144373 100
0.863499 -0.2026 0.140784 100
0.84297 -0.1853 0.137437 100
0.832903 -0.1708 0.135796 100
0.821552 -0.1564 0.133946 100
0.818789 -0.144 0.133495 100
0.812867 -0.1312 0.132529 100
0.80586 -0.1184 0.131387 100
0.797569 -0.1057 0.130035 100
0.791154 -0.0936 0.128989 100
0.785429 -0.0817 0.128056 100
0.782567 -0.0703 0.127589 100
0.779508 -0.0589 0.127091 100
0.776349 -0.0477 0.126576 100
0.771908 -0.0365 0.125851 100
0.770427 -0.0255 0.12561 100
0.767763 -0.0146 0.125176 100
0.757969 0.0103 0.135015 0
0.758757 0.0211 0.135155 0
0.76427 0.0321 0.136137 100
0.7687 0.0432 0.136926 100
0.770964 0.0543 0.13733 100
0.775099 0.0657 0.138066 100
0.777068 0.0769 0.138417 100
0.777856 0.0882 0.138557 100
0.77953 0.0995 0.138855 100
0.782975 0.1113 0.139469 100
0.789079 0.1236 0.140556 100
0.796069 0.1363 0.141802 100
0.803847 0.1493 0.143187 100
0.811329 0.1626 0.14452 100
0.81379 0.1752 0.144958 100
0.826687 0.1902 0.147255 100
0.842242 0.2064 0.150026 100
0.845984 0.22 0.150693 100
0.865674 0.2383 0.1542 100
0.887825 0.2579 0.158146 100
0.921003 0.2817 0.164056 48
0.952802 -0.2671 0.16972 31
0.906826 -0.2405 0.16153 45
0.879457 -0.22 0.156655 100
0.858388 -0.2018 0.152902 100
0.840963 -0.1852 0.149798 100
0.836631 -0.1719 0.149027 100
0.825407 -0.1574 0.147027 100
0.816744 -0.1438 0.145484 100
0.808966 -0.1307 0.144099 100
0.800893 -0.1177 0.142661 100
0.794691 -0.1053 0.141556 100
0.789178 -0.0933 0.140574 100
0.784452 -0.0815 0.139732 100
0.781597 -0.07 0.139224 100
0.780514 -0.0587 0.139031 100
0.778348 -0.0475 0.138645 100
0.775001 -0.0363 0.138049 100
0.771457 -0.0252 0.137417 100
0.76683 -0.0141 0.136593 100
0.757277 0.0005 0.139396 0
0.758162 0.0113 0.139559 0
0.761899 0.0222 0.140247 0
0.767407 0.0333 0.141261 100
0.769767 0.0443 0.141695 100
0.771046 0.0554 0.141931 100
0.774193 0.0667 0.14251 100
0.777143 0.078 0.143053 100
0.780881 0.0896 0.143741 100
0.783438 0.1012 0.144212 100
0.787765 0.1132 0.145008 100
0.795928 0.1259 0.146511 100
0.802812 0.1387 0.147778 100
0.8095 0.1517 0.149009 100
0.816089 0.1649 0.150222 100
0.823367 0.1786 0.151562 100
0.834185 0.1934 0.153553 100
0.848642 0.2094 0.156214 100
0.855231 0.224 0.157427 100
0.879622 0.2437 0.161917 100
0.916797 0.268 0.16876 100
0.975216 0.3002 0.179513 31
0.903815 -0.2483 0.16637 43
0.87854 -0.2281 0.161718 52
0.854838 -0.209 0.157355 100
0.849036 -0.1949 0.156287 100
0.837135 -0.1797 0.154096 100
0.825039 -0.1649 0.15187 100
0.814712 -0.1509 0.149969 100
0.806943 -0.1376 0.148539 100
0.800058 -0.1248 0.147271 100
0.793863 -0.1123 0.146131 100
0.788552 -0.1002 0.145153 100
0.782946 -0.0882 0.144121 100
0.780192 -0.0767 0.143614 100
0.778225 -0.0653 0.143252 100
0.776062 -0.0541 0.142854 100
0.7738 -0.0429 0.142438 100
0.770456 -0.0317 0.141822 100
0.765833 -0.0207 0.140971 100
0.765673 0.0027 0.153969 100
0.765574 0.0136 0.15395 100
0.7643 0.0245 0.153693 100
0.765869 0.0355 0.154009 100
0.769202 0.0466 0.154679 100
0.773417 0.058 0.155527 100
0.775476 0.0692 0.155941 100
0.776359 0.0805 0.156118 100
0.777143 0.0918 0.156276 100
0.779692 0.1033 0.156789 100
0.785966 0.1156 0.15805 100
0.793025 0.1282 0.15947 100
0.797927 0.1406 0.160456 100
0.803711 0.1535 0.161619 100
0.811064 0.1669 0.163097 100
0.821162 0.1812 0.165128 100
0.825279 0.1944 0.165956 100
0.843514 0.2114 0.169623 100
0.863318 0.2295 0.173605 100
0.874298 0.2457 0.175813 100
0.899984 0.2668 0.180978 100
0.9591 0.2992 0.192866 35
0.913415 -0.2473 0.183679 40
0.884396 -0.226 0.177844 100
0.854985 -0.2056 0.171929 100
0.839495 -0.1893 0.168814 100
0.835279 -0.1759 0.167967 100
0.82322 -0.1611 0.165542 100
0.81273 -0.1471 0.163432 100
0.806946 -0.1343 0.162269 100
0.802927 -0.1219 0.161461 100
0.79675 -0.1093 0.160219 100
0.788417 -0.0968 0.158543 100
0.781849 -0.0847 0.157222 100
0.779006 -0.0732 0.156651 100
0.777045 -0.0618 0.156256 100
0.775868 -0.0506 0.15602 100
0.772535 -0.0394 0.15535 100
0.769104 -0.0282 0.15466 100
0.766457 -0.0172 0.154127 100
0.764634 0.0076 0.159044 100
0.764439 0.0185 0.159003 100
0.766005 0.0295 0.159329 100
0.767572 0.0405 0.159655 100
0.769823 0.0517 0.160124 100
0.771977 0.0629 0.160572 100
0.772956 0.0741 0.160775 100
0.775796 0.0855 0.161366 100
0.779418 0.0972 0.162119 100
0.785782 0.1093 0.163443 100
0.79195 0.1217 0.164726 100
0.798901 0.1345 0.166172 100
0.805656 0.1474 0.167577 100
0.812216 0.1606 0.168941 100
0.81858 0.174 0.170265 100
0.828566 0.1885 0.172342 100
0.833461 0.2021 0.17336 100
0.853434 0.2199 0.177515 100
0.874973 0.2387 0.181995 100
0.897981 0.2588 0.18678 100
0.955353 0.2901 0.198714 33
0.964066 -0.2737 0.200526 27
0.901407 -0.2422 0.187493 41
0.876148 -0.2221 0.182239 100
0.855196 -0.2039 0.177881 100
0.83493 -0.1865 0.173666 100
0.829741 -0.173 0.172586 100
0.819559 -0.1587 0.170469 100
0.810062 -0.145 0.168493 100
0.803307 -0.132 0.167088 100
0.799195 -0.1196 0.166233 100
0.79195 -0.107 0.164726 100
0.783628 -0.0946 0.162995 100
0.779026 -0.0828 0.162038 100
0.776187 -0.0713 0.161447 100
0.774131 -0.06 0.16102 100
0.771977 -0.0488 0.160572 100
0.769628 -0.0376 0.160083 100
0.76718 -0.0265 0.159574 100
0.764439 -0.0155 0.159003 100
0.763425 0.0105 0.168968 100
0.76323 0.0214 0.168924 100
0.763815 0.0324 0.169054 100
0.767233 0.0435 0.16981 100
0.769478 0.0547 0.170307 100
0.77065 0.0658 0.170567 100
0.773482 0.0772 0.171193 100
0.778266 0.0889 0.172252 100
0.782757 0.1008 0.173246 100
0.787053 0.1128 0.174197 100
0.792228 0.1251 0.175343 100
0.797207 0.1376 0.176445 100
0.801992 0.1502 0.177504 100
0.807557 0.1632 0.178735 100
0.816637 0.1772 0.180745 100
0.820836 0.1904 0.181674 100
0.838117 0.207 0.185499 100
0.857938 0.2249 0.189886 100
0.87356 0.2424 0.193344 100
0.898359 0.2631 0.198832 100
0.950791 0.2932 0.210437 43
0.953036 -0.2708 0.210934 31
0.898067 -0.2415 0.198768 41
0.878539 -0.2228 0.194446 51
0.852958 -0.2035 0.188784 100
0.8347 -0.1866 0.184743 100
0.829525 -0.173 0.183598 100
0.82025 -0.1589 0.181545 100
0.811755 -0.1453 0.179665 100
0.805018 -0.1322 0.178173 100
0.797988 -0.1194 0.176618 100
0.789885 -0.1067 0.174824 100
0.784515 -0.0946 0.173635 100
0.781781 -0.083 0.17303 100
0.77602 -0.0712 0.171755 100
0.772115 -0.0597 0.170891 100
0.771822 -0.0486 0.170826 100
0.770455 -0.0375 0.170524 100
0.768014 -0.0264 0.169983 100
0.766354 -0.0153 0.169616 100
0.762537 0.0016 0.173384 100
0.762439 0.0125 0.173362 100
0.762146 0.0235 0.173295 100
0.763707 0.0345 0.17365 100
0.768095 0.0457 0.174648 100
0.770337 0.0569 0.175158 100
0.77336 0.0682 0.175845 100
0.775213 0.0796 0.176266 100
0.777943 0.0911 0.176887 100
0.783404 0.1031 0.178129 100
0.79062 0.1156 0.17977 100
0.79569 0.128 0.180922 100
0.800663 0.1406 0.182053 100
0.807294 0.1536 0.183561 100
0.815583 0.1673 0.185446 100
0.825626 0.1817 0.187729 100
0.835572 0.2091 0.189991 100
0.84113 0.2233 0.191255 100
0.864338 0.2427 0.196531 100
0.889983 0.2636 0.202363 100
0.92733 0.2891 0.210854 47
0.904025 -0.2531 0.205555 38
0.885596 -0.2344 0.201365 52
0.853709 -0.213 0.194115 100
0.835572 -0.1958 0.189991 100
0.831477 -0.1824 0.18906 100
0.820458 -0.1677 0.186554 100
0.81217 -0.154 0.184669 100
0.802614 -0.1403 0.182497 100
0.794813 -0.1273 0.180723 100
0.789742 -0.1149 0.17957 100
0.783501 -0.1026 0.178151 100
0.778041 -0.0906 0.176909 100
0.774335 -0.0789 0.176067 100
0.772385 -0.0676 0.175623 100
0.770337 -0.0563 0.175158 100
0.770045 -0.0452 0.175091 100
0.767705 -0.0341 0.174559 100
0.764194 -0.023 0.173761 100
0.762439 -0.012 0.173362 100
0.767979 0.0003 0.185226 100
0.765937 0.0113 0.184734 100
0.766715 0.0223 0.184921 100
0.766326 0.0333 0.184828 100
0.76584 0.0443 0.18471 100
0.766132 0.0554 0.184781 100
0.767201 0.0665 0.185039 100
0.769145 0.0778 0.185508 100
0.771867 0.0893 0.186164 100
0.776339 0.1012 0.187243 100
0.782561 0.1134 0.188743 100
0.789657 0.126 0.190455 100
0.794518 0.1385 0.191627 100
0.799281 0.1512 0.192776 100
0.804822 0.1642 0.194112 100
0.812988 0.178 0.196082 100
0.817071 0.1913 0.197067 100
0.834278 0.2079 0.201217 100
0.856734 0.2266 0.206633 100
0.866747 0.2426 0.209048 100
0.889494 0.2627 0.214534 100
0.94267 0.2931 0.227359 42
0.90291 -0.2386 0.21777 38
0.873065 -0.2174 0.210572 51
0.859747 -0.2011 0.20736 100
0.840596 -0.1839 0.202741 100
0.820085 -0.1672 0.197793 100
0.812696 -0.1536 0.196011 100
0.80317 -0.1399 0.193714 100
0.795393 -0.1268 0.191838 100
0.790338 -0.1144 0.190619 100
0.784116 -0.102 0.189118 100
0.779644 -0.0901 0.18804 100
0.774978 -0.0783 0.186914 100
0.772062 -0.0668 0.186211 100
0.769048 -0.0555 0.185484 100
0.768756 -0.0443 0.185414 100
0.76827 -0.0333 0.185297 100
0.767687 -0.0222 0.185156 100
0.766909 -0.0112 0.184968 100
0.762569 0.0077 0.186317 100
0.761403 0.0186 0.186032 100
0.763929 0.0296 0.18665 100
0.766357 0.0407 0.187243 100
0.768689 0.0519 0.187813 100
0.769854 0.0631 0.188097 100
0.771797 0.0744 0.188572 100
0.774614 0.0859 0.18926 100
0.778209 0.0976 0.190139 100
0.78258 0.1096 0.191207 100
0.7887 0.122 0.192702 100
0.793654 0.1344 0.193912 100
0.800357 0.1474 0.19555 100
0.80978 0.1611 0.197852 100
0.816968 0.1748 0.199609 100
0.825906 0.1891 0.201792 100
0.83086 0.2027 0.203003 100
0.849705 0.2203 0.207607 100
0.871077 0.2391 0.212829 100
0.89206 0.2586 0.217956 100
0.944322 0.2885 0.230725 39
0.946362 -0.2665 0.231223 24
0.892545 -0.2376 0.218074 42
0.871077 -0.2187 0.212829 100
0.852231 -0.201 0.208224 100
0.832997 -0.1839 0.203525 100
0.827751 -0.1704 0.202243 100
0.816677 -0.156 0.199537 100
0.806186 -0.142 0.196974 100
0.798511 -0.1289 0.195099 100
0.793363 -0.1165 0.193841 100
0.788117 -0.1042 0.192559 100
0.782774 -0.0921 0.191254 100
0.778111 -0.0802 0.190115 100
0.775197 -0.0687 0.189403 100
0.772186 -0.0573 0.188667 100
0.77102 -0.0461 0.188382 100
0.769563 -0.0349 0.188026 100
0.768009 -0.0238 0.187646 100
0.765386 -0.0128 0.187006 100
0.764768 0.0033 0.198067 100
0.766607 0.0144 0.198544 100
0.766316 0.0254 0.198468 100
0.766897 0.0365 0.198619 100
0.766316 0.0475 0.198468 100
0.767478 0.0587 0.198769 100
0.769511 0.07 0.199296 100
0.773286 0.0816 0.200273 100
0.777933 0.0935 0.201477 100
0.783257 0.1056 0.202856 100
0.789453 0.118 0.20446 100
0.796423 0.1308 0.206266 100
0.803103 0.1438 0.207996 100
0.804942 0.1561 0.208472 100
0.812203 0.1696 0.210352 100
0.831661 0.1862 0.215392 100
0.840373 0.2009 0.217648 100
0.852571 0.2168 0.220807 100
0.872029 0.2351 0.225847 100
0.904265 0.2578 0.234196 100
0.944343 0.2839 0.244575 33
0.924594 -0.2607 0.239461 25
0.885775 -0.2361 0.229407 47
0.859734 -0.216 0.222663 100
0.83805 -0.1978 0.217047 100
0.832145 -0.1838 0.215517 100
0.821205 -0.169 0.212684 100
0.812009 -0.155 0.210302 100
0.80349 -0.1415 0.208096 100
0.797682 -0.1286 0.206592 100
0.79168 -0.116 0.205037 100
0.785484 -0.1036 0.203433 100
0.779095 -0.0913 0.201778 100
0.773577 -0.0794 0.200349 100
0.770673 -0.0679 0.199597 100
0.76864 -0.0566 0.19907 100
0.767381 -0.0454 0.198744 100
0.766994 -0.0343 0.198644 100
0.766413 -0.0232 0.198493 100
0.766607 -0.0122 0.198544 100
0.765179 0.0066 0.200455 100
0.764018 0.0176 0.200151 100
0.764695 0.0287 0.200329 100
0.765179 0.0398 0.200455 100
0.765566 0.0509 0.200557 100
0.766727 0.0621 0.200861 100
0.767694 0.0733 0.201114 100
0.771467 0.0849 0.202103 100
0.777948 0.097 0.203801 100
0.784236 0.1092 0.205448 100
0.789363 0.1216 0.206791 100
0.793329 0.1339 0.20783 100
0.798166 0.1466 0.209097 100
0.799907 0.1588 0.209553 100
0.809967 0.173 0.212189 100
0.830282 0.1898 0.217511 100
0.834151 0.2034 0.218524 100
0.841697 0.2181 0.220501 100
0.862979 0.2368 0.226076 100
0.883873 0.2563 0.23155 100
0.932338 0.2849 0.244246 43
0.950331 -0.263 0.24896 30
0.89287 -0.2334 0.233907 42
0.866751 -0.2133 0.227065 52
0.842084 -0.1944 0.220602 100
0.835215 -0.1802 0.218803 100
0.824284 -0.1655 0.215939 100
0.814998 -0.1515 0.213507 100
0.806485 -0.1379 0.211277 100
0.799617 -0.1249 0.209477 100
0.79449 -0.1124 0.208134 100
0.788299 -0.1 0.206512 100
0.781914 -0.0877 0.20484 100
0.776207 -0.0758 0.203344 100
0.772337 -0.0642 0.202331 100
0.769338 -0.0528 0.201545 100
0.767984 -0.0416 0.20119 100
0.766533 -0.0304 0.20081 100
0.765953 -0.0193 0.200658 100
0.765125 0.0098 0.208023 100
0.766862 0.021 0.208496 100
0.768503 0.0321 0.208942 100
0.768889 0.0433 0.209047 100
0.769178 0.0545 0.209125 100
0.771301 0.0659 0.209702 100
0.775161 0.0776 0.210752 100
0.778828 0.0893 0.211749 100
0.782302 0.1012 0.212693 100
0.787513 0.1135 0.21411 100
0.792627 0.126 0.215501 100
0.798417 0.1388 0.217075 100
0.807873 0.1525 0.219646 100
0.819067 0.1669 0.222689 100
0.829875 0.1816 0.225628 100
0.840586 0.1967 0.22854 100
0.847244 0.2112 0.23035 100
0.86857 0.2299 0.236148 100
0.890571 0.2495 0.24213 100
0.943741 0.2791 0.256586 36
0.922319 -0.2542 0.250761 36
0.880729 -0.2292 0.239454 50
0.858341 -0.2102 0.233367 100
0.835665 -0.1919 0.227202 100
0.829682 -0.1779 0.225575 100
0.819646 -0.1634 0.222847 100
0.811347 -0.1496 0.22059 100
0.801891 -0.1359 0.218019 100
0.796004 -0.1231 0.216419 100
0.791855 -0.1108 0.215291 100
0.787513 -0.0986 0.21411 100
0.781047 -0.0863 0.212352 100
0.77545 -0.0743 0.210831 100
0.771494 -0.0627 0.209755 100
0.769371 -0.0513 0.209178 100
0.767152 -0.04 0.208574 100
0.765704 -0.0288 0.208181 100
0.765029 -0.0177 0.207997 100
0.764543 0.0105 0.213896 100
0.76435 0.0216 0.213842 100
0.764928 0.0327 0.214004 100
0.76541 0.0439 0.214138 100
0.766662 0.0551 0.214489 100
0.767721 0.0664 0.214785 100
0.771573 0.078 0.215863 100
0.776195 0.0898 0.217156 100
0.779662 0.1017 0.218126 100
0.785922 0.1141 0.219877 100
0.791893 0.1266 0.221547 100
0.797671 0.1394 0.223164 100
0.804316 0.1526 0.225023 100
0.810672 0.166 0.226801 100
0.819628 0.1802 0.229307 100
0.824635 0.1938 0.230708 100
0.841681 0.2107 0.235477 100
0.861134 0.2288 0.240919 100
0.883958 0.2486 0.247304 100
0.914871 0.2715 0.255953 43
0.910344 -0.2468 0.254687 35
0.879913 -0.225 0.246173 50
0.861327 -0.207 0.240973 100
0.836673 -0.1884 0.234076 100
0.822132 -0.1727 0.230007 100
0.818665 -0.1596 0.229037 100
0.808457 -0.1455 0.226182 100
0.800849 -0.1322 0.224053 100
0.795841 -0.1196 0.222652 100
0.791604 -0.1073 0.221467 100
0.786307 -0.095 0.219985 100
0.779855 -0.0828 0.21818 100
0.775136 -0.0709 0.216859 100
0.772151 -0.0594 0.216024 100
0.769069 -0.048 0.215162 100
0.766758 -0.0367 0.214515 100
0.765217 -0.0255 0.214084 100
0.765506 -0.0144 0.214165 100
0.763377 0.0066 0.214719 100
0.764147 0.0177 0.214936 100
0.765784 0.0289 0.215396 100
0.766265 0.0401 0.215532 100
0.767613 0.0513 0.215911 100
0.768768 0.0626 0.216236 100
0.769731 0.0739 0.216506 100
0.77156 0.0854 0.217021 100
0.775988 0.0973 0.218266 100
0.783208 0.1098 0.220297 100
0.790235 0.1224 0.222274 100
0.79707 0.1354 0.224196 100
0.805637 0.1488 0.226606 100
0.811991 0.1622 0.228393 100
0.82104 0.1764 0.230938 100
0.824313 0.1896 0.231859 100
0.840389 0.2061 0.236381 100
0.862722 0.2249 0.242663 100
0.88005 0.243 0.247537 100
0.910084 0.2655 0.255985 46
0.907485 -0.245 0.255253 38
0.876103 -0.223 0.246426 50
0.854636 -0.2044 0.240388 100
0.833746 -0.1867 0.234513 100
0.828644 -0.173 0.233077 100
0.818537 -0.1586 0.230234 100
0.808333 -0.1445 0.227364 100
0.799669 -0.131 0.224927 100
0.792834 -0.1181 0.223005 100
0.787636 -0.1057 0.221543 100
0.783208 -0.0936 0.220297 100
0.779646 -0.0817 0.219295 100
0.776854 -0.0701 0.21851 100
0.772907 -0.0584 0.2174 100
0.768768 -0.0469 0.216236 100
0.765495 -0.0356 0.215315 100
0.764917 -0.0244 0.215153 100
0.764243 -0.0133 0.214963 100
0.76466 0.0019 0.217531 100
0.764564 0.013 0.217503 100
0.764276 0.0241 0.217421 100
0.763891 0.0352 0.217312 100
0.76341 0.0463 0.217175 100
0.764564 0.0575 0.217503 100
0.765622 0.0687 0.217804 100
0.768508 0.0802 0.218625 100
0.773028 0.0921 0.219911 100
0.780338 0.1044 0.221991 100
0.786494 0.1169 0.223742 100
0.791496 0.1293 0.225165 100
0.797267 0.1422 0.226807 100
0.802845 0.1552 0.228394 100
0.808232 0.1684 0.229926 100
0.816215 0.1824 0.232197 100
0.820255 0.1958 0.233346 100
0.835355 0.2122 0.237642 100
0.856612 0.2308 0.243689 100
0.876618 0.2498 0.24938 100
0.91009 0.2736 0.258903 47
0.922594 -0.2489 0.26246 20
0.888545 -0.226 0.252773 47
0.861421 -0.2059 0.245057 100
0.842473 -0.1886 0.239667 100
0.82516 -0.1722 0.234742 100
0.820735 -0.1589 0.233483 100
0.812367 -0.1452 0.231102 100
0.806693 -0.1321 0.229488 100
0.797844 -0.1188 0.226971 100
0.790822 -0.1061 0.224973 100
0.786398 -0.0939 0.223715 100
0.782839 -0.082 0.222702 100
0.777164 -0.0701 0.221088 100
0.771297 -0.0583 0.219419 100
0.766199 -0.0467 0.217968 100
0.765814 -0.0356 0.217859 100
0.765526 -0.0133 0.217777 100
