2.34322 0.0231 -0.271534 55
2.35852 0.0564 -0.273307 47
2.40322 0.0913 -0.278487 37
2.39815 -0.1672 -0.2779 30
2.35564 -0.131 -0.272973 45
2.34133 -0.0972 -0.271316 54
2.33646 -0.0641 -0.270751 55
2.32025 0.0163 -0.24264 60
2.34869 0.0494 -0.245614 52
2.38549 0.0837 -0.249463 47
2.36958 -0.2015 -0.247798 40
2.33248 -0.1654 -0.243919 53
2.32263 -0.132 -0.242889 62
2.31726 -0.0992 -0.242328 63
2.31935 -0.0667 -0.242546 63
2.32204 -0.0342 -0.242827 63
2.30465 0.0048 -0.218665 74
2.31032 0.0373 -0.219204 71
2.32247 0.0701 -0.220356 67
2.35612 0.1043 -0.223549 56
2.42999 0.1418 -0.230557 44
2.39206 -0.2101 -0.226958 35
2.33521 -0.1721 -0.221565 50
2.31451 -0.1379 -0.2196 61
2.30823 -0.105 -0.219005 72
2.30355 -0.0724 -0.218561 64
2.31032 -0.0401 -0.219204 68
2.29884 0.031 -0.191423 69
2.33402 0.0643 -0.194352 61
2.34987 0.0977 -0.195672 58
2.39999 0.1336 -0.199846 39
2.37249 -0.2422 -0.197556 31
2.32894 -0.2048 -0.193929 52
2.31469 -0.1709 -0.192743 67
2.29894 -0.1373 -0.191432 72
2.28669 -0.1044 -0.190411 76
2.284 -0.0721 -0.190187 76
2.29167 -0.0402 -0.190826 70
2.26708 0.0222 -0.176034 86
2.2915 0.0546 -0.177931 74
2.30546 0.0872 -0.179015 67
2.34185 0.1215 -0.18184 55
2.40456 0.1586 -0.18671 40
2.40117 -0.2745 -0.186446 26
2.33826 -0.2342 -0.181562 52
2.30257 -0.1981 -0.17879 60
2.2912 -0.1648 -0.177908 71
2.28233 -0.132 -0.177219 78
2.27495 -0.0997 -0.176646 81
2.27116 -0.0676 -0.176352 78
2.27485 -0.0359 -0.176638 86
2.28718 0.032 -0.1455 84
2.31143 0.0646 -0.147043 70
2.32929 0.0976 -0.148179 63
2.36851 0.1324 -0.150674 50
2.38847 -0.2828 -0.151944 36
2.33368 -0.2434 -0.148459 49
2.29805 -0.2073 -0.146192 56
2.28678 -0.1742 -0.145475 69
2.275 -0.1414 -0.144726 77
2.26682 -0.1092 -0.144205 78
2.26013 -0.0773 -0.14378 89
2.25893 -0.0457 -0.143703 92
2.25366 0.0138 -0.15522 98
2.26414 0.0456 -0.155941 84
2.28529 0.078 -0.157398 79
2.31482 0.1114 -0.159432 69
2.33696 0.1453 -0.160957 63
2.40231 0.1832 -0.165458 47
2.37707 -0.2879 -0.16372 25
2.31931 -0.248 -0.159741 60
2.30065 -0.2135 -0.158456 69
2.2776 -0.1793 -0.156869 72
2.26094 -0.1461 -0.155722 80
2.25376 -0.114 -0.155227 87
2.25017 -0.0823 -0.154979 87
2.24807 -0.0507 -0.154835 90
2.25953 0.0067 -0.105766 94
2.26922 0.0384 -0.10622 90
2.2854 0.0706 -0.106977 81
2.30018 0.1032 -0.107669 70
2.34433 0.1379 -0.109736 62
2.40497 0.1752 -0.112574 50
2.36511 -0.2868 -0.110708 41
2.31027 -0.2475 -0.108141 59
2.29259 -0.2133 -0.107314 69
2.26842 -0.1792 -0.106182 80
2.25673 -0.1466 -0.105635 82
2.25163 -0.1148 -0.105397 85
2.24904 -0.0832 -0.105275 92
2.25094 -0.0519 -0.105364 87
2.2517 0.0252 -0.0735163 94
2.27309 0.0572 -0.0742147 94
2.29897 0.09 -0.0750598 87
2.30257 0.1224 -0.0751773 78
2.32956 0.1565 -0.0760584 67
2.38983 0.1941 -0.078026 49
2.36884 -0.2995 -0.0773408 27
2.32216 -0.2607 -0.0758169 62
2.30767 -0.2265 -0.0753437 77
2.27779 -0.1914 -0.074368 74
2.2563 -0.1579 -0.0736664 80
2.2443 -0.1256 -0.0732749 87
2.23581 -0.0938 -0.0729975 94
2.23291 -0.0624 -0.0729029 98
2.24541 0.0196 -0.0470346 99
2.2669 0.0515 -0.0474848 97
2.29 0.084 -0.0479686 83
2.31949 0.1176 -0.0485864 71
2.33759 0.1513 -0.0489655 65
2.39607 0.1887 -0.0501906 45
2.36328 -0.3022 -0.0495037 47
2.30659 -0.2622 -0.0483163 60
2.2733 -0.2263 -0.0476189 75
2.2633 -0.1934 -0.0474095 84
2.24981 -0.1606 -0.0471267 83
2.24081 -0.1285 -0.0469383 98
2.23341 -0.0968 -0.0467833 96
2.23151 -0.0655 -0.0467435 99
2.23721 -0.0344 -0.0468629 99
2.23357 0.0172 -0.0385971 99
2.26116 0.049 -0.039074 89
2.28226 0.0813 -0.0394385 84
2.29886 0.1141 -0.0397253 73
2.35285 0.1497 -0.0406584 64
2.40934 0.1871 -0.0416346 49
2.33035 -0.3085 -0.0402696 49
2.28776 -0.2704 -0.0395336 64
2.27636 -0.2369 -0.0393366 74
2.25356 -0.2028 -0.0389427 82
2.23727 -0.1698 -0.038661 93
2.22737 -0.1378 -0.03849 96
2.22417 -0.1065 -0.0384347 99
2.22537 -0.0754 -0.0384554 99
2.22727 -0.0443 -0.0384883 99
2.23897 0.002 -0.0117233 99
2.25077 0.0334 -0.0117851 96
2.26607 0.0653 -0.0118652 89
2.29587 0.0983 -0.0120213 79
2.31327 0.1314 -0.0121124 73
2.36307 0.1674 -0.0123731 67
2.35987 -0.3238 -0.0123564 33
2.30167 -0.2831 -0.0120516 64
2.28347 -0.2486 -0.0119563 74
2.26087 -0.2142 -0.011838 75
2.24467 -0.1811 -0.0117532 85
2.23207 -0.1487 -0.0116872 96
2.22287 -0.1169 -0.011639 99
2.22027 -0.0857 -0.0116254 99
2.22327 -0.0547 -0.0116411 99
2.22988 0.0206 0.00972974 99
2.26038 0.0525 0.00986282 89
2.27438 0.0846 0.00992391 82
2.31498 0.1184 0.0101011 74
2.37798 0.1549 0.0103759 62
2.41538 0.1913 0.0105391 45
2.37178 -0.3534 0.0103489 29
2.31108 -0.3115 0.010084 60
2.29138 -0.2763 0.00999809 74
2.26618 -0.2413 0.00988813 81
2.24638 -0.2075 0.00980174 86
2.22918 -0.1746 0.00972669 94
2.22038 -0.1427 0.00968829 99
2.21918 -0.1116 0.00968305 99
2.21948 -0.0806 0.00968437 99
2.22238 -0.0496 0.00969702 99
2.23067 0.0078 0.038547 99
2.24137 0.0391 0.0387319 99
2.26056 0.0709 0.0390636 88
2.28936 0.1038 0.0395612 85
2.30566 0.1367 0.0398428 69
2.35435 0.1726 0.0406843 64
2.36965 -0.324 0.0409486 49
2.30546 -0.2825 0.0398394 68
2.26636 -0.2457 0.0391638 83
2.25266 -0.2125 0.0389271 78
2.23947 -0.1799 0.038699 94
2.22677 -0.1476 0.0384796 99
2.21967 -0.1161 0.0383569 99
2.21907 -0.0851 0.0383466 99
2.22097 -0.0542 0.0383794 99
2.23376 0.0218 0.0253422 99
2.24926 0.0534 0.0255181 98
2.25625 0.085 0.0255975 97
2.28485 0.1181 0.0259219 88
2.34185 0.1538 0.0265686 76
2.34845 0.1872 0.0266434 67
2.42324 0.2272 0.027492 43
2.37975 -0.3249 0.0269985 28
2.31165 -0.2828 0.026226 64
2.28945 -0.2477 0.0259741 78
2.26085 -0.2128 0.0256497 86
2.24266 -0.1795 0.0254432 86
2.22806 -0.1471 0.0252776 96
2.21986 -0.1155 0.0251846 99
2.21926 -0.0844 0.0251778 99
2.21926 -0.0534 0.0251778 99
2.22652 0.0264 0.0754175 99
2.25591 0.0583 0.0764128 94
2.27989 0.0908 0.0772253 98
2.29538 0.1235 0.07775 89
2.34326 0.1589 0.0793715 78
2.39962 0.1965 0.0812808 56
2.38723 -0.3491 0.0808611 26
2.33636 -0.3084 0.079138 63
2.28189 -0.2689 0.077293 78
2.25061 -0.2334 0.0762334 89
2.24271 -0.201 0.0759659 87
2.22742 -0.1683 0.075448 98
2.21853 -0.1365 0.0751467 99
2.21523 -0.1053 0.075035 99
2.21553 -0.0743 0.0750451 99
2.21933 -0.0434 0.0751738 99
2.2249 0.0136 0.0967521 99
2.24937 0.0452 0.0978165 97
2.26556 0.0773 0.0985203 85
2.29024 0.1102 0.0995934 83
2.31132 0.1437 0.10051 68
2.37785 0.1812 0.103403 58
2.34738 -0.3323 0.102078 42
2.29133 -0.2917 0.0996412 63
2.27435 -0.2573 0.0989026 80
2.25187 -0.2229 0.0979251 79
2.23389 -0.1895 0.0971431 93
2.2233 -0.1574 0.0966825 99
2.2193 -0.1259 0.0965088 99
2.2179 -0.0947 0.0964479 99
2.219 -0.0637 0.0964957 99
2.2227 -0.0327 0.0966565 99
2.23033 0.0253 0.126257 99
2.26368 0.0575 0.128144 96
2.28554 0.0901 0.129382 82
2.30301 0.1232 0.130371 75
2.35483 0.1592 0.133305 64
2.37889 -0.3619 0.134667 28
2.32438 -0.3203 0.131581 63
2.27506 -0.281 0.128789 72
2.25798 -0.2468 0.127822 83
2.23832 -0.2129 0.126709 89
2.22514 -0.1802 0.125963 94
2.21755 -0.1483 0.125533 99
2.21435 -0.1169 0.125352 99
2.21376 -0.0858 0.125319 99
2.21775 -0.0548 0.125545 99
2.22993 0.0016 0.150457 99
2.2427 0.0329 0.151319 99
2.25697 0.0647 0.152282 95
2.27872 0.0972 0.153749 91
2.29807 0.1302 0.155055 78
2.35574 0.1666 0.158946 69
2.42379 0.2055 0.163537 49
2.40842 -0.356 0.162501 64
2.33399 -0.3118 0.157479 56
2.2886 -0.2732 0.154416 76
2.27433 -0.2393 0.153453 78
2.25258 -0.2052 0.151986 97
2.23831 -0.1724 0.151023 98
2.22454 -0.1401 0.150094 99
2.21726 -0.1086 0.149602 99
2.21556 -0.0775 0.149488 99
2.21746 -0.0465 0.149616 99
2.22744 0.0265 0.154586 99
2.25677 0.0584 0.156621 98
2.27473 0.0906 0.157868 94
2.30116 0.1239 0.159702 80
2.32211 0.1576 0.161156 68
2.38227 0.1951 0.165331 54
2.37698 -0.3413 0.164964 32
2.32311 -0.3005 0.161226 62
2.27353 -0.2619 0.157785 78
2.25807 -0.2282 0.156711 87
2.24221 -0.195 0.155611 98
2.22874 -0.1625 0.154676 97
2.21986 -0.1307 0.15406 99
2.21647 -0.0995 0.153824 99
2.21557 -0.0685 0.153762 99
2.21836 -0.0376 0.153956 99
2.23296 0.0297 0.161627 99
2.26228 0.0618 0.16375 93
2.27315 0.0939 0.164537 88
2.30846 0.1277 0.167092 71
2.33828 0.1622 0.169251 71
2.40441 0.2006 0.174038 52
2.38476 -0.3469 0.172615 38
2.32701 -0.3053 0.168435 54
2.28253 -0.2671 0.165215 72
2.27016 -0.2335 0.16432 83
2.24932 -0.1996 0.162811 93
2.23495 -0.1668 0.161772 96
2.22608 -0.1349 0.161129 99
2.22278 -0.1035 0.160891 99
2.22199 -0.0723 0.160833 99
2.22378 -0.0412 0.160963 99
2.23359 0.0078 0.182065 99
2.25223 0.0394 0.183584 97
2.27436 0.0716 0.185388 89
2.29399 0.1043 0.186988 76
2.31323 0.1376 0.188556 76
2.36874 0.1742 0.193081 58
2.34921 -0.3226 0.191489 45
2.30206 -0.2834 0.187646 68
2.28891 -0.2494 0.186574 80
2.26638 -0.2149 0.184738 88
2.24127 -0.181 0.18269 94
2.22472 -0.1484 0.181342 99
2.21954 -0.1169 0.180919 99
2.21794 -0.0857 0.180789 99
2.21994 -0.0548 0.180952 99
2.24566 0.0189 0.203975 99
2.2601 0.0507 0.205287 91
2.28111 0.0831 0.207196 86
2.29665 0.1159 0.208607 75
2.34345 0.1512 0.212859 64
2.40171 0.1888 0.21815 55
2.37104 -0.3259 0.215364 36
2.31895 -0.2857 0.210633 59
2.3079 -0.2516 0.209629 77
2.26557 -0.2149 0.205785 85
2.24247 -0.181 0.203686 92
2.23689 -0.1491 0.203179 99
2.22673 -0.1171 0.202257 99
2.22325 -0.0857 0.20194 99
2.22514 -0.0546 0.202112 99
2.24332 0.0059 0.219169 99
2.25695 0.0375 0.220501 95
2.28004 0.0699 0.222757 83
2.29577 0.1025 0.224293 73
2.34085 0.1374 0.228698 63
2.40724 0.1751 0.235183 52
2.35489 -0.3227 0.230069 49
2.29985 -0.2824 0.224692 74
2.26402 -0.2459 0.221191 82
2.25327 -0.2128 0.220141 96
2.23914 -0.1799 0.21876 93
2.22949 -0.1477 0.217817 99
2.22441 -0.1162 0.217321 99
2.22282 -0.0849 0.217166 99
2.2258 -0.0538 0.217457 99
2.25752 0.0103 0.237674 96
2.27304 0.0423 0.239307 88
2.2971 0.0751 0.241841 87
2.31471 0.1083 0.243694 68
2.3695 0.1443 0.249463 61
2.36921 -0.3299 0.249432 39
2.30934 -0.2885 0.243129 65
2.29243 -0.2537 0.241349 76
2.26797 -0.2187 0.238773 89
2.24996 -0.1851 0.236878 89
2.24141 -0.1527 0.235977 99
2.23843 -0.1209 0.235663 99
2.23783 -0.0893 0.235601 99
2.24092 -0.0579 0.235925 99
2.25567 0.0135 0.263385 94
2.27107 0.0455 0.265182 90
2.29312 0.0783 0.267757 76
2.3106 0.1115 0.269798 70
2.36632 0.1476 0.276304 60
2.37775 -0.3335 0.277638 40
2.31706 -0.2918 0.270552 65
2.27941 -0.2545 0.266156 72
2.2669 -0.2209 0.264695 89
2.24604 -0.1869 0.26226 94
2.2375 -0.1546 0.261262 93
2.23551 -0.1228 0.26103 98
2.23591 -0.0913 0.261077 99
2.238 -0.0598 0.26132 99
2.25481 0.0302 0.293249 99
2.29279 0.063 0.298188 83
2.30657 0.0958 0.299981 74
2.35358 0.131 0.306094 61
2.41685 0.1687 0.314322 45
2.34783 -0.3041 0.305346 43
2.29953 -0.265 0.299065 68
2.28525 -0.2308 0.297208 80
2.26651 -0.1967 0.294771 92
2.25511 -0.1638 0.293288 96
2.2443 -0.1313 0.291882 96
2.23894 -0.0993 0.291185 99
2.24013 -0.0678 0.29134 99
2.24777 -0.0364 0.292333 99
2.26589 0 0.309986 89
2.28551 0.0322 0.31267 85
2.30463 0.065 0.315286 76
2.35496 0.0996 0.322171 53
2.4157 0.1363 0.33048 46
2.36081 -0.3332 0.322971 42
2.30424 -0.2922 0.315232 59
2.2864 -0.2572 0.312792 70
2.26807 -0.2229 0.310284 89
2.25311 -0.1894 0.308238 89
2.24172 -0.1566 0.306679 96
2.23875 -0.1248 0.306272 99
2.23825 -0.0931 0.306204 98
2.2433 -0.0617 0.306896 98
2.27179 0.0224 0.331824 90
2.31771 0.0556 0.33853 80
2.32859 0.0886 0.34012 71
2.37658 0.124 0.34713 52
2.37154 -0.3044 0.346392 41
2.3185 -0.2644 0.338646 67
2.2993 -0.2295 0.335842 72
2.27862 -0.1951 0.332821 82
2.26526 -0.1618 0.33087 91
2.25735 -0.1293 0.329714 92
2.25596 -0.0974 0.329511 93
2.25913 -0.0657 0.329974 93
2.26467 -0.0339 0.330783 88
2.27912 0.0177 0.350384 88
2.29652 0.0503 0.353058 81
2.31135 0.0833 0.355337 68
2.35543 0.1182 0.362114 58
2.35879 -0.2895 0.362631 42
2.31342 -0.2509 0.355656 65
2.30186 -0.2168 0.353878 71
2.28792 -0.1829 0.351736 83
2.27833 -0.1498 0.350262 90
2.2644 -0.1168 0.348119 95
2.25689 -0.0845 0.346965 95
2.25886 -0.0526 0.347269 99
2.33464 0.0314 0.394875 77
2.37339 0.0655 0.401429 54
2.34559 -0.2937 0.396726 41
2.31413 -0.2566 0.391406 62
2.3096 -0.2231 0.390639 75
2.29372 -0.1889 0.387954 73
2.2814 -0.1555 0.38587 81
2.27933 -0.123 0.385519 87
2.28081 -0.0908 0.385769 87
2.28583 -0.0586 0.38662 87
2.30157 0.0098 0.405414 72
2.3317 0.0429 0.410722 68
2.35061 0.0765 0.414053 52
2.40734 0.1125 0.424045 36
2.36253 -0.2872 0.416152 34
2.3192 -0.2487 0.408519 61
2.30669 -0.2144 0.406316 68
2.28876 -0.1801 0.403159 76
2.2802 -0.147 0.40165 86
2.27517 -0.1144 0.400765 81
2.27547 -0.0822 0.400817 87
2.27941 -0.05 0.401511 92
2.3344 0.0017 0.431812 65
2.37049 0.0353 0.438488 47
2.35387 -0.2613 0.435414 44
2.32289 -0.2246 0.429684 55
2.31208 -0.1905 0.427683 70
2.30657 -0.1572 0.426665 69
2.3046 -0.1243 0.426301 74
2.30608 -0.0916 0.426574 75
2.31109 -0.059 0.427501 75
2.33101 0.007 0.449726 63
2.34839 0.0404 0.453079 55
2.3966 0.0753 0.462381 41
2.35752 -0.2503 0.454841 39
2.31962 -0.213 0.447529 54
2.30666 -0.1789 0.445028 65
2.2991 -0.1455 0.44357 67
2.29989 -0.1128 0.443721 76
2.30215 -0.0801 0.444157 79
2.30794 -0.0475 0.445275 72
2.32181 0.033 0.459309 74
2.36036 0.0672 0.466935 50
2.3581 -0.2524 0.466489 46
2.32808 -0.2158 0.460551 62
2.32396 -0.1821 0.459736 68
2.30375 -0.1476 0.455738 73
2.2859 -0.1139 0.452206 72
2.28237 -0.0812 0.451507 76
2.28816 -0.0488 0.452652 78
2.32048 0.0305 0.445175 72
2.37676 0.0651 0.455971 52
2.34631 -0.2576 0.45013 45
2.31744 -0.2211 0.444591 56
2.30752 -0.1871 0.442688 71
2.29711 -0.1534 0.440691 76
2.28915 -0.1202 0.439165 80
2.28572 -0.0874 0.438505 73
2.29161 -0.055 0.439636 80
2.2973 0.0016 0.417904 75
2.31176 0.0344 0.420535 72
2.33469 0.0679 0.424705 66
2.35318 0.1018 0.42807 47
2.40857 0.1384 0.438146 41
2.36814 -0.2201 0.43079 35
2.33655 -0.1838 0.425045 56
2.32514 -0.1498 0.422969 69
2.32396 -0.1166 0.422754 80
2.31648 -0.0834 0.421394 75
2.29779 -0.0501 0.417994 76
2.30274 0.0294 0.425955 71
2.33066 0.0629 0.431121 63
2.37471 0.0979 0.43927 51
2.36665 -0.1988 0.437778 36
2.32791 -0.1623 0.430612 57
2.31522 -0.1284 0.428265 72
2.30106 -0.0948 0.425646 76
2.29133 -0.0618 0.423845 82
2.29226 0.0244 0.428156 80
2.31624 0.0576 0.432636 63
2.32902 0.091 0.435023 63
2.36775 0.1262 0.442257 49
2.36067 -0.2134 0.440935 36
2.336 -0.1778 0.436327 57
2.3244 -0.1438 0.43416 73
2.31241 -0.1101 0.43192 70
2.30484 -0.0769 0.430506 72
2.30277 -0.0442 0.430121 86
2.29137 0.0016 0.427991 80
2.30582 0.0344 0.43069 80
2.32283 0.0676 0.433866 68
2.33738 0.1012 0.436584 62
2.37896 0.1369 0.44435 51
2.3705 -0.2142 0.442771 38
2.32814 -0.1771 0.434858 54
2.31467 -0.1431 0.432342 69
2.30159 -0.1095 0.4299 74
2.29206 -0.0765 0.428119 74
2.28803 -0.0439 0.427366 82
2.30836 0.0229 0.429079 76
2.32743 0.0562 0.432625 77
2.3353 0.0896 0.434087 63
2.35447 0.1239 0.43765 60
2.40353 0.1608 0.44677 35
2.3642 -0.2004 0.43946 45
2.32252 -0.1636 0.431711 54
2.31082 -0.1298 0.429536 70
2.29469 -0.0962 0.426539 72
2.28791 -0.0634 0.425278 76
2.30617 0.0242 0.429922 76
2.32622 0.0574 0.43366 70
2.3331 0.0908 0.434943 68
2.36397 0.1257 0.440698 52
2.42974 0.1638 0.452958 39
2.36594 -0.1997 0.441064 35
2.32829 -0.1632 0.434045 60
2.31561 -0.1293 0.431681 67
2.30332 -0.0958 0.42939 72
2.29073 -0.0627 0.427044 86
