1.89032 0.0167 -0.265668 100
1.90082 0.0436 -0.267143 50
1.91191 0.0708 -0.268701 50
1.91221 -0.0877 -0.268743 34
1.9024 -0.0604 -0.267365 47
1.8931 -0.0334 -0.266057 49
1.8503 0.0251 -0.232107 100
1.86171 0.0514 -0.233538 100
1.87471 0.0781 -0.235169 100
1.88532 0.1051 -0.236501 100
1.91638 0.1339 -0.240396 46
1.92104 -0.1515 -0.240981 35
1.88731 -0.1222 -0.236749 100
1.8759 -0.095 -0.235318 100
1.86419 -0.0682 -0.233849 100
1.85695 -0.0418 -0.232941 100
1.85096 0.0091 -0.220059 100
1.85365 0.0351 -0.220378 100
1.86387 0.0615 -0.221594 100
1.87768 0.0883 -0.223235 100
1.88721 0.1153 -0.224368 100
1.91809 0.1442 -0.22804 1
1.92514 -0.157 -0.228878 1
1.89436 -0.1278 -0.225218 51
1.88602 -0.1007 -0.224226 100
1.87043 -0.0735 -0.222373 100
1.86228 -0.0471 -0.221405 100
1.82313 0.0122 -0.199344 100
1.82671 0.0378 -0.199735 100
1.83397 0.0637 -0.200528 100
1.84481 0.0899 -0.201713 100
1.85832 0.1167 -0.203191 100
1.87035 0.1438 -0.204507 100
1.9127 0.174 -0.209137 52
1.91936 -0.1784 -0.209865 1
1.88099 -0.1483 -0.20567 51
1.86996 -0.1211 -0.204463 100
1.85156 -0.0938 -0.202452 100
1.84083 -0.0675 -0.201278 100
1.83357 -0.0415 -0.200485 100
1.82185 0.0077 -0.182808 100
1.82752 0.0333 -0.183378 100
1.83777 0.0593 -0.184406 100
1.84971 0.0857 -0.185604 100
1.86722 0.1127 -0.187361 100
1.87936 0.14 -0.188579 100
1.91986 0.1701 -0.192643 46
1.93011 -0.1887 -0.193671 29
1.88304 -0.1575 -0.188949 52
1.86911 -0.13 -0.187551 100
1.84991 -0.1026 -0.185624 100
1.83717 -0.0761 -0.184346 100
1.82812 -0.05 -0.183437 100
1.81037 0.0168 -0.128181 100
1.81296 0.0422 -0.128365 100
1.81915 0.0678 -0.128802 100
1.82703 0.0938 -0.12936 100
1.84448 0.1206 -0.130596 100
1.86942 0.1485 -0.132362 100
1.88608 0.1764 -0.133542 100
1.93994 0.2089 -0.137355 36
1.92718 -0.2249 -0.136451 1
1.88249 -0.193 -0.133287 50
1.86902 -0.1653 -0.132334 100
1.84229 -0.1369 -0.130441 100
1.82713 -0.1101 -0.129367 100
1.82054 -0.0842 -0.128901 100
1.81555 -0.0585 -0.128548 100
1.81316 -0.033 -0.128379 100
1.80945 0.0215 -0.140501 100
1.81494 0.0471 -0.140926 100
1.82301 0.0729 -0.141553 100
1.83577 0.0992 -0.142544 100
1.85212 0.1261 -0.143814 100
1.86509 0.1533 -0.14482 100
1.90347 0.1834 -0.147801 100
1.89978 -0.2005 -0.147514 47
1.8597 -0.17 -0.144402 100
1.84694 -0.1427 -0.143411 100
1.83288 -0.1158 -0.14232 100
1.82132 -0.0895 -0.141422 100
1.81344 -0.0636 -0.14081 100
1.81015 -0.0381 -0.140555 100
1.78613 0.0062 -0.117695 100
1.78882 0.0313 -0.117873 100
1.79521 0.0565 -0.118293 100
1.80519 0.0821 -0.118951 100
1.81486 0.108 -0.119589 100
1.82814 0.1345 -0.120463 100
1.84101 0.1614 -0.121311 100
1.88222 0.1916 -0.124027 100
1.94279 0.2252 -0.128018 47
1.91106 -0.2385 -0.125927 1
1.86955 -0.2068 -0.123192 100
1.85637 -0.1791 -0.122324 100
1.83382 -0.1511 -0.120838 100
1.81686 -0.1241 -0.11972 100
1.80638 -0.098 -0.11903 100
1.7976 -0.0723 -0.118451 100
1.79151 -0.047 -0.11805 100
1.78756 0.0184 -0.109332 100
1.79215 0.0435 -0.109613 100
1.79535 0.0687 -0.109808 100
1.80313 0.0942 -0.110284 100
1.8186 0.1205 -0.11123 100
1.83866 0.1477 -0.112458 100
1.85234 0.1748 -0.113294 100
1.89536 0.2056 -0.115925 100
1.95475 0.2397 -0.119557 42
1.89745 -0.2142 -0.116053 48
1.85453 -0.1832 -0.113428 100
1.84196 -0.156 -0.112659 100
1.8221 -0.1287 -0.111444 100
1.80672 -0.1023 -0.110504 100
1.79804 -0.0766 -0.109973 100
1.79295 -0.0513 -0.109661 100
1.78946 -0.0262 -0.109448 100
1.78173 0.0075 -0.0899468 100
1.78343 0.0324 -0.0900325 100
1.78782 0.0575 -0.0902544 100
1.79182 0.0827 -0.0904561 100
1.80041 0.1083 -0.0908897 100
1.81968 0.135 -0.0918627 100
1.82857 0.1614 -0.0923115 100
1.86293 0.1907 -0.0940459 100
1.92755 0.2245 -0.097308 100
1.90457 -0.2394 -0.0961483 40
1.85514 -0.2069 -0.0936526 100
1.83996 -0.1793 -0.0928862 100
1.82038 -0.1517 -0.091898 100
1.8064 -0.1251 -0.0911922 100
1.79501 -0.0992 -0.0906174 100
1.78722 -0.0737 -0.0902241 100
1.78303 -0.0486 -0.0900124 100
1.78126 0.0037 -0.078706 100
1.78306 0.0287 -0.0787855 100
1.78446 0.0537 -0.0788473 100
1.78855 0.0789 -0.0790283 100
1.79825 0.1045 -0.0794565 100
1.81353 0.1309 -0.0801318 100
1.82042 0.1571 -0.0804364 100
1.8439 0.1851 -0.0814738 100
1.88986 0.2165 -0.0835043 100
1.93511 0.2491 -0.085504 48
1.89535 -0.2211 -0.0837471 47
1.85149 -0.1898 -0.0818093 100
1.83901 -0.1625 -0.0812575 100
1.81823 -0.1351 -0.0803393 100
1.80594 -0.1088 -0.0797964 100
1.79435 -0.0829 -0.0792843 100
1.78636 -0.0575 -0.0789312 100
1.78396 -0.0324 -0.0788252 100
1.76705 0.0025 -0.0580015 100
1.76785 0.0271 -0.0580278 100
1.77125 0.0518 -0.0581393 100
1.78034 0.0769 -0.0584379 100
1.78914 0.1023 -0.0587266 100
1.79853 0.128 -0.0590349 100
1.81342 0.1545 -0.0595238 100
1.82502 0.1811 -0.0599043 100
1.8611 0.2109 -0.0610886 100
1.91847 0.2445 -0.0629717 100
1.90128 -0.245 -0.0624074 1
1.8578 -0.2132 -0.0609804 100
1.84371 -0.1855 -0.0605178 100
1.81822 -0.1574 -0.0596812 100
1.80033 -0.1306 -0.059094 100
1.78894 -0.1048 -0.05872 100
1.78124 -0.0795 -0.0584674 100
1.77424 -0.0544 -0.0582378 100
1.76885 -0.0296 -0.0580606 100
1.76832 0.0238 -0.0413639 100
1.77282 0.0486 -0.0414691 100
1.78201 0.0737 -0.0416843 100
1.79381 0.0993 -0.0419602 100
1.80721 0.1253 -0.0422736 100
1.8222 0.1519 -0.0426244 100
1.8418 0.1795 -0.0430827 100
1.85499 0.2069 -0.0433914 100
1.89858 0.2386 -0.044411 1
1.89728 -0.2559 -0.0443806 37
1.85109 -0.2235 -0.0433002 100
1.8361 -0.1957 -0.0429494 100
1.8148 -0.1679 -0.0424513 100
1.79801 -0.1411 -0.0420584 100
1.78581 -0.1151 -0.0417731 100
1.77721 -0.0897 -0.041572 100
1.77032 -0.0646 -0.0414107 100
1.76812 -0.0398 -0.0413592 100
1.76089 0.0098 -0.0193628 100
1.76359 0.0345 -0.0193925 100
1.76789 0.0592 -0.0194398 100
1.77389 0.0842 -0.0195058 100
1.78449 0.1097 -0.0196223 100
1.79879 0.1358 -0.0197795 100
1.81659 0.1627 -0.0199753 100
1.82909 0.1896 -0.0201127 100
1.87099 0.2203 -0.0205734 100
1.93408 0.2552 -0.0212672 100
1.90578 -0.2636 -0.020956 38
1.85569 -0.2304 -0.0204052 100
1.83979 -0.2024 -0.0202303 100
1.81659 -0.1742 -0.0199753 100
1.79789 -0.1471 -0.0197696 100
1.78479 -0.121 -0.0196256 100
1.77429 -0.0954 -0.0195102 100
1.76749 -0.0703 -0.0194354 100
1.76329 -0.0455 -0.0193892 100
1.762 0.0061 -0.00246022 100
1.7647 0.0308 -0.00246399 100
1.7711 0.0556 -0.00247292 100
1.7802 0.0808 -0.00248563 100
1.7879 0.1061 -0.00249638 100
1.7992 0.132 -0.00251216 100
1.8181 0.1589 -0.00253855 100
1.8445 0.1872 -0.00257541 100
1.8576 0.2148 -0.0025937 100
1.904 0.2471 -0.00265848 1
1.901 -0.2697 -0.0026543 40
1.852 -0.2364 -0.00258588 100
1.8382 -0.2086 -0.00256661 100
1.8131 -0.1802 -0.00253156 100
1.7955 -0.1532 -0.00250699 100
1.7825 -0.127 -0.00248884 100
1.7721 -0.1015 -0.00247432 100
1.7663 -0.0764 -0.00246622 100
1.7642 -0.0517 -0.00246329 100
1.7628 -0.0271 -0.00246133 100
1.75777 0.0172 0.0211695 100
1.76037 0.0418 0.0212008 100
1.76357 0.0665 0.0212393 100
1.76947 0.0914 0.0213104 100
1.78007 0.1169 0.021438 100
1.79317 0.1429 0.0215958 100
1.80797 0.1695 0.021774 100
1.81837 0.1961 0.0218993 100
1.85017 0.2257 0.0222822 100
1.90036 0.2587 0.0228867 100
1.92496 -0.2628 0.023183 32
1.86796 -0.2285 0.0224966 100
1.82717 -0.1977 0.0220052 100
1.81487 -0.1708 0.0218571 100
1.79617 -0.1438 0.0216319 100
1.78197 -0.1176 0.0214609 100
1.77247 -0.0922 0.0213465 100
1.76457 -0.0671 0.0212514 100
1.76037 -0.0424 0.0212008 100
1.75671 0.0123 0.0318903 100
1.76131 0.0369 0.0319738 100
1.76561 0.0616 0.0320518 100
1.77261 0.0866 0.0321789 100
1.78121 0.112 0.032335 100
1.7924 0.1378 0.0325383 100
1.8112 0.1647 0.0328795 100
1.8366 0.1929 0.0333405 100
1.8506 0.2205 0.0335946 100
1.90189 0.2536 0.0345257 100
1.89139 -0.2636 0.0343352 40
1.8453 -0.231 0.0334984 100
1.8295 -0.2031 0.0332117 100
1.8082 -0.1753 0.032825 100
1.7936 -0.1486 0.0325601 100
1.77951 -0.1225 0.0323041 100
1.76801 -0.0969 0.0320954 100
1.76121 -0.0719 0.031972 100
1.75911 -0.0473 0.0319339 100
1.75449 0.0006 0.042266 100
1.75529 0.0252 0.0422853 100
1.75879 0.0498 0.0423696 100
1.76489 0.0747 0.0425165 100
1.77469 0.1 0.0427525 100
1.78408 0.1255 0.0429789 100
1.79708 0.1517 0.043292 100
1.81567 0.1789 0.0437399 100
1.83087 0.2063 0.044106 100
1.87646 0.238 0.0452042 100
1.93034 0.2723 0.0465023 50
1.92824 -0.2865 0.0464517 31
1.87266 -0.2515 0.0451127 100
1.82537 -0.2192 0.0439735 100
1.81137 -0.1919 0.0436364 100
1.79398 -0.1647 0.0432173 100
1.78008 -0.1384 0.0428826 100
1.76989 -0.1127 0.0426369 100
1.76229 -0.0875 0.0424539 100
1.75839 -0.0627 0.04236 100
1.75509 -0.038 0.0422805 100
1.75292 0.0104 0.0615197 100
1.75462 0.0349 0.0615793 100
1.75792 0.0596 0.061695 100
1.76192 0.0844 0.0618353 100
1.76951 0.1096 0.0621019 100
1.7808 0.1353 0.0624982 100
1.7927 0.1614 0.0629156 100
1.81208 0.1887 0.063596 100
1.83907 0.2175 0.064543 100
1.85366 0.2456 0.0650551 100
1.90053 0.2789 0.0667001 1
1.89233 -0.2507 0.0664125 50
1.84496 -0.2182 0.06475 100
1.81408 -0.1889 0.0636662 100
1.80559 -0.1626 0.0633681 100
1.7878 -0.1358 0.0627437 100
1.77451 -0.1099 0.0622773 100
1.76591 -0.0846 0.0619756 100
1.75992 -0.0597 0.0617652 100
1.75562 -0.035 0.0616144 100
1.74654 0 0.0927549 100
1.74834 0.0244 0.0928504 100
1.75383 0.0489 0.0931421 100
1.75902 0.0737 0.0934178 100
1.76671 0.0987 0.0938262 100
1.7772 0.1242 0.094383 100
1.78818 0.15 0.0949664 100
1.80486 0.1768 0.0958521 100
1.81414 0.2033 0.0963453 100
1.8438 0.2327 0.0979204 100
1.89673 0.2663 0.100731 100
1.9183 -0.271 0.101877 26
1.86238 -0.2367 0.0989068 100
1.82383 -0.206 0.0968597 100
1.81265 -0.1792 0.0962657 100
1.79307 -0.152 0.0952263 100
1.77809 -0.1258 0.0944308 100
1.76671 -0.1002 0.0938262 100
1.75892 -0.0752 0.0934125 100
1.75483 -0.0505 0.0931951 100
1.75033 -0.0259 0.0929564 100
1.74576 0.0098 0.106469 100
1.75444 0.0344 0.106999 100
1.75873 0.0591 0.107261 100
1.76672 0.0842 0.107748 100
1.7763 0.1096 0.108332 100
1.78957 0.1356 0.109142 100
1.80834 0.1625 0.110286 100
1.8307 0.1904 0.11165 100
1.84377 0.2179 0.112447 100
1.88809 0.25 0.11515 100
1.94079 -0.3041 0.118364 100
1.8835 -0.2682 0.11487 100
1.83759 -0.2354 0.11207 100
1.80794 -0.206 0.110262 100
1.79976 -0.1795 0.109763 100
1.78419 -0.1528 0.108813 100
1.77021 -0.1266 0.107961 100
1.76183 -0.1013 0.107449 100
1.75704 -0.0763 0.107157 100
1.75194 -0.0515 0.106847 100
1.74655 -0.0269 0.106518 100
1.7467 0.0189 0.121222 100
1.75328 0.0435 0.121679 100
1.75847 0.0682 0.122039 100
1.76625 0.0933 0.122579 100
1.77673 0.1187 0.123306 100
1.79089 0.1448 0.124289 100
1.80855 0.1717 0.125515 100
1.83179 0.1997 0.127128 100
1.84955 0.2279 0.12836 100
1.90552 0.2618 0.132244 100
1.89125 -0.2703 0.131254 43
1.84337 -0.2372 0.127931 100
1.8297 -0.2095 0.126982 100
1.80655 -0.1813 0.125376 100
1.79009 -0.1545 0.124234 100
1.77713 -0.1284 0.123334 100
1.76575 -0.1028 0.122544 100
1.75807 -0.0777 0.122011 100
1.75199 -0.0529 0.121589 100
1.7476 -0.0284 0.121284 100
1.74465 0.0131 0.136694 100
1.75422 0.0377 0.137444 100
1.75951 0.0625 0.137858 100
1.76738 0.0875 0.138475 100
1.77596 0.1128 0.139147 100
1.78912 0.1388 0.140178 100
1.80886 0.1658 0.141725 100
1.83218 0.1938 0.143553 100
1.84913 0.2218 0.14488 100
1.90117 0.255 0.148958 100
1.93397 -0.3067 0.151528 1
1.88871 -0.2725 0.147981 100
1.83896 -0.2392 0.144084 100
1.80447 -0.2091 0.141381 100
1.7943 -0.1825 0.140584 100
1.77975 -0.1559 0.139444 100
1.76778 -0.13 0.138507 100
1.75951 -0.1047 0.137858 100
1.75283 -0.0797 0.137335 100
1.74874 -0.055 0.137015 100
1.74535 -0.0305 0.136749 100
1.75107 0.016 0.165833 100
1.75365 0.0406 0.166078 100
1.75893 0.0655 0.166578 100
1.7658 0.0906 0.167228 100
1.77625 0.1161 0.168218 100
1.7884 0.1422 0.169368 100
1.80502 0.169 0.170943 100
1.82822 0.1971 0.17314 100
1.84315 0.225 0.174554 100
1.89114 0.2578 0.179098 100
1.89562 -0.2615 0.179522 44
1.84375 -0.228 0.17461 100
1.82792 -0.2 0.173111 100
1.80582 -0.172 0.171018 100
1.78919 -0.1451 0.169444 100
1.77705 -0.119 0.168293 100
1.76759 -0.0935 0.167398 100
1.75783 -0.0682 0.166474 100
1.75266 -0.0434 0.165984 100
1.74859 0.0037 0.181625 100
1.75038 0.0283 0.181811 100
1.75476 0.053 0.182265 100
1.76282 0.078 0.183102 100
1.77346 0.1035 0.184208 100
1.7847 0.1293 0.185375 100
1.79862 0.1557 0.186822 100
1.81901 0.1833 0.188939 100
1.83513 0.211 0.190613 100
1.88327 0.2433 0.195613 100
1.93787 0.2781 0.201285 1
1.93688 -0.2918 0.201182 100
1.87372 -0.2555 0.194622 100
1.82568 -0.2229 0.189632 100
1.81185 -0.1954 0.188196 100
1.79256 -0.1679 0.186191 100
1.78082 -0.1416 0.184972 100
1.77067 -0.1158 0.183918 100
1.76023 -0.0903 0.182834 100
1.75337 -0.0653 0.182121 100
1.74909 -0.0405 0.181677 100
1.75579 0.0163 0.197874 100
1.75837 0.0411 0.198165 100
1.76264 0.0659 0.198647 100
1.7695 0.0911 0.199419 100
1.78093 0.1168 0.200707 100
1.79494 0.143 0.202286 100
1.80865 0.1697 0.203832 100
1.81899 0.1964 0.204996 100
1.85257 0.2264 0.208782 100
1.89649 0.2589 0.213731 100
1.9112 -0.2619 0.215389 40
1.86032 -0.2284 0.209655 100
1.82187 -0.1977 0.205321 100
1.80954 -0.1707 0.203932 100
1.77705 -0.1425 0.20027 100
1.76801 -0.1168 0.199251 100
1.76056 -0.0668 0.198411 100
1.75539 -0.0419 0.197829 100
1.7527 0.0145 0.215515 100
1.76034 0.0393 0.216455 100
1.7665 0.0643 0.217211 100
1.77444 0.0896 0.218188 100
1.78585 0.1154 0.219591 100
1.80292 0.142 0.22169 100
1.82545 0.1697 0.224461 100
1.83875 0.197 0.226096 100
1.88312 0.2286 0.231551 100
1.94267 0.2637 0.238874 49
1.89572 -0.277 0.233101 43
1.84431 -0.243 0.22678 100
1.82773 -0.2147 0.224741 100
1.80689 -0.1866 0.222179 100
1.79151 -0.1595 0.220287 100
1.7787 -0.1332 0.218713 100
1.76749 -0.1074 0.217333 100
1.75885 -0.082 0.216272 100
1.75488 -0.0571 0.215783 100
1.75349 -0.0324 0.215613 100
1.7567 0.0192 0.231586 100
1.76424 0.0441 0.232579 100
1.77038 0.0691 0.23339 100
1.77812 0.0945 0.234409 100
1.79051 0.1204 0.236043 100
1.80449 0.1469 0.237886 100
1.82402 0.1743 0.24046 100
1.8372 0.2016 0.242199 100
1.88241 0.2334 0.248159 100
1.9419 0.2686 0.256001 46
1.90462 -0.2699 0.251086 1
1.85902 -0.2368 0.245074 100
1.84533 -0.2087 0.24327 100
1.82144 -0.1801 0.240121 100
1.79804 -0.1523 0.237036 100
1.78119 -0.1257 0.234814 100
1.77385 -0.1002 0.233847 100
1.7681 -0.0749 0.233089 100
1.76007 -0.0498 0.23203 100
1.75561 -0.025 0.231442 100
1.75784 0.0111 0.238919 100
1.76141 0.036 0.239404 100
1.76775 0.061 0.240266 100
1.77359 0.0863 0.24106 100
1.7841 0.112 0.242488 100
1.79817 0.1383 0.2444 100
1.81491 0.1653 0.246676 100
1.82819 0.1926 0.248481 100
1.8706 0.2237 0.254245 100
1.91648 0.2566 0.260481 100
1.90082 -0.261 0.258353 36
1.84821 -0.2273 0.251201 100
1.83245 -0.1992 0.24906 100
1.80936 -0.171 0.245922 100
1.79282 -0.1439 0.243673 100
1.77974 -0.1177 0.241895 100
1.76834 -0.0919 0.240346 100
1.7615 -0.0667 0.239417 100
1.75833 -0.0418 0.238986 100
1.76594 0.0037 0.253217 100
1.76812 0.0536 0.253529 100
1.77316 0.0788 0.254253 100
1.78277 0.1044 0.25563 100
1.79494 0.1305 0.257376 100
1.8088 0.1572 0.259363 100
1.82909 0.185 0.262273 100
1.84305 0.2127 0.264274 100
1.8871 0.2447 0.27059 100
1.89729 -0.2726 0.272052 41
1.84295 -0.2384 0.26426 100
1.82642 -0.2101 0.26189 100
1.80454 -0.1818 0.258753 100
1.79009 -0.1549 0.25668 100
1.78019 -0.1288 0.255261 100
1.77188 -0.1032 0.254069 100
1.76821 -0.0779 0.253544 100
1.76614 -0.0529 0.253246 100
1.76574 -0.028 0.253189 100
1.76278 0.0202 0.260305 100
1.76921 0.0453 0.261255 100
1.77535 0.0705 0.262161 100
1.78504 0.0961 0.263592 100
1.79939 0.1224 0.26571 100
1.81719 0.1494 0.26834 100
1.8258 0.176 0.269611 100
1.85667 0.2055 0.274169 100
1.91256 0.239 0.282422 100
1.95609 -0.2866 0.28885 100
1.87942 -0.2484 0.277529 100
1.83362 -0.216 0.270765 100
1.81868 -0.1883 0.268559 100
1.80137 -0.1609 0.266003 100
1.7886 -0.1343 0.264118 100
1.77743 -0.1083 0.262467 100
1.76991 -0.0828 0.261357 100
1.76595 -0.0576 0.260773 100
1.76457 -0.0327 0.260568 100
1.76697 0.0037 0.286187 100
1.76875 0.0288 0.286475 100
1.77211 0.0539 0.287019 100
1.78109 0.0793 0.288474 100
1.79264 0.1053 0.290344 100
1.80478 0.1316 0.292311 100
1.82344 0.1589 0.295333 100
1.84851 0.1874 0.299394 100
1.86144 0.2153 0.301488 100
1.9034 0.2475 0.308283 1
1.903 -0.2502 0.308219 34
1.85532 -0.2173 0.300497 100
1.82275 -0.1874 0.295221 100
1.81337 -0.1606 0.293702 100
1.79866 -0.1337 0.29132 100
1.78652 -0.1074 0.289353 100
1.77596 -0.0816 0.287642 100
1.77003 -0.0563 0.286683 100
1.76668 -0.0312 0.286139 100
1.76829 0.0016 0.29052 100
1.77106 0.0267 0.290974 100
1.7755 0.0519 0.291703 100
1.78438 0.0774 0.293163 100
1.79504 0.1034 0.294913 100
1.80915 0.1299 0.297232 100
1.82977 0.1575 0.30062 100
1.85691 0.1863 0.305078 100
1.87477 0.215 0.308013 100
1.93131 0.2492 0.317302 1
1.90911 -0.2594 0.313655 32
1.85375 -0.2252 0.30456 100
1.835 -0.1966 0.301479 100
1.81398 -0.1684 0.298026 100
1.7974 -0.1412 0.295303 100
1.78546 -0.1149 0.293341 100
1.775 -0.089 0.291622 100
1.77017 -0.0636 0.290828 100
1.76889 -0.0385 0.290617 100
1.77515 0.0126 0.32132 100
1.78755 0.038 0.323564 100
1.79277 0.0636 0.324508 100
1.80251 0.0895 0.326272 100
1.81884 0.1162 0.329228 100
1.83075 0.143 0.331383 100
1.87178 0.1729 0.338811 100
1.92207 0.2051 0.347913 100
1.90681 -0.2734 0.345152 1
1.86057 -0.2399 0.33678 52
1.84708 -0.2116 0.33434 100
1.82534 -0.183 0.330404 100
1.80999 -0.1556 0.327625 100
1.79631 -0.1288 0.325149 100
1.78608 -0.1026 0.323297 100
1.7785 -0.0769 0.321926 100
1.7725 -0.0515 0.320839 100
1.77102 -0.0264 0.320572 100
1.77719 0.0016 0.337732 100
1.78191 0.0269 0.338628 100
1.78721 0.0525 0.339636 100
1.79714 0.0784 0.341522 100
1.80961 0.1047 0.343893 100
1.82366 0.1316 0.346563 100
1.83643 0.1588 0.34899 100
1.87799 0.1893 0.356887 100
1.93477 0.2229 0.367678 45
1.91385 -0.2575 0.363701 34
1.86257 -0.2236 0.353956 100
1.82337 -0.1927 0.346507 100
1.81119 -0.1654 0.344192 100
1.79566 -0.1382 0.341242 100
1.78663 -0.112 0.339524 100
1.78014 -0.0862 0.338292 100
1.77425 -0.0606 0.337172 100
1.77002 -0.0353 0.336369 100
1.78668 0.0054 0.357014 100
1.79815 0.031 0.359306 100
1.80933 0.057 0.36154 100
1.8211 0.0833 0.363892 100
1.83944 0.1104 0.367556 100
1.8514 0.1376 0.369946 100
1.89033 0.1676 0.377725 100
1.94593 -0.2794 0.388836 100
1.87278 -0.2418 0.374218 51
1.83296 -0.2102 0.366263 100
1.821 -0.1826 0.363872 100
1.80678 -0.1553 0.361031 100
1.796 -0.1286 0.358875 100
1.78776 -0.1025 0.357229 100
1.78511 -0.0769 0.3567 100
1.78501 -0.0515 0.356681 100
1.7855 -0.026 0.356779 100
1.7892 0.0083 0.354596 100
1.80558 0.0341 0.357842 100
1.8147 0.0601 0.35965 100
1.82746 0.0866 0.362178 100
1.84688 0.1404 0.366027 100
1.86042 0.1681 0.36871 100
1.90475 0.1995 0.377497 100
1.9279 -0.2562 0.382085 1
1.88052 -0.2227 0.372695 44
1.84246 -0.1916 0.365152 100
1.83216 -0.1642 0.363111 100
1.81372 -0.1365 0.359456 100
1.79185 -0.1093 0.355121 100
1.78832 -0.0835 0.354421 100
1.78636 -0.0579 0.354032 100
1.78596 -0.0324 0.353954 100
1.7978 0.0231 0.381807 100
1.81091 0.0492 0.384591 100
1.8248 0.0756 0.387541 100
1.84212 0.1027 0.391218 100
1.8561 0.1301 0.394189 100
1.89709 0.1603 0.402893 100
1.89562 -0.2341 0.402581 40
1.85297 -0.202 0.393524 100
1.83996 -0.174 0.390761 100
1.82558 -0.1464 0.387707 100
1.81375 -0.1194 0.385193 100
1.80641 -0.093 0.383635 100
1.80064 -0.0669 0.38241 100
1.79643 -0.0411 0.381516 100
1.79895 0.0093 0.391247 100
1.81331 0.0353 0.394371 100
1.8224 0.0616 0.396348 100
1.83793 0.0884 0.399727 100
1.86002 0.1162 0.404529 100
1.8777 0.1442 0.408376 100
1.92715 0.1758 0.41913 1
1.91669 -0.2302 0.416856 23
1.86715 -0.1972 0.406081 100
1.83569 -0.1674 0.399238 100
1.82601 -0.1403 0.397134 100
1.81311 -0.1132 0.394329 100
1.80579 -0.0869 0.392735 100
1.79895 -0.0608 0.391247 100
1.79377 -0.0349 0.390121 100
1.81484 0.0143 0.415986 100
1.82429 0.0405 0.418153 100
1.83716 0.0671 0.421102 100
1.84388 0.0938 0.422644 100
1.86377 0.1215 0.427202 100
1.91543 0.1525 0.439043 47
1.88638 -0.2128 0.432385 40
1.85032 -0.182 0.424119 100
1.83998 -0.1544 0.42175 100
1.82439 -0.1269 0.418176 100
1.81425 -0.1001 0.415852 100
1.81055 -0.0739 0.415003 100
1.80752 -0.0479 0.414311 100
1.82867 0.0052 0.423191 100
1.84299 0.0317 0.426505 100
1.85994 0.0586 0.430428 100
1.87456 0.086 0.43381 100
1.91889 0.1156 0.444068 48
1.93399 -0.252 0.447563 1
1.88489 -0.2183 0.4362 45
1.84894 -0.1873 0.42788 100
1.83773 -0.1596 0.425287 100
1.82507 -0.1322 0.422356 100
1.81601 -0.1055 0.42026 100
1.81045 -0.0791 0.418975 100
1.80841 -0.0531 0.418501 100
1.80997 -0.0272 0.418862 100
1.83137 0.0086 0.44644 100
1.84079 0.035 0.448737 100
1.85372 0.0619 0.451887 100
1.86139 0.0889 0.453758 100
1.89112 0.1175 0.461005 100
1.93678 0.1482 0.472137 1
1.88675 -0.1764 0.45994 40
1.85896 -0.147 0.453166 100
1.85002 -0.1196 0.450987 100
1.83594 -0.0923 0.447553 100
1.82933 -0.0657 0.445943 100
1.8271 -0.0393 0.445398 100
1.83459 0.0053 0.458435 100
1.84497 0.0319 0.461029 100
1.85603 0.0588 0.463793 100
1.86961 0.0862 0.467187 100
1.90793 0.1155 0.476763 48
1.93384 -0.2166 0.483236 49
1.87961 -0.1832 0.469684 52
1.84992 -0.1534 0.462265 100
1.84216 -0.1261 0.460326 100
1.8311 -0.0989 0.457562 100
1.82547 -0.0723 0.456156 100
1.82528 -0.046 0.456108 100
1.82999 0.0132 0.46034 100
1.83833 0.0397 0.462438 100
1.85404 0.0667 0.46639 100
1.86849 0.0942 0.470025 100
1.91155 0.1239 0.480857 42
1.89972 -0.1892 0.477881 40
1.86345 -0.1585 0.468757 100
1.85084 -0.1307 0.465585 100
1.83891 -0.1033 0.462585 100
1.8295 -0.0764 0.460218 100
1.82446 -0.0499 0.45895 100
1.82749 0.0053 0.462085 100
1.83495 0.0318 0.463973 100
1.846 0.0586 0.466768 100
1.85958 0.0859 0.4702 100
1.87373 0.1136 0.473779 100
1.91455 0.1438 0.484099 1
1.93781 -0.2019 0.489982 1
1.88536 -0.169 0.47672 43
1.85453 -0.1393 0.468925 100
1.84561 -0.1119 0.46667 100
1.8334 -0.0847 0.463581 100
1.82564 -0.0579 0.46162 100
1.82332 -0.0316 0.461031 100
1.82724 0.0125 0.458971 100
1.84722 0.0392 0.463989 100
1.85624 0.0662 0.466255 100
1.88708 0.0945 0.474002 100
1.94275 0.1254 0.487985 27
1.89193 -0.2003 0.47522 41
1.85682 -0.1696 0.466401 100
1.84538 -0.1418 0.463526 100
1.83257 -0.1143 0.460311 100
1.82627 -0.0875 0.458727 100
1.82336 -0.0611 0.457996 100
1.82404 -0.0348 0.458167 100
1.82682 0.021 0.460222 100
1.84864 0.0479 0.465718 100
1.86134 0.0751 0.468919 100
1.87375 0.1026 0.472046 100
1.90895 0.1321 0.480913 1
1.90178 -0.1968 0.479106 1
1.86464 -0.1659 0.469749 48
1.85213 -0.1379 0.466598 100
1.84127 -0.1105 0.463862 100
1.83293 -0.0835 0.461761 100
1.82508 -0.0569 0.459782 100
1.82381 -0.0305 0.459464 100
