0.944991 0.0096 -0.267049 29
0.950765 -0.0449 -0.268681 16
0.945473 -0.0309 -0.267185 27
0.943933 -0.0171 -0.26675 100
0.948354 0.0122 -0.254465 29
0.968443 0.0264 -0.259856 13
0.98351 -0.0592 -0.263899 14
0.952314 -0.0436 -0.255528 17
0.949996 -0.0297 -0.254906 22
0.950285 -0.016 -0.254984 49
0.888703 0.0103 -0.229669 43
0.891414 0.0231 -0.230369 47
0.901677 0.0364 -0.233022 40
0.909809 0.0498 -0.235123 38
0.931206 0.0645 -0.240653 26
0.948343 -0.0833 -0.245082 17
0.91649 -0.0672 -0.23685 40
0.899934 -0.053 -0.232571 45
0.893737 -0.0397 -0.23097 40
0.892285 -0.0268 -0.230594 43
0.891607 -0.014 -0.230419 48
0.889954 0.0042 -0.221066 45
0.892672 0.017 -0.221741 47
0.900145 0.0301 -0.223597 44
0.906453 0.0434 -0.225164 40
0.927125 0.0577 -0.230299 31
0.927707 -0.0769 -0.230444 31
0.908297 -0.0622 -0.225622 40
0.90228 -0.0487 -0.224127 44
0.895098 -0.0354 -0.222344 40
0.892575 -0.0225 -0.221717 39
0.861266 0.0091 -0.207885 100
0.862919 0.0215 -0.208284 100
0.866516 0.034 -0.209152 100
0.874681 0.0468 -0.211123 100
0.879736 0.0597 -0.212343 51
0.896359 0.0737 -0.216355 47
0.920369 0.089 -0.222151 37
0.930673 0.1034 -0.224638 21
0.934173 -0.1241 -0.225482 15
0.900053 -0.1065 -0.217247 38
0.886929 -0.0921 -0.214079 46
0.884208 -0.0791 -0.213422 50
0.872543 -0.0655 -0.210607 52
0.863697 -0.0524 -0.208472 100
0.860392 -0.0399 -0.207674 50
0.859905 -0.0275 -0.207556 100
0.859225 -0.0152 -0.207392 100
0.862456 0.0086 -0.19848 100
0.867134 0.0211 -0.199556 100
0.872591 0.0337 -0.200812 100
0.878828 0.0465 -0.202247 100
0.888768 0.0598 -0.204535 48
0.895688 0.0731 -0.206127 49
0.919856 0.0883 -0.211689 35
0.949579 0.1049 -0.218529 20
0.935059 -0.1284 -0.215188 18
0.916348 -0.1125 -0.210882 37
0.894518 -0.0969 -0.205858 43
0.879218 -0.0825 -0.202337 51
0.874443 -0.0695 -0.201238 51
0.867524 -0.0565 -0.199646 50
0.864308 -0.0439 -0.198906 100
0.861872 -0.0314 -0.198345 100
0.861287 -0.0191 -0.198211 100
0.840786 0.009 -0.185474 100
0.841469 0.0211 -0.185625 100
0.846059 0.0333 -0.186637 100
0.853285 0.0458 -0.188231 100
0.860414 0.0585 -0.189804 100
0.868226 0.0715 -0.191527 100
0.874964 0.0846 -0.193014 100
0.896057 0.0996 -0.197667 50
0.921739 0.1158 -0.203332 40
0.945566 -0.1573 -0.208588 16
0.9109 -0.1382 -0.200941 39
0.889514 -0.1219 -0.196223 43
0.869691 -0.1066 -0.19185 52
0.86432 -0.0934 -0.190666 100
0.856703 -0.0803 -0.188985 100
0.848988 -0.0673 -0.187284 100
0.844008 -0.0548 -0.186185 100
0.841664 -0.0426 -0.185668 100
0.840297 -0.0305 -0.185366 100
0.838637 -0.0184 -0.185 100
0.841734 0.0006 -0.176307 100
0.842615 0.0126 -0.176492 100
0.845257 0.0247 -0.177045 100
0.850738 0.037 -0.178193 100
0.857002 0.0495 -0.179505 100
0.864049 0.0623 -0.180982 100
0.870901 0.0752 -0.182417 100
0.876675 0.0883 -0.183626 100
0.895761 0.1032 -0.187624 50
0.921503 0.1194 -0.193016 41
0.919741 -0.1396 -0.192647 33
0.893412 -0.1226 -0.187132 43
0.876578 -0.1076 -0.183606 51
0.871097 -0.0944 -0.182458 100
0.86356 -0.0811 -0.180879 100
0.857688 -0.0683 -0.179649 100
0.850738 -0.0555 -0.178193 100
0.84653 -0.0432 -0.177312 100
0.844083 -0.031 -0.176799 100
0.842517 -0.0189 -0.176471 100
0.831182 0.0083 -0.168049 100
0.835887 0.0202 -0.169 100
0.837455 0.0322 -0.169317 100
0.840886 0.0443 -0.170011 100
0.845002 0.0566 -0.170843 100
0.851962 0.0693 -0.17225 100
0.859803 0.0823 -0.173835 100
0.86637 0.0953 -0.175163 100
0.888326 0.1106 -0.179602 100
0.912928 0.1269 -0.184576 45
0.92665 0.1422 -0.18735 33
0.937138 -0.1692 -0.189471 14
0.894893 -0.1484 -0.18093 40
0.874506 -0.1323 -0.176808 100
0.859803 -0.1176 -0.173835 100
0.856372 -0.1048 -0.173142 100
0.846081 -0.0913 -0.171061 100
0.839415 -0.0785 -0.169713 100
0.837455 -0.0663 -0.169317 100
0.836377 -0.0543 -0.169099 100
0.837063 -0.0423 -0.169238 100
0.836573 -0.0304 -0.169139 100
0.834907 -0.0184 -0.168802 100
0.832813 0.0043 -0.159772 100
0.831634 0.0161 -0.159545 100
0.83625 0.0281 -0.160431 100
0.839786 0.0402 -0.161109 100
0.844009 0.0524 -0.161919 100
0.850097 0.0649 -0.163088 100
0.85599 0.0776 -0.164218 100
0.864534 0.0908 -0.165857 100
0.875926 0.1046 -0.168043 100
0.883194 0.1182 -0.169437 100
0.905782 0.1344 -0.17377 44
0.950369 0.1548 -0.182324 25
0.921495 -0.1546 -0.176785 34
0.887613 -0.136 -0.170285 51
0.869936 -0.1207 -0.166893 100
0.865713 -0.1076 -0.166083 100
0.857267 -0.0942 -0.164463 100
0.848723 -0.0811 -0.162824 100
0.84391 -0.0685 -0.161901 100
0.842732 -0.0564 -0.161674 100
0.838607 -0.0441 -0.160883 100
0.833206 -0.032 -0.159847 100
0.82967 -0.0201 -0.159169 100
0.819158 0.0016 -0.145619 100
0.819059 0.0132 -0.145602 100
0.821717 0.0249 -0.146074 100
0.824277 0.0367 -0.146529 100
0.829594 0.0488 -0.147474 100
0.836683 0.0611 -0.148735 100
0.84259 0.0736 -0.149785 100
0.848399 0.0863 -0.150817 100
0.852042 0.0989 -0.151465 100
0.86622 0.113 -0.153985 100
0.886994 0.1285 -0.157678 100
0.896741 0.143 -0.159411 48
0.946166 0.1646 -0.168197 38
0.927853 -0.1774 -0.164942 1
0.905012 -0.1598 -0.160881 41
0.882859 -0.143 -0.156943 48
0.862282 -0.1271 -0.153285 100
0.857162 -0.114 -0.152375 100
0.847907 -0.1005 -0.15073 100
0.840326 -0.0876 -0.149382 100
0.8356 -0.0751 -0.148542 100
0.829692 -0.0627 -0.147492 100
0.826542 -0.0507 -0.146932 100
0.825163 -0.0388 -0.146687 100
0.823687 -0.027 -0.146424 100
0.822997 -0.0153 -0.146302 100
0.821178 0.0064 -0.145683 100
0.819996 0.018 -0.145473 100
0.820685 0.0297 -0.145595 100
0.824131 0.0415 -0.146207 100
0.830335 0.0536 -0.147307 100
0.835356 0.0659 -0.148198 100
0.840279 0.0782 -0.149071 100
0.847959 0.0911 -0.150434 100
0.860267 0.1048 -0.152617 100
0.865584 0.1179 -0.153561 100
0.888231 0.1338 -0.157578 100
0.915505 0.1512 -0.162417 44
0.931751 0.1675 -0.165299 1
0.925449 -0.1803 -0.164181 23
0.892858 -0.1608 -0.158399 44
0.871689 -0.1443 -0.154644 100
0.854163 -0.129 -0.151534 100
0.848944 -0.1159 -0.150609 100
0.842052 -0.0908 -0.149386 100
0.836341 -0.0782 -0.148373 100
0.829448 -0.0657 -0.14715 100
0.825411 -0.0536 -0.146434 100
0.824131 -0.0418 -0.146207 100
0.823639 -0.0301 -0.146119 100
0.82295 -0.0184 -0.145997 100
0.81378 0.0081 -0.135596 100
0.817529 0.0197 -0.136221 100
0.819107 0.0313 -0.136484 100
0.8196 0.0429 -0.136566 100
0.820883 0.0547 -0.13678 100
0.823053 0.0665 -0.137141 100
0.827886 0.0787 -0.137947 100
0.83558 0.0914 -0.139229 100
0.84209 0.1041 -0.140313 100
0.855407 0.1304 -0.142532 100
0.875036 0.1461 -0.145803 100
0.901077 0.1636 -0.150142 44
0.948128 0.186 -0.157982 30
0.923271 -0.1947 -0.15384 19
0.890917 -0.1748 -0.148449 45
0.870005 -0.1579 -0.144965 100
0.852645 -0.1424 -0.142072 100
0.847614 -0.1292 -0.141234 100
0.838638 -0.1158 -0.139738 100
0.829366 -0.1026 -0.138193 100
0.823842 -0.0901 -0.137273 100
0.819107 -0.0778 -0.136484 100
0.815161 -0.0659 -0.135826 100
0.813978 -0.0542 -0.135629 100
0.812695 -0.0426 -0.135415 100
0.811216 -0.031 -0.135169 100
0.813652 0.0081 -0.13018 100
0.814442 0.0196 -0.130307 100
0.817009 0.0312 -0.130717 100
0.820465 0.0429 -0.13127 100
0.821749 0.0546 -0.131476 100
0.823921 0.0665 -0.131823 100
0.829747 0.0788 -0.132755 100
0.837449 0.0915 -0.133988 100
0.845941 0.1045 -0.135346 100
0.855124 0.1179 -0.136816 100
0.867072 0.1321 -0.138727 100
0.874972 0.1459 -0.139991 51
0.899065 0.163 -0.143846 46
0.951005 0.1863 -0.152156 26
0.921875 -0.181 -0.147495 23
0.892252 -0.1621 -0.142756 46
0.871022 -0.1456 -0.139359 100
0.852359 -0.1301 -0.136373 100
0.846336 -0.117 -0.13541 100
0.837054 -0.1037 -0.133924 100
0.828562 -0.0908 -0.132566 100
0.822835 -0.0784 -0.13165 100
0.819873 -0.0665 -0.131176 100
0.816812 -0.0546 -0.130686 100
0.81454 -0.0429 -0.130322 100
0.814047 -0.0314 -0.130243 100
0.814442 -0.0199 -0.130307 100
0.799194 0.0011 -0.125579 100
0.800083 0.0125 -0.125719 100
0.801861 0.0238 -0.125998 100
0.804331 0.0353 -0.126386 100
0.807788 0.0469 -0.12693 100
0.811938 0.0587 -0.127582 100
0.815988 0.0706 -0.128218 100
0.819841 0.0826 -0.128823 100
0.826459 0.0951 -0.129863 100
0.834856 0.1081 -0.131183 100
0.845031 0.1216 -0.132782 100
0.852045 0.1349 -0.133884 100
0.872495 0.1509 -0.137097 100
0.893635 0.1676 -0.140419 100
0.929989 0.188 -0.146131 38
0.923864 -0.2033 -0.145169 7
0.8965 -0.1841 -0.140869 43
0.869827 -0.1658 -0.136678 50
0.85165 -0.1499 -0.133822 100
0.844834 -0.1364 -0.132751 100
0.835844 -0.1228 -0.131338 100
0.826756 -0.1096 -0.12991 100
0.819347 -0.0968 -0.128746 100
0.815691 -0.0847 -0.128171 100
0.812827 -0.0728 -0.127721 100
0.809764 -0.061 -0.12724 100
0.805615 -0.0492 -0.126588 100
0.803244 -0.0377 -0.126216 100
0.799787 -0.0262 -0.125672 100
0.798107 -0.0148 -0.125408 100
0.803048 0.0062 -0.11329 100
0.80285 0.0176 -0.113262 100
0.805524 0.029 -0.113639 100
0.81097 0.0407 -0.114407 100
0.813247 0.0523 -0.114729 100
0.815426 0.064 -0.115036 100
0.819386 0.076 -0.115595 100
0.82711 0.0885 -0.116684 100
0.835626 0.1013 -0.117886 100
0.843052 0.1143 -0.118933 100
0.849191 0.1274 -0.119799 100
0.868797 0.1429 -0.122565 100
0.892166 0.1597 -0.125862 100
0.91801 0.1777 -0.129508 45
0.962074 0.2004 -0.135724 27
0.921178 -0.1973 -0.129955 32
0.889789 -0.1775 -0.125527 44
0.864935 -0.1599 -0.122021 100
0.847508 -0.1443 -0.119562 100
0.842557 -0.1313 -0.118864 100
0.835527 -0.1181 -0.117872 100
0.827209 -0.1051 -0.116698 100
0.820773 -0.0925 -0.11579 100
0.81701 -0.0804 -0.11526 100
0.814039 -0.0685 -0.11484 100
0.80998 -0.0567 -0.114268 100
0.80483 -0.0449 -0.113541 100
0.800375 -0.0333 -0.112913 100
0.800771 -0.022 -0.112969 100
0.792442 0.0103 -0.101374 100
0.796211 0.0216 -0.101856 100
0.797799 0.0329 -0.102059 100
0.799286 0.0443 -0.102249 100
0.80256 0.0558 -0.102668 100
0.809602 0.0678 -0.103569 100
0.814463 0.0798 -0.104191 100
0.81724 0.0917 -0.104546 100
0.823787 0.1042 -0.105383 100
0.83202 0.1172 -0.106437 100
0.841145 0.1306 -0.107604 100
0.846105 0.1436 -0.108238 100
0.864554 0.1593 -0.110599 100
0.887468 0.1766 -0.11353 100
0.917027 0.1959 -0.117311 41
0.846998 -0.1957 -0.108353 7
0.898081 -0.1942 -0.114888 24
0.873482 -0.176 -0.111741 52
0.852453 -0.1593 -0.109051 100
0.843823 -0.1454 -0.107947 100
0.828052 -0.1307 -0.105929 100
0.823886 -0.1182 -0.105396 100
0.816645 -0.1054 -0.10447 100
0.813074 -0.0933 -0.104013 100
0.809404 -0.0813 -0.103543 100
0.803452 -0.0693 -0.102782 100
0.798394 -0.0575 -0.102135 100
0.796211 -0.0461 -0.101856 100
0.795716 -0.0348 -0.101792 100
0.796211 -0.0236 -0.101856 100
0.795418 -0.0123 -0.101754 100
0.795398 0.0028 -0.0945639 100
0.795299 0.014 -0.0945521 100
0.796987 0.0252 -0.0947528 100
0.800562 0.0366 -0.0951778 100
0.802945 0.048 -0.0954612 100
0.806123 0.0596 -0.095839 100
0.81218 0.0715 -0.0965591 100
0.818039 0.0837 -0.0972557 100
0.823699 0.0959 -0.0979286 100
0.831147 0.1087 -0.098814 100
0.841375 0.1221 -0.10003 100
0.847432 0.1351 -0.10075 100
0.870867 0.1514 -0.103536 100
0.89311 0.1683 -0.106181 100
0.915949 0.1859 -0.108896 47
0.910587 -0.2066 -0.108259 11
0.885166 -0.1878 -0.105236 42
0.861433 -0.1701 -0.102415 100
0.844155 -0.1544 -0.100361 100
0.838396 -0.1412 -0.0996758 100
0.831445 -0.1281 -0.0988494 100
0.823302 -0.115 -0.0978814 100
0.815954 -0.1023 -0.0970077 100
0.811287 -0.0902 -0.0964529 100
0.80652 -0.0782 -0.0958862 100
0.802647 -0.0664 -0.0954258 100
0.79947 -0.0549 -0.095048 100
0.797186 -0.0435 -0.0947764 100
0.795796 -0.0322 -0.0946112 100
0.793114 -0.0209 -0.0942924 100
0.789536 0.0105 -0.083123 100
0.793316 0.0217 -0.0835208 100
0.794907 0.0329 -0.0836883 100
0.796399 0.0441 -0.0838454 100
0.797691 0.0554 -0.0839815 100
0.801769 0.0669 -0.0844108 100
0.80873 0.0789 -0.0851437 100
0.813504 0.0909 -0.0856463 100
0.817084 0.1029 -0.0860232 100
0.825438 0.1157 -0.0869027 100
0.829615 0.1282 -0.0873424 100
0.844433 0.1426 -0.0889025 100
0.865914 0.1587 -0.0911641 100
0.875263 0.1731 -0.0921483 100
0.900026 0.1911 -0.0947554 50
0.95164 0.216 -0.100189 37
0.868401 -0.1918 -0.0914258 15
0.86124 -0.1776 -0.090672 100
0.841151 -0.1613 -0.088557 100
0.827626 -0.1467 -0.087133 100
0.823648 -0.1342 -0.0867142 100
0.817581 -0.1214 -0.0860756 100
0.811316 -0.1089 -0.0854159 100
0.803857 -0.0965 -0.0846307 100
0.800178 -0.0847 -0.0842433 100
0.798288 -0.0732 -0.0840443 100
0.794211 -0.0617 -0.0836151 100
0.790034 -0.0503 -0.0831753 100
0.789636 -0.0391 -0.0831334 100
0.790133 -0.0281 -0.0831858 100
0.789437 -0.017 -0.0831125 100
0.79216 0.0074 -0.0780908 100
0.790966 0.0185 -0.0779731 100
0.792558 0.0296 -0.07813 100
0.793155 0.0408 -0.0781889 100
0.794449 0.0521 -0.0783164 100
0.796639 0.0634 -0.0785322 100
0.803605 0.0754 -0.079219 100
0.811367 0.0876 -0.0799842 100
0.81704 0.0998 -0.0805434 100
0.821418 0.1121 -0.080975 100
0.831569 0.1254 -0.0819757 100
0.843511 0.1393 -0.0831529 100
0.849383 0.1525 -0.0837318 100
0.871575 0.1692 -0.0859195 100
0.898346 0.1875 -0.0885585 100
0.925812 0.2068 -0.0912661 38
0.793454 -0.183 -0.0782183 8
0.870779 -0.188 -0.085841 34
0.84799 -0.1706 -0.0835944 100
0.840426 -0.1569 -0.0828488 100
0.830773 -0.1431 -0.0818972 100
0.821916 -0.1297 -0.0810241 100
0.813756 -0.1167 -0.0802196 100
0.807386 -0.1043 -0.0795918 100
0.801913 -0.0921 -0.0790522 100
0.798131 -0.0804 -0.0786794 100
0.795146 -0.0688 -0.0783851 100
0.795046 -0.0576 -0.0783753 100
0.793852 -0.0463 -0.0782576 100
0.791364 -0.035 -0.0780123 100
0.789772 -0.0238 -0.0778553 100
0.79007 -0.0128 -0.0778848 100
0.782937 0.0015 -0.0693243 100
0.783833 0.0125 -0.0694037 100
0.785527 0.0235 -0.0695537 100
0.788117 0.0346 -0.069783 100
0.789611 0.0458 -0.0699153 100
0.792898 0.0571 -0.0702063 100
0.795986 0.0685 -0.0704797 100
0.799871 0.0802 -0.0708237 100
0.805648 0.0922 -0.0713353 100
0.811127 0.1043 -0.0718204 100
0.817502 0.1168 -0.0723848 100
0.826666 0.1299 -0.0731963 100
0.835531 0.1433 -0.0739812 100
0.840312 0.1563 -0.0744046 100
0.859637 0.1723 -0.0761157 100
0.887328 0.1908 -0.0785676 100
0.91761 0.2108 -0.0812488 48
0.857047 -0.1895 -0.0758863 8
0.839117 -0.1733 -0.0742988 100
0.834535 -0.1602 -0.073893 100
0.823976 -0.1462 -0.0729581 100
0.816107 -0.1331 -0.0722614 100
0.809931 -0.1205 -0.0717145 100
0.803656 -0.1081 -0.0711589 100
0.797181 -0.0959 -0.0705856 100
0.793496 -0.0842 -0.0702593 100
0.790607 -0.0727 -0.0700035 100
0.788515 -0.0614 -0.0698183 100
0.78732 -0.0502 -0.0697124 100
0.786921 -0.0391 -0.0696771 100
0.785427 -0.0281 -0.0695448 100
0.781741 -0.017 -0.0692185 100
0.78123 0.0097 -0.0646407 100
0.782028 0.0207 -0.0647066 100
0.785715 0.0318 -0.0650117 100
0.789103 0.043 -0.0652921 100
0.791396 0.0543 -0.0654818 100
0.795581 0.0657 -0.0658281 100
0.799568 0.0774 -0.0661579 100
0.806344 0.0894 -0.0667187 100
0.813919 0.1018 -0.0673454 100
0.818304 0.114 -0.0677082 100
0.825479 0.1268 -0.0683019 100
0.836442 0.1405 -0.069209 100
0.850095 0.1551 -0.0703387 100
0.855676 0.1685 -0.0708004 100
0.876704 0.1854 -0.0725404 100
0.899327 0.2034 -0.0744122 50
0.858865 -0.1875 -0.0710643 13
0.838933 -0.1709 -0.0694151 100
0.834448 -0.1578 -0.069044 100
0.822788 -0.1437 -0.0680793 100
0.814816 -0.1306 -0.0674196 100
0.809733 -0.1182 -0.066999 100
0.803355 -0.1058 -0.0664713 100
0.797774 -0.0937 -0.0660095 100
0.794086 -0.082 -0.0657044 100
0.7902 -0.0704 -0.0653828 100
0.788107 -0.0592 -0.0652096 100
0.785815 -0.0479 -0.06502 100
0.783423 -0.0368 -0.0648221 100
0.780931 -0.0257 -0.0646159 100
0.780234 -0.0148 -0.0645582 100
0.776448 0.0039 -0.0491221 100
0.776348 0.0148 -0.0491157 100
0.778045 0.0257 -0.0492231 100
0.78054 0.0367 -0.0493809 100
0.784931 0.0479 -0.0496587 100
0.789222 0.0593 -0.0499302 100
0.791318 0.0706 -0.0500628 100
0.79521 0.0822 -0.0503091 100
0.801897 0.0942 -0.0507321 100
0.81038 0.1067 -0.0512688 100
0.817765 0.1193 -0.051736 100
0.821857 0.1317 -0.0519949 100
0.829841 0.1449 -0.0525 100
0.843414 0.1595 -0.0533587 100
0.848903 0.1728 -0.0537059 100
0.871757 0.1902 -0.0551518 100
0.899202 0.2094 -0.0568881 52
0.940719 0.233 -0.0595147 30
0.853893 -0.1924 -0.0540216 16
0.834033 -0.1757 -0.0527652 47
0.827645 -0.1623 -0.0523611 100
0.819961 -0.1489 -0.0518749 100
0.813074 -0.136 -0.0514393 100
0.806088 -0.1232 -0.0509973 100
0.798803 -0.1107 -0.0505364 100
0.792316 -0.0986 -0.050126 100
0.788623 -0.0869 -0.0498923 100
0.787825 -0.0757 -0.0498418 100
0.785829 -0.0644 -0.0497156 100
0.780639 -0.053 -0.0493872 100
0.777346 -0.0419 -0.0491789 100
0.776847 -0.031 -0.0491473 100
0.776148 -0.0201 -0.0491031 100
0.775735 0.0088 -0.0443211 100
0.780427 0.0198 -0.0445892 100
0.781126 0.0307 -0.0446291 100
0.781625 0.0417 -0.0446576 100
0.783922 0.0529 -0.0447888 100
0.788115 0.0642 -0.0450284 100
0.793107 0.0758 -0.0453136 100
0.7969 0.0874 -0.0455304 100
0.803589 0.0996 -0.0459125 100
0.810977 0.112 -0.0463346 100
0.817267 0.1246 -0.046694 100
0.825254 0.1376 -0.0471503 100
0.829148 0.1502 -0.0473728 100
0.843624 0.1651 -0.0481999 100
0.866687 0.1822 -0.0495175 100
0.890348 0.2002 -0.0508694 100
0.9195 0.2203 -0.052535 44
0.8584 -0.1965 -0.0490441 16
0.839631 -0.1799 -0.0479717 19
0.827351 -0.1652 -0.0472701 100
0.824655 -0.1527 -0.0471161 100
0.816868 -0.1394 -0.0466712 100
0.808881 -0.1265 -0.0462148 100
0.799696 -0.1136 -0.0456901 100
0.793306 -0.1014 -0.045325 100
0.789612 -0.0897 -0.045114 100
0.787815 -0.0784 -0.0450113 100
0.785819 -0.0671 -0.0448972 100
0.781725 -0.0557 -0.0446633 100
0.777432 -0.0445 -0.0444181 100
0.775036 -0.0335 -0.0442812 100
0.775435 -0.0226 -0.044304 100
0.776633 -0.0118 -0.0443724 100
0.774233 0.0007 -0.0344807 100
0.774133 0.0115 -0.0344762 100
0.774932 0.0224 -0.0345118 100
0.775531 0.0333 -0.0345385 100
0.77693 0.0442 -0.0346008 100
0.780227 0.0554 -0.0347476 100
0.785421 0.0668 -0.034979 100
0.788319 0.0782 -0.035108 100
0.792115 0.0898 -0.0352771 100
0.797709 0.1017 -0.0355262 100
0.805202 0.1141 -0.0358599 100
0.813394 0.1269 -0.0362247 100
0.821386 0.14 -0.0365807 100
0.829178 0.1533 -0.0369277 100
0.833774 0.1662 -0.0371324 100
0.853854 0.1827 -0.0380266 100
0.873634 0.1997 -0.0389076 100
0.896911 0.2183 -0.0399442 50
0.945063 0.2441 -0.0420887 24
0.822784 -0.1799 -0.036643 8
0.819288 -0.1672 -0.0364872 100
0.819588 -0.1554 -0.0365006 100
0.809897 -0.1418 -0.036069 100
0.799907 -0.1286 -0.0356241 100
0.793713 -0.1162 -0.0353483 100
0.789318 -0.1043 -0.0351525 100
0.78682 -0.0928 -0.0350413 100
0.785022 -0.0814 -0.0349612 100
0.780127 -0.0699 -0.0347432 100
0.778029 -0.0588 -0.0346497 100
0.77673 -0.0477 -0.0345919 100
0.775331 -0.0368 -0.0345296 100
0.774832 -0.0259 -0.0345074 100
0.774133 -0.015 -0.0344762 100
0.774359 0 -0.0315076 100
0.775258 0.0109 -0.0315442 100
0.776058 0.0217 -0.0315767 100
0.776657 0.0326 -0.0316011 100
0.778156 0.0436 -0.0316621 100
0.780454 0.0547 -0.0317556 100
0.783552 0.066 -0.0318816 100
0.786549 0.0773 -0.0320036 100
0.789347 0.0888 -0.0321174 100
0.795042 0.1007 -0.0323492 100
0.802436 0.113 -0.03265 100
0.812628 0.1261 -0.0330647 100
0.813727 0.138 -0.0331094 100
0.824518 0.1517 -0.0335485 100
0.843902 0.1675 -0.0343372 100
0.852195 0.1816 -0.0346746 100
0.871978 0.1986 -0.0354796 100
0.892461 0.2164 -0.036313 52
0.95511 0.2458 -0.0388621 28
0.835808 -0.1818 -0.0340079 6
0.823519 -0.1671 -0.0335078 100
0.819921 -0.1544 -0.0333615 100
0.811129 -0.141 -0.0330037 100
0.802236 -0.1279 -0.0326419 100
0.795042 -0.1154 -0.0323492 100
0.791645 -0.1036 -0.0322109 100
0.789047 -0.0921 -0.0321052 100
0.786249 -0.0806 -0.0319914 100
0.781353 -0.0691 -0.0317922 100
0.777257 -0.0578 -0.0316255 100
0.775958 -0.0467 -0.0315726 100
0.775558 -0.0358 -0.0315564 100
0.77296 -0.0249 -0.0314507 100
0.770263 -0.014 -0.0313409 100
0.771721 0.0049 -0.0207474 100
0.771521 0.0156 -0.020742 100
0.772221 0.0264 -0.0207608 100
0.77382 0.0372 -0.0208038 100
0.776219 0.0482 -0.0208683 100
0.778519 0.0592 -0.0209301 100
0.782517 0.0705 -0.0210376 100
0.786416 0.0819 -0.0211424 100
0.791214 0.0936 -0.0212714 100
0.795812 0.1054 -0.0213951 100
0.80311 0.1178 -0.0215912 100
0.811307 0.1305 -0.0218116 100
0.818204 0.1434 -0.0219971 100
0.826002 0.1566 -0.0222067 100
0.838397 0.1711 -0.0225399 100
0.843795 0.1845 -0.022685 100
0.866387 0.2021 -0.0232924 100
0.895576 0.2221 -0.0240772 49
0.944559 0.2483 -0.025394 33
0.8309 -0.1729 -0.0223384 14
0.815605 -0.1579 -0.0219272 100
0.812806 -0.1456 -0.0218519 100
0.80191 -0.1322 -0.021559 100
0.793813 -0.1195 -0.0213413 100
0.789415 -0.1076 -0.0212231 100
0.786916 -0.0961 -0.0211559 100
0.782117 -0.0845 -0.0210269 100
0.778319 -0.0732 -0.0209247 100
0.77522 -0.062 -0.0208414 100
0.772021 -0.0509 -0.0207554 100
0.769722 -0.04 -0.0206936 100
0.769122 -0.0292 -0.0206775 100
0.769522 -0.0185 -0.0206882 100
0.770737 0.0102 -0.0158755 100
0.769537 0.021 -0.0158508 100
0.770137 0.0318 -0.0158631 100
0.773636 0.0428 -0.0159352 100
0.776935 0.0538 -0.0160032 100
0.782134 0.0652 -0.0161102 100
0.787133 0.0767 -0.0162132 100
0.791932 0.0884 -0.0163121 100
0.797531 0.1003 -0.0164274 100
0.804029 0.1125 -0.0165612 100
0.809228 0.1248 -0.0166683 100
0.816327 0.1376 -0.0168145 100
0.826125 0.1512 -0.0170163 100
0.831724 0.1643 -0.0171317 100
0.851919 0.1807 -0.0175477 100
0.870715 0.1974 -0.0179348 100
0.899009 0.2171 -0.0185176 51
0.929803 0.2383 -0.0191519 36
0.828724 -0.1838 -0.0170699 8
0.816527 -0.1691 -0.0168187 100
0.814827 -0.157 -0.0167836 100
0.806129 -0.1436 -0.0166045 100
0.797231 -0.1306 -0.0164212 100
0.791032 -0.1182 -0.0162935 100
0.787633 -0.1065 -0.0162235 100
0.783134 -0.0947 -0.0161308 100
0.779435 -0.0832 -0.0160546 100
0.777535 -0.0721 -0.0160155 100
0.775436 -0.061 -0.0159723 100
0.772236 -0.0499 -0.0159064 100
0.769837 -0.0389 -0.0158569 100
0.770337 -0.0281 -0.0158672 100
0.770636 -0.0174 -0.0158734 100
0.76699 0.007 -0.00401598 100
0.76579 0.0177 -0.0040097 100
0.767489 0.0284 -0.0040186 100
0.768989 0.0392 -0.00402646 100
0.771389 0.0502 -0.00403902 100
0.773589 0.0612 -0.00405054 100
0.778589 0.0725 -0.00407672 100
0.784489 0.0842 -0.00410761 100
0.789189 0.0958 -0.00413222 100
0.792689 0.1075 -0.00415055 100
0.799089 0.1198 -0.00418406 100
0.809189 0.1329 -0.00423694 100
0.817089 0.1459 -0.00427831 100
0.826689 0.1596 -0.00432857 100
0.842088 0.1748 -0.00440921 100
0.847288 0.1882 -0.00443643 100
0.865988 0.2051 -0.00453435 100
0.898988 0.2262 -0.00470713 50
0.946887 0.2524 -0.00495793 38
0.818289 -0.1758 -0.00428459 9
0.806989 -0.1616 -0.00422542 100
0.804189 -0.1494 -0.00421076 100
0.795389 -0.1363 -0.00416469 100
0.788289 -0.1238 -0.00412751 100
0.783089 -0.1118 -0.00410028 100
0.777589 -0.0999 -0.00407149 100
0.774989 -0.0886 -0.00405787 100
0.773089 -0.0775 -0.00404792 100
0.770089 -0.0663 -0.00403222 100
0.767989 -0.0553 -0.00402122 100
0.76669 -0.0445 -0.00401441 100
0.76629 -0.0337 -0.00401232 100
0.765689 -0.023 -0.00400918 100
0.76589 -0.0123 -0.00401023 100
0.763999 0.0069 -0.000933402 100
0.765799 0.0176 -0.000935601 100
0.767499 0.0284 -0.000937678 100
0.768999 0.0392 -0.00093951 100
0.772399 0.0502 -0.000943664 100
0.776599 0.0614 -0.000948796 100
0.780599 0.0727 -0.000953683 100
0.784499 0.0841 -0.000958447 100
0.789199 0.0958 -0.000964189 100
0.794699 0.1077 -0.000970909 100
0.802999 0.1203 -0.000981049 100
0.811199 0.1331 -0.000991067 100
0.820999 0.1465 -0.00100304 100
0.823799 0.1589 -0.00100646 100
0.839099 0.174 -0.00102515 100
0.859099 0.1907 -0.00104959 100
0.874799 0.2071 -0.00106877 100
0.912599 0.2295 -0.00111495 45
0.944999 0.2517 -0.00115453 29
0.946999 -0.2783 -0.00115698 30
0.891999 -0.2486 -0.00108978 38
0.814599 -0.1788 -0.000995221 9
0.802299 -0.1644 -0.000980194 100
0.799599 -0.1522 -0.000976895 100
0.791799 -0.1393 -0.000967366 100
0.787799 -0.1273 -0.000962479 100
0.782599 -0.1152 -0.000956126 100
0.777199 -0.1034 -0.000949529 100
0.773599 -0.0919 -0.00094513 100
0.772799 -0.0809 -0.000944153 100
0.771799 -0.07 -0.000942931 100
0.770699 -0.059 -0.000941587 100
0.768499 -0.0481 -0.0009389 100
0.767099 -0.0372 -0.000937189 100
0.765499 -0.0265 -0.000935234 100
0.763799 -0.0157 -0.000933158 100
0.761955 0.0011 0.00824547 100
0.762855 0.0117 0.00825521 100
0.763655 0.0224 0.00826387 100
0.763255 0.033 0.00825954 100
0.764655 0.0438 0.00827469 100
0.768055 0.0548 0.00831148 100
0.772155 0.0659 0.00835584 100
0.775155 0.0771 0.00838831 100
0.778954 0.0884 0.00842943 100
0.782554 0.0999 0.00846838 100
0.789054 0.112 0.00853872 100
0.794353 0.1241 0.00859607 100
0.800353 0.1365 0.00866099 100
0.810253 0.1498 0.00876812 100
0.821752 0.1638 0.00889256 100
0.834051 0.1784 0.00902565 100
0.839351 0.1918 0.009083 100
0.86275 0.2099 0.00933621 100
0.892648 0.2304 0.00965976 52
0.938545 0.2563 0.0101564 41
0.892648 -0.2571 0.00965976 40
0.863349 -0.2356 0.0093427 50
0.804253 -0.1837 0.00870319 8
0.803753 -0.1718 0.00869778 100
0.806153 -0.1606 0.00872375 100
0.796453 -0.1471 0.00861879 100
0.786654 -0.134 0.00851275 100
0.783454 -0.1222 0.00847812 100
0.780154 -0.1106 0.00844241 100
0.773655 -0.0987 0.00837208 100
0.769055 -0.0872 0.0083223 100
0.766155 -0.076 0.00829092 100
0.763155 -0.065 0.00825846 100
0.762055 -0.0542 0.00824655 100
0.761755 -0.0435 0.00824331 100
0.763255 -0.0329 0.00825954 100
0.764655 -0.0223 0.00827469 100
0.763855 -0.0116 0.00826603 100
0.764916 0.0059 0.0113486 100
0.765716 0.0166 0.0113605 100
0.766416 0.0273 0.0113708 100
0.767016 0.038 0.0113797 100
0.769315 0.0489 0.0114139 100
0.772615 0.0599 0.0114628 100
0.774715 0.071 0.011494 100
0.778614 0.0823 0.0115518 100
0.784314 0.0939 0.0116364 100
0.789813 0.1058 0.011718 100
0.798212 0.1183 0.0118426 100
0.808311 0.1313 0.0119924 100
0.81621 0.1443 0.0121096 100
0.825009 0.1577 0.0122402 100
0.837408 0.1722 0.0124241 100
0.842707 0.1856 0.0125027 100
0.863405 0.2028 0.0128098 100
0.897401 0.2241 0.0133142 100
0.926998 0.2453 0.0137533 42
0.9107 -0.263 0.0135115 27
0.881503 -0.2413 0.0130783 45
0.858606 -0.2222 0.0127386 40
0.810411 -0.1739 0.0120236 22
0.799112 -0.1599 0.0118559 100
0.797312 -0.148 0.0118292 100
0.790413 -0.1353 0.0117269 100
0.786313 -0.1234 0.0116661 100
0.781014 -0.1114 0.0115874 100
0.776515 -0.0997 0.0115207 100
0.771915 -0.0882 0.0114524 100
0.770015 -0.0772 0.0114242 100
0.768115 -0.0662 0.0113961 100
0.765916 -0.0552 0.0113634 100
0.764616 -0.0444 0.0113441 100
0.763216 -0.0337 0.0113234 100
0.761616 -0.023 0.0112996 100
0.761816 -0.0124 0.0113026 100
0.75974 0.0037 0.0198945 100
0.763638 0.0144 0.0199966 100
0.765338 0.0251 0.0200411 100
0.764938 0.0358 0.0200306 100
0.765338 0.0465 0.0200411 100
0.767637 0.0574 0.0201013 100
0.771735 0.0686 0.0202086 100
0.776634 0.0799 0.0203369 100
0.781432 0.0915 0.0204625 100
0.78703 0.1033 0.0206091 100
0.791429 0.1151 0.0207243 100
0.798626 0.1276 0.0209128 100
0.807623 0.1406 0.0211484 100
0.811422 0.1529 0.0212478 100
0.825917 0.1676 0.0216274 100
0.84591 0.184 0.0221509 100
0.862804 0.2003 0.0225933 100
0.882198 0.2179 0.0231012 100
0.918685 0.2405 0.0240566 50
0.939478 -0.2847 0.0246011 29
0.885696 -0.255 0.0231928 48
0.859305 -0.2344 0.0225017 100
0.848909 -0.2189 0.0222295 100
0.828616 -0.2014 0.0216981 51
0.809922 -0.1849 0.0212086 100
0.805524 -0.1721 0.0210934 100
0.797127 -0.1587 0.0208735 100
0.791329 -0.1461 0.0207217 100
0.78743 -0.1341 0.0206196 100
0.781332 -0.1218 0.0204599 100
0.776034 -0.11 0.0203212 100
0.773435 -0.0986 0.0202531 100
0.770836 -0.0874 0.020185 100
0.765937 -0.076 0.0200568 100
0.762938 -0.065 0.0199782 100
0.760839 -0.0541 0.0199233 100
0.75954 -0.0434 0.0198892 100
0.760039 -0.0328 0.0199023 100
0.760439 -0.0222 0.0199128 100
0.75964 -0.0115 0.0198919 100
0.760513 0.0058 0.0272222 100
0.760313 0.0165 0.027215 100
0.761013 0.0271 0.0272401 100
0.762612 0.0378 0.0272973 100
0.76501 0.0486 0.0273832 100
0.768208 0.0596 0.0274976 100
0.771306 0.0707 0.0276085 100
0.776203 0.0821 0.0277838 100
0.782899 0.0938 0.0280235 100
0.787496 0.1055 0.028188 100
0.792792 0.1175 0.0283776 100
0.798988 0.1299 0.0285994 100
0.808882 0.1431 0.0289535 100
0.817676 0.1564 0.0292683 100
0.821274 0.169 0.0293971 100
0.837364 0.1846 0.029973 100
0.85805 0.2017 0.0307135 100
0.871642 0.2178 0.0312 100
0.907219 0.2401 0.0324735 49
0.953789 0.2668 0.0341404 30
0.940897 -0.286 0.033679 31
0.887232 -0.2562 0.031758 40
0.859849 -0.2353 0.0307779 51
0.848557 -0.2195 0.0303737 100
0.82817 -0.202 0.0296439 47
0.810481 -0.1857 0.0290108 100
0.806184 -0.173 0.028857 100
0.79669 -0.1593 0.0285171 100
0.788995 -0.1464 0.0282417 100
0.785097 -0.1344 0.0281022 100
0.781999 -0.1226 0.0279913 100
0.776703 -0.1107 0.0278017 100
0.772205 -0.0991 0.0276407 100
0.768508 -0.0878 0.0275084 100
0.763711 -0.0764 0.0273367 100
0.761712 -0.0655 0.0272651 100
0.760513 -0.0547 0.0272222 100
0.760213 -0.0441 0.0272115 100
0.758814 -0.0334 0.0271614 100
0.758214 -0.0227 0.0271399 100
0.758414 -0.0122 0.0271471 100
0.759723 0.0062 0.0440714 100
0.759523 0.0169 0.0440598 100
0.759224 0.0275 0.0440425 100
0.759723 0.0382 0.0440714 100
0.760122 0.0489 0.0440946 100
0.762418 0.0598 0.0442278 100
0.76741 0.071 0.0445173 100
0.772302 0.0824 0.0448011 100
0.777094 0.0939 0.0450791 100
0.781586 0.1056 0.0453397 100
0.785979 0.1174 0.0455945 100
0.79117 0.1295 0.0458957 100
0.800055 0.1425 0.0464111 100
0.803849 0.1549 0.0466312 100
0.818224 0.1695 0.0474651 100
0.82651 0.1834 0.0479458 100
0.845279 0.2 0.0490345 100
0.863748 0.2172 0.0501059 100
0.890503 0.2372 0.051658 52
0.926542 0.2607 0.0537486 45
0.937424 -0.2804 0.0543798 28
0.884613 -0.2511 0.0513163 41
0.858157 -0.2307 0.0497816 51
0.836094 -0.2122 0.0485017 100
0.830304 -0.1984 0.0481658 100
0.819323 -0.1837 0.0475288 100
0.808141 -0.1694 0.0468802 100
0.797659 -0.1555 0.0462721 100
0.789972 -0.1426 0.0458262 100
0.78498 -0.1303 0.0455366 100
0.779789 -0.1183 0.0452355 100
0.774398 -0.1064 0.0449227 100
0.769906 -0.0948 0.0446621 100
0.765214 -0.0834 0.0443899 100
0.76132 -0.0722 0.0441641 100
0.760222 -0.0614 0.0441004 100
0.760022 -0.0506 0.0440888 100
0.758724 -0.0399 0.0440135 100
0.758125 -0.0292 0.0439788 100
0.757527 -0.0186 0.043944 100
0.757592 0.0016 0.0462036 100
0.759489 0.0122 0.0463193 100
0.759289 0.0228 0.0463071 100
0.759888 0.0335 0.0463436 100
0.760287 0.0441 0.046368 100
0.761585 0.0549 0.0464471 100
0.765777 0.066 0.0467028 100
0.76977 0.0771 0.0469463 100
0.774561 0.0886 0.0472385 100
0.78015 0.1003 0.0475794 100
0.78554 0.1122 0.0479081 100
0.789832 0.1241 0.0481699 100
0.797917 0.1368 0.0486629 100
0.805703 0.1497 0.0491378 100
0.808498 0.1619 0.0493082 100
0.820775 0.1764 0.050057 100
0.841636 0.1932 0.0513292 100
0.854313 0.2087 0.0521023 100
0.882261 0.2286 0.0538068 100
0.907913 0.2489 0.0553713 52
0.946541 0.2737 0.0577271 27
0.911107 -0.2669 0.0555661 30
0.875274 -0.2432 0.0533807 47
0.851518 -0.2239 0.0519319 100
0.841037 -0.2086 0.0512927 100
0.821474 -0.1916 0.0500996 100
0.8075 -0.1765 0.0492473 100
0.804006 -0.164 0.0490343 100
0.795422 -0.1507 0.0485108 100
0.787637 -0.1378 0.0480359 100
0.783544 -0.1259 0.0477864 100
0.779252 -0.114 0.0475246 100
0.772864 -0.1021 0.047135 100
0.767274 -0.0905 0.0467941 100
0.763481 -0.0792 0.0465628 100
0.761585 -0.0683 0.0464471 100
0.759389 -0.0574 0.0463132 100
0.758191 -0.0467 0.0462401 100
0.757692 -0.036 0.0462097 100
0.757193 -0.0254 0.0461793 100
0.757493 -0.0148 0.0461975 100
0.759405 0.0058 0.0492416 100
0.761201 0.0165 0.0493581 100
0.7619 0.0271 0.0494034 100
0.764495 0.0379 0.0495716 100
0.767887 0.0489 0.0497916 100
0.772178 0.0708 0.0500699 100
0.775072 0.082 0.0502575 100
0.777767 0.0933 0.0504322 100
0.781359 0.1048 0.0506652 100
0.78575 0.1166 0.0509499 100
0.790939 0.1287 0.0512864 100
0.797924 0.1413 0.0517393 100
0.807704 0.1546 0.0523734 100
0.817184 0.1683 0.0529881 100
0.821575 0.1812 0.0532728 100
0.837441 0.197 0.0543017 100
0.8569 0.2142 0.0555634 100
0.881748 0.2336 0.0571746 100
0.915976 0.2564 0.0593941 100
0.933639 -0.2884 0.0605394 25
0.884842 -0.2599 0.0573752 40
0.858597 -0.2392 0.0556735 100
0.840535 -0.2216 0.0545023 100
0.822273 -0.2045 0.0533181 100
0.818282 -0.1914 0.0530593 100
0.809101 -0.1774 0.052464 100
0.800718 -0.1639 0.0519205 100
0.792136 -0.1507 0.051364 100
0.785351 -0.138 0.050924 100
0.780261 -0.1259 0.050594 100
0.775072 -0.114 0.0502575 100
0.77158 -0.1025 0.050031 100
0.766989 -0.091 0.0497334 100
0.763197 -0.0798 0.0494875 100
0.761301 -0.0689 0.0493646 100
0.761201 -0.0582 0.0493581 100
0.760902 -0.0475 0.0493387 100
0.760503 -0.0368 0.0493128 100
0.760004 -0.0261 0.0492805 100
0.760204 -0.0155 0.0492934 100
0.759102 0.009 0.0522828 100
0.7599 0.0197 0.0523378 100
0.760598 0.0303 0.0523859 100
0.761097 0.041 0.0524202 100
0.764389 0.0519 0.052647 100
0.769577 0.063 0.0530043 100
0.774665 0.0743 0.0533547 100
0.778456 0.0857 0.0536158 100
0.783145 0.0973 0.0539388 100
0.787634 0.109 0.054248 100
0.791924 0.1209 0.0545434 100
0.800005 0.1336 0.0551 100
0.808884 0.1467 0.0557115 100
0.817563 0.1601 0.0563093 100
0.829934 0.1746 0.0571613 100
0.835221 0.1879 0.0575255 100
0.85677 0.2053 0.0590097 100
0.878918 0.2237 0.0605351 100
0.913336 0.2461 0.0629056 100
0.959726 0.273 0.0661007 36
0.891887 -0.2597 0.0614283 40
0.874329 -0.2414 0.060219 52
0.851483 -0.2224 0.0586455 100
0.831231 -0.2047 0.0572507 100
0.81457 -0.1886 0.0561032 100
0.811278 -0.176 0.0558764 100
0.8019 -0.1622 0.0552305 100
0.794218 -0.1492 0.0547015 100
0.78933 -0.1369 0.0543648 100
0.78524 -0.1249 0.0540831 100
0.780052 -0.1129 0.0537258 100
0.773567 -0.101 0.0532791 100
0.767981 -0.0894 0.0528943 100
0.76419 -0.0782 0.0526332 100
0.762194 -0.0672 0.0524958 100
0.762095 -0.0565 0.0524889 100
0.760798 -0.0457 0.0523996 100
0.759401 -0.035 0.0523034 100
0.758802 -0.0244 0.0522622 100
0.759102 -0.0138 0.0522828 100
0.758142 0.0096 0.0647291 100
0.759935 0.0202 0.0648822 100
0.761629 0.0309 0.0650268 100
0.762127 0.0416 0.0650694 100
0.762426 0.0524 0.0650949 100
0.765615 0.0633 0.0653671 100
0.7696 0.0745 0.0657074 100
0.77249 0.0857 0.0659541 100
0.776176 0.0971 0.0662689 100
0.781656 0.1089 0.0667367 100
0.787933 0.1211 0.0672727 100
0.796004 0.1337 0.0679617 100
0.803875 0.1466 0.0686338 100
0.812544 0.16 0.0693739 100
0.822906 0.174 0.0702586 100
0.837852 0.1895 0.0715346 100
0.84383 0.2033 0.0720451 100
0.867046 0.2217 0.0740272 100
0.892752 0.2416 0.076222 100
0.928622 0.2653 0.0792844 47
0.930315 -0.2807 0.0794291 23
0.888169 -0.2544 0.0758306 46
0.863758 -0.2344 0.0737464 51
0.839844 -0.2154 0.0717048 100
0.823404 -0.1989 0.0703011 100
0.818323 -0.1856 0.0698673 100
0.810053 -0.1719 0.0691612 100
0.800687 -0.1582 0.0683616 100
0.791022 -0.1449 0.0675364 100
0.784147 -0.1323 0.0669494 100
0.779962 -0.1204 0.0665921 100
0.774682 -0.1085 0.0661412 100
0.771095 -0.0971 0.065835 100
0.767408 -0.0857 0.0655202 100
0.764618 -0.0746 0.0652821 100
0.762625 -0.0636 0.0651119 100
0.760433 -0.0528 0.0649248 100
0.760035 -0.0421 0.0648907 100
0.759636 -0.0314 0.0648567 100
0.758939 -0.0207 0.0647972 100
0.759066 0.0005 0.0668101 100
0.75797 0.0112 0.0667137 100
0.759763 0.0218 0.0668715 100
0.76036 0.0325 0.0669241 100
0.761855 0.0433 0.0670556 100
0.765142 0.0542 0.067345 100
0.769226 0.0654 0.0677044 100
0.774207 0.0768 0.0681428 100
0.779985 0.0884 0.0686514 100
0.785663 0.1002 0.0691511 100
0.790046 0.112 0.0695369 100
0.798314 0.1246 0.0702646 100
0.807279 0.1376 0.0710537 100
0.815049 0.1508 0.0717376 100
0.819731 0.1635 0.0721497 100
0.836865 0.1792 0.0736577 100
0.84593 0.1936 0.0744556 100
0.871232 0.2122 0.0766826 100
0.895239 0.2314 0.0787956 100
0.943851 0.2581 0.0830743 43
0.888963 -0.2688 0.0782433 41
0.871531 -0.2502 0.0767089 100
0.845133 -0.2299 0.0743854 100
0.823118 -0.2116 0.0724478 100
0.816344 -0.1977 0.0718516 100
0.808375 -0.1838 0.0711502 100
0.800107 -0.1701 0.0704224 100
0.790643 -0.1566 0.0695895 100
0.784866 -0.144 0.069081 100
0.781877 -0.1322 0.0688179 100
0.777793 -0.1203 0.0684585 100
0.77341 -0.1086 0.0680727 100
0.768927 -0.097 0.0676781 100
0.766238 -0.0857 0.0674414 100
0.763449 -0.0746 0.0671959 100
0.76046 -0.0636 0.0669329 100
0.759265 -0.0528 0.0668277 100
0.75787 -0.042 0.0667049 100
0.756476 -0.0313 0.0665822 100
0.754782 -0.0206 0.0664331 100
0.755429 0.0026 0.0735381 100
0.758316 0.0133 0.073819 100
0.759012 0.024 0.0738868 100
0.760605 0.0347 0.0740419 100
0.763989 0.0456 0.0743713 100
0.767273 0.0566 0.074691 100
0.771354 0.0678 0.0750883 100
0.77633 0.0792 0.0755727 100
0.782103 0.0909 0.0761346 100
0.785686 0.1025 0.0764834 100
0.790065 0.1143 0.0769098 100
0.799222 0.1271 0.0778011 100
0.80818 0.1402 0.0786731 100
0.814948 0.1531 0.0793319 100
0.823507 0.1667 0.0801652 100
0.837641 0.1818 0.081541 100
0.844707 0.1958 0.0822289 100
0.871879 0.215 0.084874 100
0.904425 0.2365 0.0880422 100
0.944237 0.2611 0.0919177 37
0.895467 -0.2723 0.0871702 39
0.873372 -0.2523 0.0850193 100
0.848887 -0.2324 0.0826358 100
0.824104 -0.2132 0.0802233 100
0.817336 -0.1993 0.0795645 100
0.808379 -0.1851 0.0786925 100
0.801113 -0.1717 0.0779852 100
0.791658 -0.1581 0.0770648 100
0.783994 -0.1452 0.0763187 100
0.780112 -0.1332 0.0759409 100
0.774937 -0.1211 0.0754371 100
0.769662 -0.1093 0.0749235 100
0.767174 -0.098 0.0746813 100
0.765482 -0.0869 0.0745166 100
0.76369 -0.0759 0.0743422 100
0.761699 -0.0649 0.0741484 100
0.75951 -0.054 0.0739353 100
0.756225 -0.0431 0.0736156 100
0.754732 -0.0324 0.0734702 100
0.75314 -0.0218 0.0733152 100
0.75533 -0.0113 0.0735284 100
0.756308 0.007 0.074823 100
0.758099 0.0177 0.0750002 100
0.759791 0.0284 0.0751676 100
0.761284 0.0391 0.0753153 100
0.763672 0.05 0.0755516 100
0.768847 0.0612 0.0760635 100
0.774817 0.0726 0.0766542 100
0.781684 0.0843 0.0773335 100
0.787356 0.0961 0.0778947 100
0.789844 0.1077 0.0781408 100
0.794223 0.1196 0.078574 100
0.801288 0.1322 0.079273 100
0.810145 0.1454 0.0801493 100
0.820793 0.1592 0.0812027 100
0.835024 0.1742 0.0826105 100
0.842288 0.188 0.0833292 100
0.866669 0.2063 0.0857413 100
0.885577 0.2372 0.0876119 100
0.920506 0.2604 0.0910675 49
0.901997 -0.2811 0.0892363 34
0.870451 -0.258 0.0861154 49
0.851045 -0.2393 0.0841956 100
0.831142 -0.2212 0.0822266 100
0.809846 -0.1914 0.0801197 100
0.800791 -0.1774 0.0792238 100
0.792431 -0.164 0.0783968 100
0.785864 -0.1511 0.077747 100
0.781982 -0.1391 0.0773631 100
0.778898 -0.1273 0.0770579 100
0.773723 -0.1153 0.0765459 100
0.770339 -0.1038 0.0762112 100
0.766757 -0.0924 0.0758568 100
0.76198 -0.081 0.0753842 100
0.759094 -0.0699 0.0750987 100
0.757004 -0.059 0.0748919 100
0.75581 -0.0483 0.0747738 100
0.755412 -0.0376 0.0747344 100
0.754815 -0.027 0.0746754 100
0.753123 -0.0164 0.074508 100
0.753909 0.0069 0.0877636 100
0.757683 0.0176 0.088203 100
0.759372 0.0283 0.0883996 100
0.760862 0.0391 0.0885731 100
0.765232 0.0501 0.0890818 100
0.768411 0.0612 0.0894518 100
0.773377 0.0725 0.09003 100
0.779238 0.0841 0.0907122 100
0.783906 0.0958 0.0912557 100
0.787383 0.1075 0.0916604 100
0.795726 0.12 0.0926317 100
0.805659 0.1331 0.093788 100
0.812612 0.146 0.0945974 100
0.821254 0.1595 0.0956034 100
0.833472 0.1741 0.0970257 100
0.839729 0.1878 0.0977541 100
0.863171 0.2058 0.100483 100
0.888103 0.2249 0.103385 100
0.928132 0.249 0.108045 49
0.92853 -0.3009 0.108092 26
0.881348 -0.272 0.102599 43
0.858304 -0.2517 0.0999164 52
0.837743 -0.233 0.0975229 100
0.821651 -0.2161 0.0956497 100
0.817877 -0.2029 0.0952103 100
0.808043 -0.1884 0.0940655 100
0.799898 -0.1747 0.0931173 100
0.791455 -0.1613 0.0921345 100
0.783906 -0.1483 0.0912557 100
0.778046 -0.1359 0.0905735 100
0.771987 -0.1237 0.0898681 100
0.767716 -0.1119 0.0893709 100
0.763345 -0.1004 0.0888621 100
0.758677 -0.0889 0.0883187 100
0.756889 -0.0779 0.0881105 100
0.756889 -0.0672 0.0881105 100
0.754803 -0.0563 0.0878677 100
0.753511 -0.0456 0.0877174 100
0.753114 -0.035 0.0876711 100
0.752518 -0.0243 0.0876018 100
0.75381 -0.0138 0.0877521 100
0.754254 0.0074 0.0932789 100
0.757033 0.0181 0.0936226 100
0.756735 0.0288 0.0935858 100
0.758224 0.0395 0.0937699 100
0.761499 0.0504 0.0941749 100
0.765667 0.0616 0.0946904 100
0.770728 0.0729 0.0953164 100
0.776584 0.0845 0.0960405 100
0.782142 0.0963 0.0967278 100
0.786707 0.1081 0.0972924 100
0.792959 0.1203 0.0980656 100
0.80199 0.1333 0.0991825 100
0.808838 0.1461 0.100029 100
0.818465 0.1598 0.10122 100
0.830672 0.1743 0.10273 100
0.835039 0.1875 0.10327 100
0.857368 0.2053 0.106031 100
0.882378 0.2244 0.109124 100
0.912747 0.2459 0.11288 51
0.935076 -0.3006 0.115641 30
0.899249 -0.2752 0.111211 41
0.862033 -0.2506 0.106608 52
0.848139 -0.2337 0.10489 100
0.827298 -0.2155 0.102312 100
0.80993 -0.1989 0.100164 100
0.805861 -0.1859 0.0996612 100
0.797723 -0.1722 0.0986548 100
0.789287 -0.1588 0.0976115 100
0.781645 -0.1459 0.0966664 100
0.777676 -0.1339 0.0961755 100
0.773607 -0.122 0.0956723 100
0.769339 -0.1102 0.0951445 100
0.764873 -0.0986 0.0945922 100
0.762194 -0.0874 0.0942608 100
0.759415 -0.0763 0.0939172 100
0.758422 -0.0654 0.0937944 100
0.755346 -0.0544 0.093414 100
0.752964 -0.0436 0.0931194 100
0.74959 -0.0329 0.0927021 100
0.748994 -0.0223 0.0926284 100
0.750185 -0.0117 0.0927757 100
0.75078 0.0098 0.103645 100
0.757516 0.0205 0.104575 100
0.7592 0.0313 0.104808 100
0.762568 0.0422 0.105272 100
0.766927 0.0533 0.105874 100
0.771979 0.0645 0.106572 100
0.776932 0.076 0.107255 100
0.780795 0.0875 0.107789 100
0.784361 0.0991 0.108281 100
0.791791 0.1113 0.109307 100
0.799914 0.124 0.110428 100
0.807938 0.1369 0.111536 100
0.818636 0.1506 0.113013 100
0.832009 0.1652 0.114859 100
0.837458 0.1785 0.115611 100
0.861926 0.1964 0.118989 100
0.885106 0.2149 0.122189 100
0.907989 0.234 0.125348 50
0.959203 0.2616 0.132418 36
0.929089 -0.3075 0.128261 31
0.877379 -0.2768 0.121122 40
0.856477 -0.257 0.118237 52
0.835179 -0.2379 0.115296 100
0.829731 -0.2238 0.114544 100
0.82032 -0.2089 0.113245 100
0.809622 -0.1941 0.111768 100
0.798626 -0.1797 0.11025 100
0.787432 -0.1655 0.108705 100
0.780003 -0.1525 0.107679 100
0.776139 -0.1405 0.107146 100
0.772177 -0.1286 0.106599 100
0.767026 -0.1167 0.105888 100
0.763658 -0.1052 0.105423 100
0.761082 -0.0939 0.105067 100
0.757318 -0.0827 0.104548 100
0.755436 -0.0717 0.104288 100
0.754445 -0.0609 0.104151 100
0.753157 -0.0502 0.103973 100
0.751869 -0.0395 0.103796 100
0.750383 -0.0288 0.10359 100
0.74969 -0.0182 0.103495 0
0.750457 0.0061 0.106672 100
0.754219 0.0167 0.107207 100
0.757882 0.0275 0.107728 100
0.760357 0.0383 0.108079 100
0.762733 0.0492 0.108417 100
0.76699 0.0604 0.109022 100
0.770951 0.0716 0.109585 100
0.774812 0.083 0.110134 100
0.779465 0.0946 0.110796 100
0.784019 0.1064 0.111443 100
0.790257 0.1186 0.112329 100
0.798375 0.1314 0.113483 100
0.807186 0.1445 0.114736 100
0.81679 0.1581 0.116101 100
0.821245 0.171 0.116734 100
0.838175 0.1869 0.119141 100
0.857679 0.204 0.121913 100
0.877876 0.2219 0.124784 100
0.90629 0.2427 0.128823 51
0.946684 0.2678 0.134565 32
0.910646 -0.2887 0.129442 25
0.870846 -0.2627 0.123785 44
0.853422 -0.2444 0.121308 100
0.833819 -0.2261 0.118521 100
0.816691 -0.2092 0.116087 100
0.81184 -0.1958 0.115397 100
0.80382 -0.1819 0.114257 100
0.794613 -0.1681 0.112949 100
0.785207 -0.1546 0.111612 100
0.778475 -0.1419 0.110655 100
0.777386 -0.1305 0.1105 100
0.775208 -0.1189 0.11019 100
0.770951 -0.1071 0.109585 100
0.766396 -0.0955 0.108938 100
0.762733 -0.0842 0.108417 100
0.757882 -0.0728 0.107728 100
0.753922 -0.0618 0.107165 100
0.752734 -0.051 0.106996 100
0.749368 -0.0402 0.106517 100
0.747882 -0.0295 0.106306 100
0.749268 -0.019 0.106503 0
0.752788 0.009 0.11748 100
0.754567 0.0197 0.117757 100
0.755258 0.0304 0.117865 100
0.75674 0.0412 0.118096 100
0.760001 0.0522 0.118605 100
0.765139 0.0634 0.119407 100
0.770079 0.0748 0.120178 100
0.775908 0.0865 0.121088 100
0.780453 0.0982 0.121797 100
0.785888 0.1101 0.122645 100
0.794088 0.1227 0.123925 100
0.803969 0.1359 0.125467 100
0.812762 0.1493 0.126839 100
0.81543 0.1617 0.127256 100
0.831535 0.1771 0.129769 100
0.837661 0.1908 0.130725 100
0.859003 0.2085 0.134055 100
0.879949 0.2268 0.137324 100
0.909195 0.248 0.141888 46
0.926881 -0.297 0.144649 27
0.882617 -0.2692 0.137741 39
0.866314 -0.2509 0.135196 100
0.842996 -0.2313 0.131558 100
0.823137 -0.2134 0.128458 100
0.807723 -0.1973 0.126053 100
0.803672 -0.1843 0.125421 100
0.793594 -0.1702 0.123848 100
0.785196 -0.1568 0.122537 100
0.778477 -0.1441 0.121489 100
0.775513 -0.1323 0.121026 100
0.773438 -0.1207 0.120702 100
0.769091 -0.1089 0.120024 100
0.763657 -0.0971 0.119176 100
0.760001 -0.0858 0.118605 100
0.756246 -0.0745 0.118019 100
0.75427 -0.0636 0.117711 100
0.752097 -0.0527 0.117372 100
0.749725 -0.0419 0.117002 100
0.743402 -0.031 0.116015 0
0.739746 -0.0204 0.115444 0
0.745309 0.0054 0.12058 100
0.754983 0.0162 0.122145 100
0.757648 0.027 0.122577 100
0.760215 0.0378 0.122992 100
0.763572 0.0488 0.123535 100
0.76673 0.0599 0.124046 100
0.772653 0.0714 0.125004 100
0.77749 0.083 0.125787 100
0.781242 0.0946 0.126394 100
0.786671 0.1066 0.127272 100
0.794865 0.1191 0.128598 100
0.803848 0.1322 0.130051 100
0.812732 0.1454 0.131488 100
0.823196 0.1594 0.133181 100
0.835437 0.174 0.135162 100
0.842545 0.188 0.136312 100
0.866829 0.2063 0.14024 100
0.890718 0.2253 0.144105 100
0.931389 0.2497 0.150685 47
0.899998 -0.2909 0.145607 27
0.867125 -0.2668 0.140288 46
0.846 -0.2473 0.136871 100
0.822703 -0.2279 0.133101 100
0.817174 -0.214 0.132207 100
0.806612 -0.1991 0.130498 100
0.799702 -0.1854 0.12938 100
0.792495 -0.172 0.128214 100
0.784104 -0.1586 0.126857 100
0.77749 -0.1458 0.125787 100
0.775516 -0.1341 0.125467 100
0.771469 -0.1222 0.124813 100
0.766237 -0.1103 0.123966 100
0.761795 -0.0987 0.123247 100
0.759129 -0.0874 0.122816 100
0.755378 -0.0762 0.122209 100
0.751429 -0.065 0.12157 100
0.750343 -0.0543 0.121395 100
0.747086 -0.0434 0.120868 100
0.741656 -0.0326 0.119989 0
0.738103 -0.0219 0.119414 0
0.743236 -0.0116 0.120245 0
0.750813 0.008 0.130093 100
0.755542 0.0187 0.130912 100
0.758104 0.0295 0.131356 100
0.762538 0.0405 0.132124 100
0.767859 0.0517 0.133046 100
0.772982 0.0631 0.133934 100
0.777909 0.0746 0.134788 100
0.781653 0.0861 0.135436 100
0.786284 0.0979 0.136239 100
0.794659 0.1104 0.13769 100
0.802838 0.1231 0.139107 100
0.809735 0.1359 0.140302 100
0.818504 0.1493 0.141822 100
0.823135 0.1622 0.142624 100
0.838211 0.1776 0.145236 100
0.857818 0.1944 0.148634 100
0.877032 0.2119 0.151963 100
0.909449 0.2333 0.15758 51
0.911518 -0.2882 0.157938 30
0.876737 -0.2637 0.151911 48
0.847965 -0.242 0.146926 100
0.824613 -0.2228 0.14288 100
0.818997 -0.2089 0.141907 100
0.80737 -0.1938 0.139892 100
0.799389 -0.18 0.13851 100
0.792098 -0.1666 0.137246 100
0.774953 -0.1516 0.134276 100
0.772096 -0.1397 0.13378 100
0.76914 -0.128 0.133268 100
0.764016 -0.1161 0.132381 100
0.760666 -0.1046 0.1318 100
0.758104 -0.0933 0.131356 100
0.755345 -0.0821 0.130878 100
0.753473 -0.0712 0.130554 100
0.751404 -0.0602 0.130195 100
0.749236 -0.0494 0.12982 100
0.746872 -0.0386 0.12941 100
0.743423 -0.0279 0.128812 0
0.744704 -0.0174 0.129034 0
0.750168 0.0036 0.13376 100
0.752039 0.0143 0.134094 100
0.754697 0.025 0.134568 100
0.759225 0.0359 0.135375 100
0.763557 0.047 0.136148 100
0.765723 0.058 0.136534 100
0.769759 0.0693 0.137254 100
0.776552 0.0811 0.138465 100
0.782262 0.0929 0.139483 100
0.787775 0.1049 0.140466 100
0.793977 0.1172 0.141572 100
0.80205 0.13 0.143011 100
0.809926 0.1431 0.144416 100
0.81849 0.1566 0.145943 100
0.829714 0.1709 0.147944 100
0.836014 0.1846 0.149067 100
0.858263 0.2023 0.153035 100
0.879331 0.2204 0.156791 100
0.921959 0.245 0.164392 47
0.922451 -0.3101 0.16448 29
0.886321 -0.284 0.158037 38
0.859937 -0.2622 0.153333 100
0.838869 -0.2429 0.149576 100
0.819278 -0.2247 0.146083 100
0.814651 -0.2111 0.145258 100
0.804019 -0.1963 0.143362 100
0.797127 -0.1827 0.142134 100
0.789842 -0.1693 0.140835 100
0.781474 -0.156 0.139343 100
0.774878 -0.1432 0.138166 100
0.77094 -0.1313 0.137464 100
0.766806 -0.1194 0.136727 100
0.762474 -0.1077 0.135955 100
0.759028 -0.0963 0.13534 100
0.754401 -0.0848 0.134515 100
0.751546 -0.0737 0.134006 100
0.750562 -0.0629 0.133831 100
0.750365 -0.0522 0.133795 100
0.748101 -0.0414 0.133392 100
0.74564 -0.0307 0.132953 0
0.74495 -0.0201 0.13283 100
0.749118 0.0095 0.149553 100
0.753825 0.0203 0.150492 100
0.757453 0.0311 0.151217 100
0.761866 0.0422 0.152098 100
0.767063 0.0534 0.153135 100
0.772065 0.0648 0.154134 100
0.775987 0.0763 0.154917 100
0.777851 0.0876 0.155289 100
0.783342 0.0996 0.156385 100
0.790697 0.1119 0.157853 100
0.798738 0.1247 0.159459 100
0.808545 0.138 0.161416 100
0.819136 0.1518 0.163531 100
0.82855 0.1658 0.16541 100
0.835807 0.1796 0.166859 100
0.857185 0.197 0.171127 100
0.879152 0.2152 0.175512 100
0.925536 0.2405 0.184772 49
0.912102 -0.3024 0.18209 20
0.866501 -0.2737 0.172987 43
0.845712 -0.254 0.168836 100
0.834924 -0.238 0.166683 100
0.816292 -0.2202 0.162963 100
0.800209 -0.2037 0.159752 100
0.797169 -0.1909 0.159145 100
0.790109 -0.1774 0.157736 100
0.780891 -0.1637 0.155896 100
0.773438 -0.1507 0.154408 100
0.768731 -0.1385 0.153468 100
0.766671 -0.1269 0.153057 100
0.763435 -0.1153 0.152411 100
0.760101 -0.1037 0.151745 100
0.756571 -0.0923 0.15104 100
0.754805 -0.0812 0.150688 100
0.751961 -0.0701 0.15012 100
0.749902 -0.0592 0.149709 100
0.748725 -0.0484 0.149474 100
0.747352 -0.0376 0.1492 100
0.745783 -0.0269 0.148887 100
0.746078 -0.0163 0.148946 100
0.749624 0.0091 0.152104 100
0.752368 0.0198 0.152661 100
0.755014 0.0307 0.153198 100
0.758444 0.0416 0.153894 100
0.762659 0.0528 0.154749 100
0.766775 0.064 0.155584 100
0.770695 0.0754 0.156379 100
0.774419 0.0869 0.157135 100
0.780985 0.0989 0.158467 100
0.789217 0.1114 0.160138 100
0.798332 0.1243 0.161987 100
0.807152 0.1375 0.163777 100
0.814796 0.1507 0.165328 100
0.825184 0.1648 0.167436 100
0.829594 0.178 0.168331 100
0.849979 0.195 0.172467 100
0.87301 0.2134 0.17714 100
0.904175 0.2347 0.183463 100
0.956704 0.2629 0.194122 33
0.911133 -0.3005 0.184875 26
0.865464 -0.2719 0.175609 47
0.844687 -0.2522 0.171393 52
0.833809 -0.2361 0.169186 100
0.815188 -0.2184 0.165407 100
0.801958 -0.2027 0.162723 100
0.79794 -0.1897 0.161908 100
0.789903 -0.1759 0.160277 100
0.781671 -0.1625 0.158607 100
0.776085 -0.1498 0.157473 100
0.773243 -0.1379 0.156896 100
0.769323 -0.1259 0.156101 100
0.763149 -0.1138 0.154848 100
0.759817 -0.1023 0.154172 100
0.756288 -0.0909 0.153456 100
0.752564 -0.0796 0.152701 100
0.749624 -0.0685 0.152104 100
0.748546 -0.0577 0.151885 100
0.74737 -0.0469 0.151647 100
0.7459 -0.0361 0.151348 100
0.74541 -0.0255 0.151249 100
0.747664 -0.0149 0.151706 100
0.750489 0.0032 0.15829 100
0.751369 0.0139 0.158475 100
0.754011 0.0247 0.159033 100
0.758512 0.0357 0.159982 100
0.763796 0.0469 0.161096 100
0.769863 0.0583 0.162376 100
0.774853 0.0698 0.163428 100
0.777788 0.0813 0.164047 100
0.783365 0.0931 0.165224 100
0.788845 0.1052 0.166379 100
0.795988 0.1177 0.167886 100
0.804011 0.1307 0.169578 100
0.811741 0.1438 0.171209 100
0.822211 0.1578 0.173417 100
0.82769 0.1711 0.174573 100
0.846281 0.1875 0.178494 100
0.87133 0.2061 0.183777 100
0.899706 0.2264 0.189762 100
0.936301 0.2498 0.19748 38
0.885322 -0.2862 0.186728 40
0.8545 -0.2629 0.180227 52
0.838258 -0.2449 0.176801 100
0.818884 -0.2266 0.172715 100
0.802935 -0.21 0.169351 100
0.8 -0.1971 0.168732 100
0.793052 -0.1834 0.167267 100
0.787866 -0.1705 0.166173 100
0.781409 -0.1575 0.164811 100
0.773874 -0.1445 0.163222 100
0.768982 -0.1323 0.16219 100
0.765949 -0.1206 0.16155 100
0.764579 -0.1092 0.161261 100
0.761154 -0.0977 0.160539 100
0.757534 -0.0863 0.159775 100
0.753816 -0.075 0.158991 100
0.750782 -0.0639 0.158352 100
0.748728 -0.0529 0.157918 100
0.748336 -0.0422 0.157836 100
0.748923 -0.0315 0.157959 100
0.749217 -0.0208 0.158021 100
0.752724 0.007 0.162195 100
0.758394 0.0179 0.163416 100
0.759078 0.0287 0.163564 100
0.762499 0.0398 0.164301 100
0.76768 0.051 0.165417 100
0.772764 0.0625 0.166513 100
0.776772 0.074 0.167376 100
0.780486 0.0856 0.168177 100
0.788014 0.0978 0.169799 100
0.796323 0.1104 0.171589 100
0.802384 0.1229 0.172895 100
0.809325 0.1358 0.174391 100
0.81998 0.1497 0.176687 100
0.831222 0.164 0.179109 100
0.837576 0.1777 0.180478 100
0.85703 0.1946 0.18467 100
0.882837 0.2137 0.190231 100
0.927219 0.2385 0.199794 49
0.912067 -0.3031 0.196529 25
0.869445 -0.2752 0.187345 45
0.842171 -0.2535 0.181468 100
0.82389 -0.2352 0.177529 100
0.819491 -0.2214 0.176582 100
0.807174 -0.2058 0.173927 100
0.796616 -0.1911 0.171652 100
0.786743 -0.1769 0.169525 100
0.779509 -0.1636 0.167966 100
0.774914 -0.1512 0.166976 100
0.770222 -0.1389 0.165965 100
0.765236 -0.1267 0.164891 100
0.762108 -0.1151 0.164217 100
0.760642 -0.1038 0.163901 100
0.7581 -0.0924 0.163353 100
0.756341 -0.0813 0.162974 100
0.755461 -0.0703 0.162784 100
0.751453 -0.0591 0.161921 100
0.748325 -0.0481 0.161247 100
0.746956 -0.0374 0.160952 100
0.747347 -0.0267 0.161036 100
0.748618 -0.016 0.16131 100
0.748437 0.0016 0.17224 100
0.751263 0.0124 0.17289 100
0.75594 0.0233 0.173967 100
0.759351 0.0343 0.174752 100
0.761788 0.0453 0.175312 100
0.765978 0.0565 0.176277 100
0.770948 0.068 0.177421 100
0.773774 0.0794 0.178071 100
0.777478 0.0911 0.178923 100
0.784884 0.1033 0.180628 100
0.792095 0.1158 0.182287 100
0.798138 0.1284 0.183678 100
0.803985 0.1411 0.185023 100
0.80876 0.1539 0.186122 100
0.824742 0.1692 0.1898 100
0.832831 0.1833 0.191662 100
0.856804 0.2014 0.197179 100
0.879608 0.2201 0.202427 100
0.927457 0.2461 0.213438 47
0.936423 -0.311 0.215502 29
0.88565 -0.2802 0.203817 42
0.856609 -0.2577 0.197134 51
0.831856 -0.2374 0.191438 100
0.811489 -0.2191 0.18675 100
0.807688 -0.2058 0.185876 100
0.798138 -0.1912 0.183678 100
0.790146 -0.1774 0.181839 100
0.784884 -0.1645 0.180628 100
0.777478 -0.1514 0.178923 100
0.770753 -0.1387 0.177376 100
0.766855 -0.1267 0.176479 100
0.762665 -0.1149 0.175514 100
0.758377 -0.1031 0.174527 100
0.755843 -0.0918 0.173944 100
0.754089 -0.0807 0.173541 100
0.751263 -0.0695 0.17289 100
0.749216 -0.0585 0.172419 100
0.747949 -0.0477 0.172128 100
0.74756 -0.0369 0.172038 100
0.748047 -0.0262 0.17215 100
0.748242 -0.0155 0.172195 100
0.756354 0.0043 0.173506 100
0.760155 0.0152 0.174378 100
0.761812 0.0262 0.174758 100
0.763274 0.0372 0.175094 100
0.766588 0.0484 0.175854 100
0.770682 0.0597 0.176793 100
0.773704 0.0711 0.177486 100
0.77653 0.0826 0.178134 100
0.782183 0.0945 0.179431 100
0.791443 0.1071 0.181555 100
0.800507 0.12 0.183635 100
0.810352 0.1334 0.185893 100
0.820878 0.1472 0.188308 100
0.832282 0.1616 0.190924 100
0.836668 0.1748 0.19193 100
0.854212 0.1913 0.195955 100
0.876143 0.2094 0.200985 100
0.905383 0.2301 0.207693 100
0.905481 -0.2926 0.207715 28
0.863667 -0.2655 0.198123 46
0.84466 -0.2466 0.193763 100
0.82351 -0.2277 0.188911 100
0.817954 -0.2136 0.187637 100
0.80655 -0.1984 0.185021 100
0.796901 -0.184 0.182807 100
0.790663 -0.1707 0.181377 100
0.784328 -0.1576 0.179923 100
0.776823 -0.1446 0.178202 100
0.77 -0.132 0.176636 100
0.766978 -0.1202 0.175943 100
0.763664 -0.1085 0.175183 100
0.760253 -0.097 0.1744 100
0.758596 -0.0857 0.17402 100
0.758693 -0.0748 0.174043 100
0.757719 -0.0637 0.173819 100
0.7546 -0.0526 0.173104 100
0.750409 -0.0415 0.172142 100
0.748947 -0.0307 0.171807 100
0.749239 -0.02 0.171874 100
0.753276 0.0027 0.186417 100
0.756091 0.0136 0.187114 100
0.756771 0.0245 0.187282 100
0.758324 0.0354 0.187666 100
0.760653 0.0465 0.188243 100
0.764827 0.0578 0.189276 100
0.768807 0.0692 0.190261 100
0.771623 0.0806 0.190957 100
0.776282 0.0924 0.19211 100
0.782592 0.1046 0.193672 100
0.791716 0.1173 0.19593 100
0.800647 0.1304 0.19814 100
0.809286 0.1438 0.200278 100
0.819673 0.1578 0.202849 100
0.825012 0.1711 0.20417 100
0.845397 0.188 0.209215 100
0.86452 0.2053 0.213947 100
0.891894 0.2253 0.220722 100
0.947905 0.254 0.234583 39
0.879372 -0.2793 0.217623 38
0.856075 -0.2585 0.211857 100
0.836078 -0.2395 0.206908 100
0.81579 -0.2211 0.201888 100
0.811131 -0.2074 0.200735 100
0.798803 -0.1921 0.197684 100
0.789969 -0.178 0.195498 100
0.78463 -0.1651 0.194176 100
0.780165 -0.1525 0.193071 100
0.772593 -0.1395 0.191197 100
0.766672 -0.1272 0.189732 100
0.763566 -0.1154 0.188963 100
0.76211 -0.104 0.188603 100
0.759586 -0.0926 0.187978 100
0.755994 -0.0812 0.18709 100
0.754053 -0.07 0.186609 100
0.753082 -0.0591 0.186369 100
0.749878 -0.048 0.185576 100
0.748519 -0.0371 0.18524 100
0.748034 -0.0263 0.18512 100
0.747258 -0.0156 0.184928 100
0.753458 0.0039 0.189815 100
0.755301 0.0148 0.190279 100
0.755979 0.0257 0.19045 100
0.757434 0.0367 0.190817 100
0.761701 0.0479 0.191891 100
0.76684 0.0593 0.193186 100
0.770816 0.0708 0.194188 100
0.774598 0.0824 0.19514 100
0.782064 0.0946 0.197022 100
0.791277 0.1072 0.199342 100
0.798355 0.1199 0.201126 100
0.80621 0.133 0.203104 100
0.81581 0.1466 0.205523 100
0.826186 0.1608 0.208137 100
0.831519 0.1742 0.20948 100
0.848974 0.1906 0.213878 100
0.870889 0.2087 0.219399 100
0.898041 0.2289 0.226239 100
0.879616 -0.2855 0.221597 38
0.851883 -0.2631 0.214611 52
0.829192 -0.2431 0.208894 100
0.810865 -0.2252 0.204277 100
0.807277 -0.2118 0.203373 100
0.798743 -0.1974 0.201223 100
0.790889 -0.1834 0.199245 100
0.78381 -0.17 0.197461 100
0.778477 -0.1571 0.196118 100
0.770913 -0.1441 0.194212 100
0.765192 -0.1317 0.192771 100
0.762089 -0.1199 0.191989 100
0.758792 -0.1083 0.191159 100
0.756367 -0.0968 0.190548 100
0.753749 -0.0855 0.189888 100
0.751907 -0.0744 0.189424 100
0.751907 -0.0635 0.189424 100
0.750743 -0.0525 0.189131 100
0.749482 -0.0416 0.188813 100
0.749967 -0.0308 0.188935 100
0.748319 -0.0199 0.18852 100
0.751926 0.0108 0.191384 100
0.755609 0.0218 0.192321 100
0.75619 0.0327 0.192469 100
0.760551 0.0438 0.193579 100
0.764718 0.0551 0.19464 100
0.768692 0.0666 0.195651 100
0.773537 0.0782 0.196885 100
0.781968 0.0904 0.199031 100
0.790303 0.1029 0.201152 100
0.795536 0.1153 0.202484 100
0.801641 0.1279 0.204038 100
0.810266 0.1413 0.206233 100
0.814046 0.154 0.207195 100
0.830908 0.1696 0.211487 100
0.838952 0.1838 0.213534 100
0.863761 0.2023 0.219849 100
0.891089 0.2222 0.226805 100
0.930241 0.2462 0.23677 36
0.908145 -0.3034 0.231146 23
0.875099 -0.2785 0.222735 44
0.84903 -0.2569 0.216099 51
0.829067 -0.238 0.211018 100
0.809685 -0.2199 0.206085 100
0.797571 -0.2044 0.203002 100
0.795536 -0.1917 0.202484 100
0.787686 -0.1779 0.200486 100
0.779546 -0.1644 0.198414 100
0.771211 -0.1511 0.196293 100
0.765494 -0.1386 0.194837 100
0.762586 -0.1268 0.194097 100
0.761326 -0.1153 0.193777 100
0.759873 -0.104 0.193407 100
0.757353 -0.0926 0.192765 100
0.755706 -0.0813 0.192346 100
0.752798 -0.0701 0.191606 100
0.749891 -0.0589 0.190866 100
0.746693 -0.0479 0.190052 100
0.746305 -0.0371 0.189953 100
0.747662 -0.0264 0.190299 100
0.746984 -0.0156 0.190126 100
0.748246 0.0005 0.19003 100
0.750088 0.0113 0.190498 100
0.752802 0.0222 0.191187 100
0.75726 0.0333 0.19232 100
0.761525 0.0444 0.193403 100
0.767631 0.0559 0.194953 100
0.769763 0.0672 0.195495 100
0.772574 0.0786 0.196209 100
0.777226 0.0904 0.19739 100
0.784592 0.1027 0.199261 100
0.791765 0.1152 0.201083 100
0.797774 0.1279 0.202609 100
0.806497 0.1412 0.204824 100
0.817837 0.1553 0.207704 100
0.830922 0.1702 0.211027 100
0.837997 0.1842 0.212824 100
0.861937 0.2024 0.218904 100
0.89208 0.2231 0.22656 100
0.948974 0.2518 0.241009 36
0.9072 -0.3037 0.230399 22
0.875991 -0.2794 0.222473 47
0.848949 -0.2575 0.215606 100
0.827142 -0.238 0.210067 100
0.808726 -0.2202 0.20539 100
0.805043 -0.2068 0.204455 100
0.795545 -0.1923 0.202043 100
0.788566 -0.1787 0.20027 100
0.781394 -0.1653 0.198449 100
0.773155 -0.152 0.196356 100
0.766468 -0.1393 0.194658 100
0.76356 -0.1274 0.19392 100
0.760362 -0.1157 0.193107 100
0.758035 -0.1042 0.192516 100
0.754546 -0.0927 0.19163 100
0.752802 -0.0815 0.191187 100
0.751929 -0.0705 0.190966 100
0.751832 -0.0596 0.190941 100
0.7497 -0.0486 0.1904 100
0.747374 -0.0377 0.189809 100
0.746792 -0.0269 0.189661 100
0.747083 -0.0161 0.189735 100
0.749282 0.0005 0.190015 100
0.753062 0.0114 0.190974 100
0.754807 0.0223 0.191416 100
0.757327 0.0333 0.192055 100
0.761592 0.0445 0.193137 100
0.767699 0.056 0.194685 100
0.771673 0.0675 0.195693 100
0.772642 0.0788 0.195939 100
0.776326 0.0905 0.196873 100
0.783693 0.1028 0.198741 100
0.790866 0.1153 0.20056 100
0.799783 0.1284 0.202822 100
0.80463 0.1411 0.204051 100
0.818879 0.1558 0.207664 100
0.838556 0.1721 0.212655 100
0.851254 0.1875 0.215875 100
0.867539 0.2042 0.220004 100
0.893904 0.224 0.226691 100
0.951772 0.253 0.241366 31
0.913969 -0.3081 0.231779 29
0.878298 -0.2821 0.222733 43
0.840204 -0.2566 0.213072 100
0.820236 -0.2377 0.208009 100
0.815874 -0.2238 0.206902 100
0.803854 -0.2082 0.203854 100
0.794355 -0.1936 0.201445 100
0.786407 -0.1797 0.19943 100
0.7803 -0.1665 0.197881 100
0.772933 -0.1534 0.196013 100
0.76828 -0.141 0.194833 100
0.765276 -0.1291 0.194071 100
0.763143 -0.1175 0.19353 100
0.760817 -0.1059 0.19294 100
0.755389 -0.0941 0.191564 100
0.752771 -0.0828 0.1909 100
0.752868 -0.0718 0.190924 100
0.751802 -0.0608 0.190654 100
0.74967 -0.0498 0.190113 100
0.746374 -0.0388 0.189277 100
0.74492 -0.0279 0.188909 100
0.74618 -0.0172 0.189228 100
0.751254 0.0014 0.190375 100
0.753096 0.0122 0.190842 100
0.75484 0.0231 0.191284 100
0.757361 0.0341 0.191923 100
0.761626 0.0452 0.193004 100
0.765794 0.0565 0.19406 100
0.768799 0.0679 0.194822 100
0.771707 0.0793 0.195559 100
0.778202 0.0913 0.197204 100
0.786538 0.1038 0.199317 100
0.792742 0.1162 0.200889 100
0.80166 0.1293 0.203149 100
0.805538 0.1418 0.204132 100
0.818818 0.1563 0.207497 100
0.839368 0.1727 0.212705 100
0.849353 0.1875 0.215235 100
0.870291 0.2052 0.220541 100
0.897627 0.2253 0.227468 100
0.978956 0.2607 0.248078 32
0.930488 -0.3142 0.235795 32
0.875429 -0.2818 0.221843 40
0.850322 -0.2603 0.21548 50
0.831323 -0.2416 0.210666 100
0.81116 -0.2232 0.205556 100
0.800885 -0.2081 0.202953 100
0.799819 -0.1956 0.202682 100
0.792936 -0.1819 0.200938 100
0.78586 -0.1685 0.199145 100
0.776651 -0.1549 0.196811 100
0.767151 -0.1416 0.194404 100
0.762304 -0.1294 0.193176 100
0.760172 -0.1178 0.192635 100
0.757845 -0.1064 0.192046 100
0.754356 -0.0948 0.191162 100
0.751738 -0.0836 0.190498 100
0.751835 -0.0726 0.190523 100
0.751738 -0.0618 0.190498 100
0.749606 -0.0507 0.189958 100
0.748346 -0.0399 0.189639 100
0.7498 -0.0291 0.190007 100
0.75106 -0.0184 0.190326 100
