1.40204 0 -0.254793 100
1.40686 0.0199 -0.255669 46
1.4162 0.0401 -0.257368 44
1.42004 -0.0704 -0.258065 43
1.41394 -0.0501 -0.256957 44
1.40469 -0.0298 -0.255276 50
1.40381 0.0087 -0.250563 50
1.4173 0.0289 -0.25297 45
1.42468 0.0492 -0.254288 41
1.44742 0.0706 -0.258347 26
1.45038 -0.105 -0.258874 16
1.42705 -0.083 -0.25471 39
1.41927 -0.0624 -0.253322 40
1.41208 -0.042 -0.252039 51
1.4046 -0.0219 -0.250704 47
1.36417 0.0116 -0.233427 100
1.37571 0.0312 -0.235401 100
1.38694 0.0511 -0.237323 100
1.39887 0.0714 -0.239364 100
1.41247 0.0922 -0.241692 49
1.44845 0.1151 -0.247848 1
1.45209 -0.1517 -0.248472 17
1.40202 -0.1265 -0.239904 47
1.38497 -0.1052 -0.236986 100
1.38132 -0.0852 -0.236362 100
1.37058 -0.0651 -0.234524 100
1.36348 -0.0454 -0.233309 100
1.362 -0.0261 -0.233056 100
1.36691 0.0075 -0.223106 100
1.37352 0.0269 -0.224185 100
1.38191 0.0466 -0.225554 100
1.3979 0.0669 -0.228164 100
1.40965 0.0874 -0.230081 49
1.44379 0.1099 -0.235654 42
1.43314 -0.1422 -0.233915 33
1.40146 -0.1191 -0.228744 45
1.39218 -0.0986 -0.227229 100
1.37954 -0.0782 -0.225168 100
1.37066 -0.0583 -0.223718 100
1.36543 -0.0388 -0.222864 100
1.36484 -0.0195 -0.222767 100
1.34373 0.0123 -0.2025 100
1.34541 0.0313 -0.202753 100
1.34887 0.0505 -0.203275 100
1.35688 0.0699 -0.204482 100
1.36766 0.0898 -0.206106 100
1.38793 0.1109 -0.209161 100
1.40009 0.1317 -0.210994 100
1.44142 0.1561 -0.217223 40
1.42926 -0.1579 -0.21539 39
1.39584 -0.1343 -0.210353 48
1.36904 -0.1123 -0.206315 100
1.36252 -0.0924 -0.205331 100
1.35184 -0.0725 -0.203722 100
1.34679 -0.0532 -0.202962 100
1.34442 -0.0342 -0.202604 100
1.34399 0.0114 -0.187451 100
1.34964 0.0304 -0.188238 100
1.35697 0.0498 -0.18926 100
1.36806 0.0695 -0.190807 100
1.38173 0.0897 -0.192714 100
1.3942 0.1103 -0.194454 100
1.43095 0.1335 -0.199579 100
1.42144 -0.1681 -0.198253 42
1.38915 -0.1445 -0.19375 100
1.37816 -0.1237 -0.192216 100
1.3639 -0.1031 -0.190227 100
1.35241 -0.083 -0.188625 100
1.34647 -0.0636 -0.187796 100
1.34429 -0.0446 -0.187492 100
1.3428 -0.0256 -0.187285 100
1.32299 0.0028 -0.178641 100
1.32577 0.0215 -0.179015 100
1.33231 0.0404 -0.179899 100
1.33954 0.0595 -0.180875 100
1.34747 0.0789 -0.181946 100
1.35907 0.0988 -0.183511 100
1.37542 0.1195 -0.185719 100
1.38939 0.1405 -0.187606 100
1.43161 0.1652 -0.193307 49
1.44568 -0.1963 -0.195207 47
1.39613 -0.1696 -0.188516 50
1.3668 -0.1465 -0.184555 100
1.35689 -0.1261 -0.183217 100
1.34866 -0.1062 -0.182106 100
1.34202 -0.0867 -0.18121 100
1.33419 -0.0673 -0.180153 100
1.32706 -0.0482 -0.179189 100
1.32369 -0.0294 -0.178734 100
1.32406 0.0095 -0.162574 100
1.33567 0.0284 -0.164 100
1.34212 0.0475 -0.164792 100
1.35026 0.0668 -0.165791 100
1.36306 0.0867 -0.167363 100
1.37755 0.1071 -0.169142 100
1.38976 0.1277 -0.170641 100
1.42639 0.1513 -0.175138 100
1.40912 -0.1874 -0.173018 51
1.37706 -0.1635 -0.169082 100
1.36634 -0.1428 -0.167765 100
1.35731 -0.1226 -0.166656 100
1.34698 -0.1025 -0.165389 100
1.33845 -0.083 -0.164341 100
1.33051 -0.0637 -0.163366 100
1.32624 -0.0448 -0.162842 100
1.32574 -0.0261 -0.162781 100
1.31286 0.0065 -0.155155 100
1.31564 0.025 -0.155484 100
1.31912 0.0436 -0.155895 100
1.32528 0.0625 -0.156622 100
1.33521 0.0817 -0.157796 100
1.34484 0.1013 -0.158934 100
1.35616 0.1214 -0.160272 100
1.36619 0.1417 -0.161458 100
1.39867 0.1649 -0.165296 100
1.45041 0.1917 -0.17141 51
1.42866 -0.2175 -0.16884 32
1.39519 -0.1924 -0.164885 48
1.36619 -0.1689 -0.161458 100
1.35755 -0.1485 -0.160437 100
1.34464 -0.128 -0.158911 100
1.33541 -0.1082 -0.157819 100
1.32687 -0.0887 -0.15681 100
1.31902 -0.0696 -0.155883 100
1.31584 -0.0509 -0.155507 100
1.31346 -0.0323 -0.155226 100
1.31657 0.0148 -0.139075 100
1.32025 0.0333 -0.139463 100
1.32562 0.0521 -0.140031 100
1.33269 0.071 -0.140776 100
1.34054 0.0903 -0.141606 100
1.35198 0.1101 -0.142814 100
1.37018 0.1309 -0.144737 100
1.384 0.1519 -0.146197 100
1.42527 0.1766 -0.150556 100
1.41552 -0.2044 -0.149527 38
1.37773 -0.1793 -0.145535 100
1.36729 -0.1585 -0.144432 100
1.34959 -0.1373 -0.142562 100
1.33746 -0.1172 -0.141281 100
1.32602 -0.0975 -0.140073 100
1.31936 -0.0784 -0.139369 100
1.31737 -0.0598 -0.139159 100
1.31409 -0.0412 -0.138812 100
1.31349 -0.0228 -0.138749 100
1.29849 0.0182 -0.118629 100
1.30307 0.0365 -0.119048 100
1.30935 0.0551 -0.119621 100
1.31542 0.0738 -0.120176 100
1.32329 0.0929 -0.120894 100
1.33673 0.1127 -0.122123 100
1.34988 0.1328 -0.123324 100
1.3677 0.154 -0.124952 100
1.38025 0.175 -0.126099 100
1.42108 0.2004 -0.129829 100
1.42427 -0.2264 -0.13012 32
1.38682 -0.2006 -0.126699 100
1.35496 -0.1766 -0.123788 100
1.34341 -0.156 -0.122732 100
1.33255 -0.1358 -0.121741 100
1.3214 -0.116 -0.120722 100
1.31303 -0.0968 -0.119957 100
1.30726 -0.0779 -0.11943 100
1.30128 -0.0593 -0.118884 100
1.29799 -0.0409 -0.118584 100
1.29839 -0.0227 -0.11862 100
1.29871 0.008 -0.105633 100
1.3014 0.0262 -0.105851 100
1.30589 0.0446 -0.106216 100
1.31217 0.0632 -0.106727 100
1.31815 0.082 -0.107213 100
1.32782 0.1013 -0.108 100
1.34107 0.1213 -0.109078 100
1.35512 0.1417 -0.110221 100
1.36689 0.1623 -0.111178 100
1.40207 0.1864 -0.114039 100
1.4536 0.214 -0.118231 49
1.4538 -0.2388 -0.118247 21
1.40476 -0.2106 -0.114258 50
1.37097 -0.1859 -0.11151 100
1.34665 -0.1635 -0.109532 100
1.33988 -0.1437 -0.108981 100
1.32692 -0.1235 -0.107927 100
1.31855 -0.1041 -0.107246 100
1.31386 -0.0852 -0.106865 100
1.30798 -0.0665 -0.106387 100
1.3008 -0.0479 -0.105803 100
1.29841 -0.0296 -0.105608 100
1.28941 0.0045 -0.0962724 100
1.2922 0.0226 -0.0964808 100
1.2948 0.0408 -0.0966744 100
1.30008 0.0592 -0.097069 100
1.30806 0.078 -0.0976647 100
1.31673 0.097 -0.0983125 100
1.32521 0.1163 -0.0989454 100
1.33738 0.1363 -0.0998537 100
1.35513 0.1573 -0.101179 100
1.36769 0.1782 -0.102117 100
1.40649 0.2033 -0.105014 100
1.44488 0.2296 -0.10788 41
1.40549 -0.2299 -0.104939 50
1.37009 -0.2044 -0.102296 100
1.34316 -0.1812 -0.100286 100
1.33658 -0.1613 -0.0997942 100
1.32182 -0.1408 -0.0986922 100
1.31075 -0.1211 -0.0978657 100
1.30337 -0.102 -0.0973148 100
1.29669 -0.0832 -0.0968159 100
1.2918 -0.0647 -0.0964511 100
1.28961 -0.0465 -0.0962873 100
1.29011 -0.0285 -0.0963245 100
1.28941 0.0162 -0.0802189 100
1.295 0.0344 -0.0805666 100
1.30338 0.0529 -0.0810882 100
1.31346 0.0718 -0.0817154 100
1.32234 0.0908 -0.082268 100
1.33023 0.1289 -0.0827586 100
1.3461 0.1494 -0.0837458 100
1.36376 0.1707 -0.0848449 100
1.37305 0.1915 -0.0854224 100
1.40578 0.2161 -0.087459 100
1.4469 -0.2432 -0.0900173 40
1.3989 -0.2151 -0.0870306 100
1.36516 -0.1904 -0.0849318 100
1.34001 -0.1678 -0.0833671 100
1.33123 -0.1478 -0.0828206 100
1.32125 -0.128 -0.0821997 100
1.31396 -0.1087 -0.0817464 100
1.30737 -0.0898 -0.0813366 100
1.29959 -0.071 -0.0808523 100
1.2944 -0.0526 -0.0805294 100
1.293 -0.0344 -0.0804425 100
1.28537 0.0025 -0.0646644 100
1.28817 0.0204 -0.0648051 100
1.28877 0.0384 -0.0648353 100
1.29316 0.0566 -0.0650563 100
1.30115 0.0752 -0.0654583 100
1.31094 0.0941 -0.0659507 100
1.32053 0.1133 -0.066433 100
1.33271 0.1331 -0.067046 100
1.34959 0.1538 -0.0678952 100
1.36118 0.1744 -0.068478 100
1.39813 0.199 -0.070337 100
1.44557 0.2263 -0.0727236 52
1.4196 -0.2602 -0.0714173 42
1.38665 -0.2343 -0.0697592 100
1.34829 -0.2085 -0.0678298 100
1.33721 -0.1877 -0.0672721 100
1.32283 -0.1669 -0.0665486 100
1.31414 -0.1473 -0.0661115 100
1.30615 -0.1279 -0.0657095 100
1.29676 -0.1088 -0.0652372 100
1.29127 -0.0902 -0.0649609 100
1.28837 -0.072 -0.0648152 100
1.28727 -0.0539 -0.0647599 100
1.28587 -0.0359 -0.0646896 100
1.28778 0.0117 -0.0537488 100
1.28958 0.0298 -0.0538238 100
1.29098 0.0479 -0.0538822 100
1.29317 0.0661 -0.053974 100
1.30107 0.0848 -0.0543034 100
1.31376 0.104 -0.054833 100
1.32315 0.1234 -0.055225 100
1.33314 0.1432 -0.055642 100
1.34893 0.164 -0.0563009 100
1.36032 0.1848 -0.0567763 100
1.39718 0.2097 -0.0583151 100
1.43355 0.2357 -0.059833 52
1.45693 -0.2647 -0.0608088 51
1.40428 -0.2349 -0.0586111 50
1.36691 -0.2091 -0.0570515 100
1.34303 -0.1862 -0.0560549 100
1.33754 -0.1664 -0.0558255 100
1.32385 -0.146 -0.0552542 100
1.31286 -0.1262 -0.0547955 100
1.30247 -0.1068 -0.0543618 100
1.29387 -0.0879 -0.0540031 100
1.28898 -0.0695 -0.0537988 100
1.28688 -0.0513 -0.0537112 100
1.28648 -0.0333 -0.0536946 100
1.27754 0.0018 -0.034346 100
1.27934 0.0196 -0.0343944 100
1.28394 0.0376 -0.034518 100
1.28833 0.0558 -0.0346363 100
1.29143 0.074 -0.0347196 100
1.29623 0.0924 -0.0348486 100
1.30483 0.1113 -0.0350797 100
1.31502 0.1307 -0.0353538 100
1.33002 0.151 -0.035757 100
1.34761 0.1721 -0.03623 100
1.35791 0.1927 -0.0365068 100
1.3946 0.2178 -0.0374931 100
1.43578 0.2448 -0.0386003 100
1.43738 -0.2699 -0.0386433 40
1.3937 -0.2416 -0.0374689 100
1.36141 -0.2165 -0.0366008 100
1.33562 -0.1933 -0.0359075 100
1.32722 -0.1732 -0.0356817 100
1.31462 -0.153 -0.0353431 100
1.30573 -0.1335 -0.0351039 100
1.29753 -0.1144 -0.0348835 100
1.29103 -0.0957 -0.0347089 100
1.28823 -0.0774 -0.0346336 100
1.28614 -0.0593 -0.0345772 100
1.28084 -0.0411 -0.0344347 100
1.27734 -0.0232 -0.0343407 100
1.27573 0.0027 -0.0262772 100
1.27853 0.0206 -0.0263349 100
1.28313 0.0386 -0.0264296 100
1.28753 0.0567 -0.0265202 100
1.29253 0.0751 -0.0266232 100
1.30032 0.0938 -0.0267838 100
1.30882 0.1128 -0.0269589 100
1.31612 0.132 -0.0271092 100
1.32902 0.1521 -0.0273748 100
1.34761 0.1733 -0.0277579 100
1.35891 0.1941 -0.0279906 100
1.3966 0.2195 -0.028767 100
1.45149 0.2489 -0.0298975 51
1.4004 -0.245 -0.0288452 100
1.36131 -0.2186 -0.02804 100
1.35031 -0.1975 -0.0278135 100
1.33122 -0.1757 -0.0274202 100
1.31762 -0.1552 -0.0271401 100
1.30872 -0.1356 -0.0269568 100
1.29852 -0.1163 -0.0267467 100
1.29103 -0.0974 -0.0265923 100
1.28933 -0.0792 -0.0265573 100
1.28533 -0.0609 -0.0264749 100
1.28003 -0.0427 -0.0263658 100
1.27853 -0.0248 -0.0263349 100
1.27295 0.0091 -0.0117754 100
1.27665 0.027 -0.0118096 100
1.28215 0.045 -0.0118605 100
1.28834 0.0632 -0.0119178 100
1.29434 0.0817 -0.0119733 100
1.30204 0.1004 -0.0120446 100
1.31344 0.1198 -0.01215 100
1.32664 0.1397 -0.0122721 100
1.33344 0.1593 -0.012335 100
1.35584 0.1812 -0.0125422 100
1.39184 0.2058 -0.0128752 100
1.42734 0.2315 -0.0132036 100
1.45184 -0.297 -0.0134302 34
1.38814 -0.2638 -0.012841 52
1.35024 -0.2371 -0.0124904 100
1.33964 -0.216 -0.0123924 100
1.32274 -0.1944 -0.012236 100
1.31144 -0.1741 -0.0121315 100
1.29984 -0.1541 -0.0120242 100
1.28994 -0.1347 -0.0119326 100
1.28475 -0.116 -0.0118845 100
1.27825 -0.0975 -0.0118244 100
1.27445 -0.0793 -0.0117893 100
1.27245 -0.0614 -0.0117708 100
1.27125 -0.0435 -0.0117597 100
1.27165 -0.0258 -0.0117634 100
1.273 0.0044 -0.00311052 100
1.2738 0.0222 -0.00311248 100
1.2754 0.04 -0.00311639 100
1.2797 0.0581 -0.00312689 100
1.2857 0.0763 -0.00314155 100
1.2925 0.0948 -0.00315817 100
1.3 0.1136 -0.0031765 100
1.3103 0.1329 -0.00320166 100
1.3232 0.1529 -0.00323318 100
1.3388 0.1737 -0.0032713 100
1.3481 0.1941 -0.00329403 100
1.3789 0.2181 -0.00336929 100
1.419 0.2448 -0.00346727 100
1.4264 -0.2873 -0.00348535 25
1.386 -0.2591 -0.00338663 100
1.3501 -0.2329 -0.00329891 100
1.3403 -0.2121 -0.00327497 100
1.3244 -0.1906 -0.00323612 100
1.311 -0.1701 -0.00320337 100
1.2984 -0.1501 -0.00317259 100
1.2894 -0.1308 -0.0031506 100
1.2851 -0.1123 -0.00314009 100
1.2806 -0.0939 -0.00312909 100
1.2758 -0.0757 -0.00311736 100
1.2737 -0.0578 -0.00311223 100
1.2724 -0.0399 -0.00310906 100
1.27099 0.0044 0.00532394 100
1.27279 0.0222 0.00533148 100
1.27539 0.0401 0.00534237 100
1.27869 0.0581 0.00535619 100
1.28569 0.0764 0.00538551 100
1.29249 0.0949 0.005414 100
1.30099 0.1138 0.0054496 100
1.31219 0.1333 0.00549651 100
1.32619 0.1534 0.00555516 100
1.33479 0.1733 0.00559118 100
1.36389 0.1965 0.00571307 100
1.39659 0.2212 0.00585005 100
1.43479 0.2478 0.00601006 100
1.41529 -0.2761 0.00592838 43
1.37479 -0.2483 0.00575873 100
1.34159 -0.223 0.00561966 100
1.33269 -0.2025 0.00558238 100
1.31859 -0.1815 0.00552332 100
1.30709 -0.1614 0.00547515 100
1.29729 -0.1418 0.0054341 100
1.28719 -0.1226 0.00539179 100
1.27879 -0.1038 0.00535661 100
1.27309 -0.0854 0.00533273 100
1.27019 -0.0675 0.00532059 100
1.27099 -0.0497 0.00532394 100
1.26959 -0.0319 0.00531807 100
1.26985 0 0.019505 100
1.27175 0.0178 0.0195342 100
1.27435 0.0356 0.0195741 100
1.28075 0.0537 0.0196724 100
1.28685 0.072 0.0197661 100
1.29465 0.0906 0.0198859 100
1.30425 0.1095 0.0200334 100
1.31554 0.129 0.0202069 100
1.32754 0.1489 0.0203912 100
1.33524 0.1687 0.0205095 100
1.36244 0.1915 0.0209272 100
1.39624 0.2162 0.0214463 100
1.43243 0.2423 0.0220023 100
1.39784 -0.2758 0.0214709 51
1.37014 -0.2505 0.0210455 100
1.33894 -0.2256 0.0205663 100
1.32124 -0.2036 0.0202945 100
1.31604 -0.1841 0.0202146 100
1.30455 -0.1639 0.020038 100
1.29285 -0.1441 0.0198583 100
1.28475 -0.1251 0.0197339 100
1.27945 -0.1066 0.0196525 100
1.27475 -0.0883 0.0195803 100
1.27195 -0.0702 0.0195373 100
1.26975 -0.0523 0.0195035 100
1.26835 -0.0345 0.019482 100
1.26531 0.0009 0.0417536 100
1.26721 0.0185 0.0418163 100
1.27081 0.0363 0.041935 100
1.2771 0.0542 0.0421428 100
1.2843 0.0725 0.0423803 100
1.2901 0.0908 0.0425715 100
1.29869 0.1096 0.0428552 100
1.31099 0.129 0.0432608 100
1.32298 0.1488 0.0436566 100
1.33857 0.1695 0.0441711 100
1.34497 0.1893 0.0443822 100
1.37385 0.2129 0.0453353 100
1.41903 0.2402 0.0468261 100
1.45221 -0.3018 0.047921 35
1.39634 -0.27 0.0460774 100
1.35376 -0.2423 0.0446724 100
1.33627 -0.22 0.0440953 100
1.31349 -0.1976 0.0433433 100
1.30819 -0.1782 0.0431685 100
1.29569 -0.1581 0.0427562 100
1.2878 -0.139 0.0424957 100
1.2827 -0.1204 0.0423275 100
1.27621 -0.1019 0.0421131 100
1.27151 -0.0838 0.0419581 100
1.26861 -0.0659 0.0418625 100
1.26741 -0.0481 0.0418229 100
1.26491 -0.0304 0.0417404 100
1.26492 0.0141 0.0499198 100
1.26761 0.0318 0.0500262 100
1.27401 0.0498 0.0502786 100
1.2812 0.068 0.0505625 100
1.2861 0.0862 0.0507558 100
1.29179 0.1047 0.0509805 100
1.30109 0.1237 0.0513473 100
1.31418 0.1435 0.0518639 100
1.32697 0.1636 0.0523686 100
1.34335 0.1847 0.0530154 100
1.35445 0.2055 0.0534531 100
1.39292 0.2312 0.0549713 100
1.45447 0.2623 0.0574004 100
1.42299 -0.2885 0.0561583 29
1.38362 -0.2605 0.0546046 100
1.34675 -0.2342 0.0531494 100
1.33606 -0.2132 0.0527275 100
1.32017 -0.1918 0.0521005 100
1.30778 -0.1714 0.0516115 100
1.29719 -0.1517 0.0511935 100
1.2882 -0.1324 0.0508386 100
1.282 -0.1138 0.0505941 100
1.27541 -0.0953 0.0503338 100
1.26971 -0.0771 0.0501091 100
1.26561 -0.0592 0.0499474 100
1.26332 -0.0414 0.0498567 100
1.26282 -0.0238 0.049837 100
1.26333 0.0022 0.0648821 100
1.26413 0.0199 0.0649231 100
1.26573 0.0376 0.0650052 100
1.27013 0.0555 0.0652308 100
1.27622 0.0736 0.0655437 100
1.28301 0.092 0.0658925 100
1.2886 0.1105 0.0661797 100
1.29789 0.1296 0.0666567 100
1.31077 0.1494 0.0673183 100
1.32545 0.1699 0.0680723 100
1.34173 0.191 0.0689083 100
1.35172 0.2118 0.0694212 100
1.38707 0.2372 0.0712369 100
1.4435 0.2677 0.0741348 100
1.44799 -0.2921 0.0743656 23
1.39296 -0.2608 0.0715395 100
1.35122 -0.2335 0.0693956 100
1.33854 -0.2121 0.0687442 100
1.32066 -0.1904 0.0678261 100
1.30828 -0.17 0.0671901 100
1.29759 -0.1502 0.0666413 100
1.2897 -0.1311 0.0662361 100
1.28341 -0.1123 0.065913 100
1.27592 -0.0937 0.0655283 100
1.26913 -0.0754 0.0651795 100
1.26503 -0.0575 0.0649693 100
1.26274 -0.0397 0.0648513 100
1.26114 -0.022 0.0647692 100
1.26378 0.0062 0.0748613 100
1.26359 0.0238 0.0748495 100
1.26708 0.0416 0.0750564 100
1.27137 0.0595 0.0753107 100
1.27636 0.0776 0.0756064 100
1.28215 0.096 0.0759493 100
1.28964 0.1146 0.0763928 100
1.29882 0.1338 0.0769368 100
1.3118 0.1536 0.0777056 100
1.32727 0.1743 0.0786221 100
1.34644 0.1959 0.0797574 100
1.35642 0.2168 0.0803488 100
1.39266 0.2425 0.0824953 100
1.44896 0.2732 0.0858303 100
1.40035 -0.2671 0.0829506 47
1.36561 -0.2408 0.0808928 100
1.33426 -0.2161 0.079036 100
1.32538 -0.1957 0.0785098 100
1.3131 -0.1752 0.0777824 100
1.30252 -0.1553 0.0771556 100
1.29164 -0.1358 0.0765111 100
1.28245 -0.1167 0.0759671 100
1.27696 -0.0983 0.0756418 100
1.27227 -0.08 0.0753639 100
1.26828 -0.062 0.0751274 100
1.26498 -0.0442 0.0749323 100
1.26249 -0.0265 0.0747844 100
1.25902 0.0004 0.0867143 100
1.26191 0.018 0.0869135 100
1.2655 0.0357 0.0871609 100
1.26889 0.0535 0.0873945 100
1.27398 0.0715 0.087745 100
1.28186 0.0899 0.0882878 100
1.28845 0.1084 0.0887413 100
1.29773 0.1274 0.0893803 100
1.3087 0.1469 0.0901361 100
1.32137 0.167 0.0910088 100
1.32885 0.1868 0.0915241 100
1.35669 0.21 0.0934412 100
1.38801 0.2347 0.0955987 100
1.42293 0.261 0.0980036 100
1.44218 -0.288 0.0993298 20
1.38622 -0.2568 0.095475 100
1.35519 -0.2316 0.0933381 100
1.32775 -0.2079 0.0914485 100
1.31957 -0.1878 0.0908851 100
1.3072 -0.1675 0.0900331 100
1.29653 -0.1478 0.0892978 100
1.28755 -0.1287 0.0886794 100
1.27927 -0.1099 0.0881091 100
1.27169 -0.0914 0.0875869 100
1.2679 -0.0734 0.0873258 100
1.2648 -0.0555 0.0871128 100
1.26141 -0.0378 0.0868792 100
1.25882 -0.0202 0.0867005 100
1.25696 0.0132 0.0995872 100
1.26364 0.031 0.100116 100
1.26813 0.0489 0.100472 100
1.2752 0.067 0.101033 100
1.28318 0.0855 0.101664 100
1.28976 0.1041 0.102186 100
1.29913 0.1232 0.102928 100
1.31219 0.143 0.103963 100
1.32585 0.1633 0.105045 100
1.34319 0.1845 0.106419 100
1.35436 0.2054 0.107304 100
1.39064 0.2309 0.110179 100
1.44128 0.2601 0.114191 100
1.40679 -0.2865 0.111458 47
1.36951 -0.259 0.108504 100
1.33561 -0.2333 0.105819 100
1.32694 -0.2127 0.105132 100
1.31299 -0.1916 0.104026 100
1.30072 -0.1713 0.103055 100
1.29115 -0.1517 0.102296 100
1.28418 -0.1326 0.101743 100
1.27889 -0.114 0.101325 100
1.27142 -0.0954 0.100732 100
1.26474 -0.0771 0.100203 100
1.26065 -0.0592 0.0998795 100
1.25836 -0.0414 0.0996978 100
1.25686 -0.0238 0.0995793 100
1.25902 0.0004 0.112143 100
1.2629 0.0182 0.112489 100
1.26649 0.036 0.112808 100
1.27286 0.054 0.113376 100
1.27993 0.0723 0.114006 100
1.28671 0.0908 0.114609 100
1.29527 0.1097 0.115372 100
1.30653 0.1292 0.116375 100
1.31938 0.1491 0.117519 100
1.33402 0.1698 0.118823 100
1.34139 0.1899 0.11948 100
1.36908 0.2134 0.121946 100
1.41121 0.2403 0.125699 100
1.45763 0.2693 0.129834 45
1.44119 -0.3014 0.12837 20
1.37974 -0.2684 0.122896 100
1.34418 -0.242 0.119728 100
1.33362 -0.2208 0.118788 100
1.31788 -0.1993 0.117386 100
1.30473 -0.1786 0.116215 100
1.29418 -0.1587 0.115274 100
1.28541 -0.1394 0.114494 100
1.27934 -0.1206 0.113953 100
1.27485 -0.1021 0.113553 100
1.27017 -0.0839 0.113136 100
1.26529 -0.0657 0.112702 100
1.26011 -0.0477 0.11224 100
1.25862 -0.03 0.112107 100
1.25924 0.0168 0.119477 100
1.26781 0.0347 0.120289 100
1.27418 0.0528 0.120894 100
1.28025 0.071 0.12147 100
1.28712 0.0895 0.122122 100
1.29568 0.1084 0.122934 100
1.30693 0.1278 0.124002 100
1.32087 0.1479 0.125324 100
1.33839 0.169 0.126986 100
1.34675 0.1892 0.12778 100
1.37552 0.213 0.13051 100
1.40967 0.2386 0.133749 100
1.37751 -0.2711 0.130699 30
1.34098 -0.2444 0.127232 100
1.33052 -0.2233 0.12624 100
1.3128 -0.2014 0.124559 100
1.30165 -0.181 0.123501 100
1.2922 -0.1613 0.122604 100
1.28443 -0.142 0.121867 100
1.27836 -0.1232 0.121291 100
1.27298 -0.1047 0.120781 100
1.26741 -0.0864 0.120252 100
1.26353 -0.0683 0.119883 100
1.25835 -0.0503 0.119392 100
1.25496 -0.0326 0.119071 100
1.25965 0.008 0.126618 100
1.26433 0.0257 0.127088 100
1.2709 0.0437 0.127748 100
1.27806 0.0619 0.128468 100
1.28303 0.0802 0.128969 100
1.2897 0.0987 0.129639 100
1.29816 0.1177 0.130489 100
1.3093 0.1373 0.131609 100
1.32104 0.1572 0.132789 100
1.33746 0.1783 0.134439 100
1.3487 0.199 0.13557 100
1.38502 0.2243 0.13922 100
1.4279 0.2518 0.143531 100
1.44363 -0.3071 0.145111 11
1.38522 -0.2744 0.13924 100
1.35069 -0.248 0.13577 100
1.34035 -0.2267 0.134729 100
1.32562 -0.2051 0.133249 100
1.31259 -0.1843 0.131939 100
1.30214 -0.1643 0.130889 100
1.2905 -0.1444 0.129719 100
1.28343 -0.1255 0.129009 100
1.27716 -0.1068 0.128378 100
1.27149 -0.0884 0.127808 100
1.26771 -0.0703 0.127428 100
1.26453 -0.0523 0.127108 100
1.25915 -0.0344 0.126568 100
1.25797 0.0132 0.132218 100
1.26961 0.0312 0.133441 100
1.27408 0.0492 0.133911 100
1.28114 0.0675 0.134654 100
1.28801 0.086 0.135375 100
1.29765 0.1049 0.136389 100
1.30889 0.1243 0.13757 100
1.31893 0.144 0.138626 100
1.33166 0.1643 0.139964 100
1.34002 0.1845 0.140842 100
1.37075 0.2083 0.144072 100
1.40506 0.2338 0.147678 100
1.47806 0.2673 0.15535 48
1.40586 -0.29 0.147761 43
1.37453 -0.2635 0.144469 100
1.34081 -0.2376 0.140925 100
1.33127 -0.2167 0.139922 100
1.31645 -0.1954 0.138364 100
1.30422 -0.1749 0.137079 100
1.29169 -0.1548 0.135762 100
1.28383 -0.1356 0.134936 100
1.27766 -0.1169 0.134288 100
1.2712 -0.0983 0.133608 100
1.26652 -0.0801 0.133117 100
1.26453 -0.0622 0.132908 100
1.26125 -0.0443 0.132563 100
1.25777 -0.0265 0.132197 100
1.25981 0.0018 0.152454 100
1.26467 0.0196 0.153042 100
1.27123 0.0375 0.153835 100
1.27649 0.0556 0.154472 100
1.28155 0.0739 0.155085 100
1.28632 0.0923 0.155661 100
1.29485 0.1113 0.156694 100
1.30597 0.1307 0.15804 100
1.31789 0.1506 0.159482 100
1.33039 0.171 0.160995 100
1.33973 0.1914 0.162125 100
1.3703 0.2155 0.165825 100
1.41021 0.2421 0.170654 100
1.46332 0.2724 0.177082 41
1.41001 -0.2872 0.17063 39
1.37864 -0.2607 0.166834 100
1.34598 -0.235 0.162882 100
1.33536 -0.2138 0.161596 100
1.32047 -0.1925 0.159794 100
1.30726 -0.1718 0.158196 100
1.29575 -0.1518 0.156803 100
1.28592 -0.1324 0.155613 100
1.27867 -0.1135 0.154736 100
1.2742 -0.0951 0.154196 100
1.26944 -0.0768 0.153619 100
1.26537 -0.0587 0.153126 100
1.26309 -0.0408 0.15285 100
1.2606 -0.023 0.15255 100
1.26084 0.0078 0.160399 100
1.2655 0.0256 0.160992 100
1.27006 0.0436 0.161573 100
1.27522 0.0618 0.162229 100
1.27919 0.08 0.162734 100
1.28494 0.0985 0.163466 100
1.29427 0.1176 0.164652 100
1.30637 0.1373 0.166191 100
1.31907 0.1574 0.167807 100
1.33544 0.1785 0.169889 100
1.34565 0.1991 0.171189 100
1.38186 0.2244 0.175795 100
1.42363 0.2518 0.181108 100
1.43523 -0.297 0.182585 14
1.38662 -0.2667 0.176401 100
1.34625 -0.2393 0.171265 100
1.33474 -0.2179 0.169801 100
1.31798 -0.1962 0.167668 100
1.30776 -0.1759 0.166368 100
1.29824 -0.1561 0.165157 100
1.28653 -0.1363 0.163667 100
1.27939 -0.1174 0.162759 100
1.27492 -0.0989 0.162191 100
1.27026 -0.0806 0.161598 100
1.26629 -0.0624 0.161093 100
1.26401 -0.0445 0.160803 100
1.26054 -0.0266 0.160361 100
1.26619 0.0098 0.165798 100
1.26788 0.0276 0.166019 100
1.27234 0.0456 0.166603 100
1.27749 0.0638 0.167278 100
1.28245 0.0821 0.167927 100
1.29009 0.1008 0.168927 100
1.30139 0.1201 0.170407 100
1.3115 0.1396 0.171731 100
1.3232 0.1597 0.173263 100
1.33163 0.1797 0.174367 100
1.36049 0.2031 0.178145 100
1.39172 0.2278 0.182235 100
1.43436 0.2555 0.187818 100
1.43624 -0.2987 0.188065 20
1.38765 -0.2683 0.181703 100
1.35513 -0.2423 0.177444 100
1.32796 -0.2183 0.173887 100
1.32102 -0.1982 0.172978 100
1.30694 -0.1773 0.171134 100
1.29653 -0.1574 0.169771 100
1.28771 -0.138 0.168615 100
1.28156 -0.1192 0.16781 100
1.27819 -0.1008 0.167369 100
1.27452 -0.0825 0.166889 100
1.27055 -0.0643 0.166369 100
1.26639 -0.0463 0.165824 100
1.26391 -0.0284 0.165499 100
1.26305 0.0107 0.17414 100
1.27068 0.0287 0.175191 100
1.27603 0.0468 0.175929 100
1.28029 0.0651 0.176516 100
1.28514 0.0835 0.177185 100
1.29277 0.1023 0.178237 100
1.30208 0.1216 0.179521 100
1.31506 0.1415 0.18131 100
1.3316 0.1623 0.183591 100
1.34002 0.1826 0.184752 100
1.36677 0.2059 0.18844 100
1.41175 0.233 0.19464 100
1.46098 0.2624 0.201428 41
1.46385 -0.3154 0.201824 11
1.3952 -0.2801 0.192359 52
1.35904 -0.253 0.187374 100
1.33111 -0.2284 0.183523 100
1.32338 -0.2079 0.182457 100
1.30852 -0.1867 0.180409 100
1.29822 -0.1666 0.178988 100
1.29049 -0.1472 0.177923 100
1.28356 -0.1281 0.176967 100
1.27732 -0.1093 0.176106 100
1.27177 -0.0907 0.175342 100
1.26602 -0.0724 0.174549 100
1.26285 -0.0544 0.174112 100
1.26256 -0.0365 0.174071 100
1.26295 -0.0187 0.174126 100
1.26881 0.0054 0.190304 100
1.27355 0.0233 0.191016 100
1.27603 0.0414 0.191387 100
1.2783 0.0595 0.191728 100
1.28335 0.0778 0.192484 100
1.29195 0.0967 0.193775 100
1.30431 0.1161 0.195629 100
1.31638 0.1359 0.197438 100
1.33012 0.1562 0.1995 100
1.33863 0.1764 0.200776 100
1.36444 0.1994 0.204647 100
1.40647 0.2258 0.210951 100
1.45295 0.2543 0.217922 48
1.43693 -0.3018 0.215519 32
1.38076 -0.2698 0.207094 100
1.34347 -0.2429 0.201503 100
1.33299 -0.2217 0.19993 100
1.31825 -0.2002 0.19772 100
1.30718 -0.1798 0.196059 100
1.29679 -0.1597 0.194502 100
1.28611 -0.1401 0.1929 100
1.27801 -0.121 0.191683 100
1.27563 -0.1027 0.191327 100
1.27197 -0.0844 0.190778 100
1.26713 -0.0661 0.190052 100
1.26495 -0.0482 0.189725 100
1.26545 -0.0303 0.1898 100
1.26459 0.0161 0.197352 100
1.27408 0.0342 0.198832 100
1.27744 0.0523 0.199356 100
1.2806 0.0705 0.19985 100
1.28742 0.0891 0.200914 100
1.29878 0.1083 0.202687 100
1.31093 0.1279 0.204583 100
1.32378 0.1481 0.206588 100
1.33929 0.1689 0.209009 100
1.34956 0.1896 0.210612 100
1.38197 0.214 0.21567 100
1.43444 0.2429 0.223857 100
1.40746 -0.2865 0.219648 41
1.37436 -0.2596 0.214483 100
1.33978 -0.2336 0.209086 100
1.32042 -0.2111 0.206064 100
1.31735 -0.1916 0.205586 100
1.30619 -0.1713 0.203843 100
1.29463 -0.1512 0.202039 100
1.28287 -0.1316 0.200204 100
1.27467 -0.1126 0.198924 100
1.2721 -0.0943 0.198524 100
1.26934 -0.0761 0.198092 100
1.26538 -0.058 0.197475 100
1.2641 -0.0401 0.197275 100
1.26351 -0.0223 0.197182 100
1.26851 0.0135 0.233959 100
1.27411 0.0317 0.234993 100
1.27942 0.05 0.235972 100
1.28749 0.0686 0.237459 100
1.29722 0.0876 0.239255 100
1.30863 0.107 0.241359 100
1.32072 0.1269 0.24359 100
1.33449 0.1473 0.246129 100
1.34501 0.1678 0.24807 100
1.37963 0.1921 0.254454 100
1.41287 0.2171 0.260585 100
1.38809 -0.2903 0.256014 45
1.35033 -0.2625 0.249049 100
1.34029 -0.2409 0.247199 100
1.32308 -0.2185 0.244025 100
1.3104 -0.1974 0.241685 100
1.30027 -0.177 0.239817 100
1.28985 -0.157 0.237895 100
1.28021 -0.1374 0.236117 100
1.27214 -0.1183 0.23463 100
1.2687 -0.0999 0.233995 100
1.26801 -0.0818 0.233868 100
1.26801 -0.0637 0.233868 100
1.26683 -0.0456 0.23365 100
1.26536 -0.0276 0.233378 100
1.26917 0.0027 0.230876 100
1.27193 0.0207 0.231377 100
1.27547 0.0389 0.232022 100
1.27871 0.0571 0.232612 100
1.28668 0.0758 0.234062 100
1.29633 0.0948 0.235816 100
1.30567 0.1141 0.237516 100
1.31768 0.134 0.2397 100
1.33233 0.1546 0.242367 100
1.34375 0.1752 0.244443 100
1.3773 0.1994 0.250546 100
1.41035 0.2247 0.256559 100
1.41685 -0.2952 0.25774 30
1.37435 -0.2661 0.250009 100
1.33716 -0.2393 0.243243 100
1.32574 -0.2179 0.241167 100
1.31207 -0.1967 0.23868 100
1.30095 -0.1762 0.236657 100
1.29052 -0.1562 0.23476 100
1.28176 -0.1367 0.233167 100
1.27576 -0.1178 0.232076 100
1.27232 -0.0994 0.231449 100
1.26966 -0.0811 0.230966 100
1.26868 -0.063 0.230787 100
1.2674 -0.0449 0.230554 100
1.26691 -0.0269 0.230465 100
1.27111 0.0158 0.241787 100
1.27965 0.0341 0.243413 100
1.28683 0.0526 0.244777 100
1.29488 0.0713 0.246309 100
1.30353 0.0904 0.247954 100
1.31394 0.1099 0.249935 100
1.32799 0.1301 0.252607 100
1.33585 0.15 0.254102 100
1.36188 0.1725 0.259054 100
1.40216 0.1979 0.266715 100
1.44401 0.2248 0.274676 50
1.39155 -0.2905 0.264697 51
1.35589 -0.2631 0.257914 100
1.32838 -0.2382 0.252682 100
1.32082 -0.2176 0.251243 100
1.30814 -0.1965 0.248832 100
1.29704 -0.176 0.24672 100
1.28761 -0.1562 0.244927 100
1.27887 -0.1367 0.243263 100
1.27189 -0.1177 0.241937 100
1.26846 -0.0993 0.241283 100
1.26777 -0.0811 0.241152 100
1.26777 -0.0631 0.241152 100
1.26846 -0.0451 0.241283 100
1.26895 -0.027 0.241376 100
1.26855 0.0036 0.250259 100
1.2713 0.0217 0.250801 100
1.27581 0.0399 0.251692 100
1.28199 0.0584 0.252911 100
1.29082 0.0772 0.254653 100
1.29847 0.0961 0.256163 100
1.30877 0.1156 0.258195 100
1.32467 0.136 0.261331 100
1.34213 0.1571 0.264776 100
1.35057 0.1776 0.26644 100
1.38196 0.2017 0.272634 100
1.43141 0.2298 0.282389 49
1.40286 -0.29 0.276756 41
1.36234 -0.2616 0.268763 100
1.33193 -0.2362 0.262763 100
1.32339 -0.2153 0.261079 100
1.30976 -0.194 0.258389 100
1.29965 -0.1737 0.256395 100
1.29112 -0.1539 0.254711 100
1.28336 -0.1346 0.253182 100
1.27532 -0.1154 0.251595 100
1.26992 -0.0968 0.25053 100
1.26718 -0.0785 0.249988 100
1.2662 -0.0603 0.249795 100
1.2659 -0.0423 0.249737 100
1.26639 -0.0243 0.249834 100
1.27365 0.0064 0.297794 100
1.28124 0.0248 0.29957 100
1.2866 0.0433 0.300822 100
1.29273 0.062 0.302256 100
1.30043 0.0811 0.304055 100
1.31085 0.1006 0.306491 100
1.32302 0.1205 0.309337 100
1.33967 0.1414 0.31323 100
1.35116 0.1622 0.315916 100
1.3903 0.1871 0.325069 100
1.43198 0.2136 0.334813 100
1.43441 -0.3034 0.335382 52
1.3829 -0.2719 0.323339 52
1.3424 -0.2441 0.313867 100
1.33013 -0.2223 0.310999 100
1.31279 -0.2001 0.306946 100
1.30189 -0.1795 0.304396 100
1.29361 -0.1595 0.302461 100
1.28592 -0.1399 0.300662 100
1.28095 -0.1209 0.299501 100
1.27657 -0.1021 0.298477 100
1.27199 -0.0834 0.297407 100
1.27014 -0.0651 0.296974 100
1.26898 -0.0468 0.296701 100
1.26849 -0.0286 0.296587 100
1.2791 0.0137 0.291543 100
1.28563 0.0322 0.293031 100
1.28992 0.0508 0.294009 100
1.29499 0.0695 0.295165 100
1.30367 0.0887 0.297143 100
1.31498 0.1084 0.299721 100
1.32882 0.1287 0.302876 100
1.33857 0.1489 0.305099 100
1.36743 0.172 0.311677 100
1.40263 0.1968 0.319699 100
1.45186 0.2249 0.330922 43
1.39278 -0.2814 0.317454 38
1.36002 -0.2546 0.309988 100
1.33067 -0.2295 0.303298 100
1.32209 -0.2087 0.301343 100
1.30942 -0.1875 0.298454 100
1.29733 -0.1669 0.295698 100
1.28972 -0.1472 0.293965 100
1.28485 -0.1281 0.292854 100
1.28066 -0.1092 0.291898 100
1.2752 -0.0904 0.290654 100
1.27237 -0.072 0.290009 100
1.2713 -0.0537 0.289765 100
1.27091 -0.0355 0.289676 100
1.28399 0.0064 0.301867 100
1.29256 0.025 0.303881 100
1.29694 0.0438 0.304911 100
1.30395 0.0627 0.306559 100
1.31758 0.0824 0.309763 100
1.33481 0.1027 0.313814 100
1.3497 0.1233 0.317315 100
1.36245 0.1442 0.320313 100
1.40003 0.1685 0.329147 100
1.45746 0.218 0.34265 47
1.39847 -0.2714 0.328781 33
1.35788 -0.2434 0.319238 100
1.33228 -0.2191 0.313219 100
1.32644 -0.1987 0.311845 100
1.31553 -0.1778 0.309282 100
1.30619 -0.1575 0.307085 100
1.29558 -0.1374 0.304591 100
1.28769 -0.1179 0.302737 100
1.28526 -0.0991 0.302165 100
1.28351 -0.0805 0.301753 100
1.28156 -0.0619 0.301295 100
1.28039 -0.0434 0.30102 100
1.28185 -0.0251 0.301364 100
1.28257 0.0122 0.307443 100
1.29103 0.0308 0.309471 100
1.29637 0.0496 0.310753 100
1.30425 0.0686 0.312642 100
1.31777 0.0883 0.315882 100
1.33488 0.1087 0.319984 100
1.35171 0.1296 0.324017 100
1.36522 0.1507 0.327257 100
1.40655 0.1757 0.337164 100
1.40296 -0.2971 0.336302 24
1.36202 -0.2681 0.326488 100
1.33391 -0.2427 0.319751 100
1.32555 -0.2216 0.317747 100
1.31018 -0.1998 0.314064 100
1.30114 -0.1794 0.311896 100
1.29385 -0.1595 0.310147 100
1.28714 -0.14 0.308539 100
1.28218 -0.1209 0.30735 100
1.28072 -0.1022 0.307001 100
1.28004 -0.0837 0.306837 100
1.27819 -0.0652 0.306394 100
1.27605 -0.0467 0.305882 100
1.27848 -0.0284 0.306464 100
1.29256 0 0.325867 100
1.29537 0.0186 0.326576 100
1.29983 0.0374 0.3277 100
1.30788 0.0564 0.329729 100
1.31864 0.0759 0.332443 100
1.33202 0.0959 0.335816 100
1.34598 0.1164 0.339337 100
1.35781 0.1371 0.342319 100
1.39437 0.161 0.351535 100
1.45459 0.1892 0.366716 45
1.38429 -0.276 0.348993 44
1.34676 -0.2485 0.339532 100
1.33571 -0.2267 0.336745 100
1.32232 -0.205 0.333372 100
1.31146 -0.184 0.330634 100
1.30419 -0.164 0.3288 100
1.29857 -0.1443 0.327383 100
1.29081 -0.1247 0.325427 100
1.28557 -0.1056 0.324107 100
1.28402 -0.0869 0.323716 100
1.28208 -0.0683 0.323227 100
1.28199 -0.0498 0.323202 100
1.28344 -0.0314 0.323569 100
1.2869 0.0088 0.331857 100
1.29726 0.0276 0.334529 100
1.30646 0.0466 0.336901 100
1.3144 0.0658 0.338948 100
1.32399 0.0854 0.34142 100
1.33919 0.1057 0.345341 100
1.3511 0.1262 0.348412 100
1.3878 0.1498 0.357876 100
1.42982 0.1752 0.368713 100
1.41375 -0.2769 0.364568 35
1.36959 -0.2479 0.353181 100
1.34229 -0.2231 0.34614 100
1.33367 -0.202 0.343917 100
1.32089 -0.1807 0.340621 100
1.30975 -0.16 0.33775 100
1.30017 -0.1399 0.335278 100
1.29232 -0.1203 0.333255 100
1.28516 -0.101 0.331407 100
1.28245 -0.0822 0.330708 100
1.28061 -0.0636 0.330234 100
1.28225 -0.0452 0.330658 100
1.2837 -0.0268 0.331033 100
1.28702 0.0065 0.331407 100
1.29651 0.0252 0.333851 100
1.30571 0.0442 0.33622 100
1.31365 0.0634 0.338265 100
1.32236 0.0829 0.340509 100
1.3365 0.1032 0.34415 100
1.34851 0.1236 0.347242 100
1.38531 0.1471 0.356718 100
1.41872 0.1714 0.365321 100
1.41378 -0.2929 0.364049 25
1.36904 -0.2632 0.352529 52
1.33902 -0.2376 0.344798 100
1.33069 -0.2164 0.342654 100
1.31713 -0.1948 0.339163 100
1.30522 -0.1739 0.336096 100
1.29593 -0.1537 0.333702 100
1.28924 -0.1341 0.331981 100
1.28508 -0.115 0.330909 100
1.28266 -0.0962 0.330285 100
1.28188 -0.0776 0.330086 100
1.28188 -0.0591 0.330086 100
1.28256 -0.0406 0.33026 100
1.28489 -0.0222 0.330859 100
1.28764 0.0028 0.333005 100
1.29422 0.0215 0.334708 100
1.30061 0.0404 0.336361 100
1.30768 0.0595 0.338188 100
1.31736 0.079 0.340692 100
1.33062 0.099 0.344122 100
1.33788 0.119 0.346 100
1.36402 0.1412 0.35276 100
1.40149 0.1655 0.36245 100
1.45474 0.1931 0.376221 45
1.40101 -0.2801 0.362325 34
1.35512 -0.2507 0.350457 100
1.32878 -0.2261 0.343647 100
1.3221 -0.2054 0.341919 100
1.30942 -0.1841 0.338639 100
1.30313 -0.1641 0.337011 100
1.29654 -0.1444 0.335309 100
1.28977 -0.1248 0.333556 100
1.28357 -0.1055 0.331954 100
1.28008 -0.0867 0.331052 100
1.28105 -0.0682 0.331303 100
1.28192 -0.0497 0.331528 100
1.28241 -0.0312 0.331653 100
1.28795 0.0158 0.331407 100
1.29734 0.0346 0.333824 100
1.30635 0.0537 0.336142 100
1.31613 0.0732 0.338659 100
1.33046 0.0933 0.342347 100
1.3445 0.1137 0.34596 100
1.35738 0.1346 0.349275 100
1.39389 0.1585 0.358669 100
1.45694 0.187 0.374892 43
1.38702 -0.2781 0.3569 43
1.35351 -0.2512 0.348278 100
1.32717 -0.2266 0.3415 100
1.32049 -0.2059 0.33978 100
1.30683 -0.1845 0.336266 100
1.29966 -0.1644 0.334422 100
1.29502 -0.1449 0.333226 100
1.28717 -0.1253 0.331208 100
1.28388 -0.1063 0.330361 100
1.2833 -0.0876 0.330211 100
1.28243 -0.069 0.329987 100
1.28223 -0.0504 0.329937 100
1.28281 -0.0319 0.330086 100
1.28638 0.0074 0.333878 100
1.28996 0.026 0.334807 100
1.29635 0.0448 0.336465 100
1.30525 0.0639 0.338777 100
1.31774 0.0836 0.342017 100
1.331 0.1036 0.345459 100
1.34397 0.1241 0.348826 100
1.35558 0.1449 0.35184 100
1.38907 0.1687 0.360533 100
1.43466 0.1952 0.372365 50
1.40669 -0.28 0.365105 25
1.37407 -0.2531 0.356639 100
1.34107 -0.2271 0.348072 100
1.33061 -0.2057 0.345359 100
1.316 -0.1841 0.341565 100
1.3068 -0.1637 0.339179 100
1.29828 -0.1437 0.336968 100
1.29044 -0.1241 0.334933 100
1.28628 -0.1051 0.333853 100
1.28367 -0.0863 0.333174 100
1.28183 -0.0676 0.332697 100
1.28067 -0.0491 0.332395 100
1.28212 -0.0307 0.332772 100
