0.916545 0.0093 -0.23823 38
0.918191 0.0225 -0.238657 40
0.921675 0.0358 -0.239563 36
0.933676 0.0498 -0.242682 29
0.949258 -0.0479 -0.246733 24
0.921772 -0.0332 -0.239588 31
0.918288 -0.0198 -0.238683 37
0.920647 0.002 -0.234328 39
0.919581 0.0152 -0.234056 38
0.921228 0.0285 -0.234476 38
0.926558 0.042 -0.235832 36
0.941386 0.0563 -0.239606 30
0.967067 -0.0477 -0.246143 17
0.927915 -0.0324 -0.236178 30
0.921422 -0.0189 -0.234525 37
0.870853 0.0106 -0.21036 100
0.872603 0.0232 -0.210782 100
0.877074 0.0358 -0.211863 100
0.884268 0.0488 -0.2136 50
0.891266 0.062 -0.215291 52
0.897099 0.0753 -0.2167 49
0.917317 0.0903 -0.221583 42
0.947839 0.107 -0.228956 25
0.946284 -0.1036 -0.228581 16
0.925385 -0.0879 -0.223532 38
0.90225 -0.0727 -0.217944 40
0.888545 -0.0588 -0.214633 46
0.884365 -0.0458 -0.213624 51
0.877172 -0.0328 -0.211886 49
0.8727 -0.0202 -0.210806 50
0.875195 0.0083 -0.20109 100
0.875975 0.0209 -0.201269 100
0.878509 0.0335 -0.201851 100
0.883772 0.0464 -0.20306 100
0.890886 0.0596 -0.204695 100
0.89381 0.0727 -0.205367 49
0.906383 0.0868 -0.208255 49
0.930261 0.1026 -0.213742 34
0.953554 -0.0953 -0.219094 16
0.924608 -0.0791 -0.212443 34
0.901315 -0.0641 -0.207091 45
0.890399 -0.0505 -0.204583 48
0.887086 -0.0375 -0.203822 47
0.879776 -0.0246 -0.202142 50
0.852081 0.0062 -0.185316 100
0.85384 0.0185 -0.185699 100
0.857455 0.0308 -0.186485 100
0.860778 0.0432 -0.187208 100
0.864979 0.0559 -0.188122 100
0.870061 0.0687 -0.189227 100
0.87778 0.0819 -0.190906 100
0.892144 0.0961 -0.19403 52
0.90133 0.1102 -0.196027 48
0.928885 0.127 -0.20202 37
0.926149 -0.1251 -0.201425 21
0.915108 -0.1104 -0.199024 40
0.888333 -0.0943 -0.193201 51
0.873969 -0.0802 -0.190077 51
0.870158 -0.0673 -0.189248 100
0.8641 -0.0544 -0.18793 100
0.861853 -0.0419 -0.187442 100
0.860387 -0.0295 -0.187123 100
0.857748 -0.0172 -0.186549 100
0.851177 0.0018 -0.179992 100
0.854015 0.014 -0.180592 100
0.86057 0.0264 -0.181978 100
0.863994 0.0389 -0.182702 100
0.865364 0.0513 -0.182992 100
0.869473 0.064 -0.183861 100
0.875343 0.077 -0.185102 100
0.881996 0.0903 -0.186509 100
0.898139 0.1049 -0.189922 100
0.926707 0.1217 -0.195964 43
0.92524 -0.1178 -0.195653 36
0.900487 -0.1016 -0.190419 45
0.884246 -0.087 -0.186985 49
0.87955 -0.0739 -0.185992 100
0.870647 -0.0607 -0.184109 100
0.866538 -0.048 -0.18324 100
0.862233 -0.0354 -0.18233 100
0.855776 -0.0229 -0.180964 100
0.841718 0 -0.166359 100
0.840639 0.012 -0.166146 100
0.839461 0.0239 -0.165913 100
0.840933 0.0359 -0.166204 100
0.845347 0.0481 -0.167077 100
0.849468 0.0605 -0.167891 100
0.855354 0.0732 -0.169054 100
0.863104 0.0862 -0.170586 100
0.87056 0.0995 -0.17206 100
0.875955 0.1127 -0.173126 100
0.89381 0.128 -0.176655 100
0.917158 0.1446 -0.18127 45
0.946 0.163 -0.18697 26
0.933051 -0.1373 -0.184411 26
0.903718 -0.1199 -0.178613 43
0.88194 -0.1043 -0.174309 52
0.875465 -0.0909 -0.173029 100
0.865851 -0.0775 -0.171129 100
0.858984 -0.0646 -0.169772 100
0.851037 -0.0518 -0.168201 100
0.84574 -0.0394 -0.167154 100
0.844268 -0.0273 -0.166863 100
0.843582 -0.0153 -0.166728 100
0.843262 0.0114 -0.16315 100
0.843066 0.0234 -0.163112 100
0.842673 0.0354 -0.163036 100
0.844048 0.0475 -0.163302 100
0.847189 0.0597 -0.16391 100
0.852197 0.0723 -0.164879 100
0.857989 0.085 -0.165999 100
0.867414 0.0985 -0.167823 100
0.872814 0.1116 -0.168868 100
0.892646 0.1271 -0.172705 100
0.915031 0.1436 -0.177036 45
0.943013 0.1617 -0.182449 31
0.932016 -0.1361 -0.180322 34
0.903643 -0.1188 -0.174832 43
0.88273 -0.1034 -0.170786 100
0.876251 -0.09 -0.169532 100
0.868593 -0.0768 -0.168051 100
0.859756 -0.0637 -0.166341 100
0.852688 -0.051 -0.164974 100
0.848368 -0.0386 -0.164138 100
0.844931 -0.0264 -0.163473 100
0.843262 -0.0144 -0.16315 100
0.829395 0.0113 -0.150278 100
0.829199 0.0231 -0.150242 100
0.831757 0.0349 -0.150706 100
0.838054 0.0471 -0.151847 100
0.842187 0.0593 -0.152596 100
0.846222 0.0717 -0.153327 100
0.853011 0.0844 -0.154557 100
0.85862 0.0973 -0.155573 100
0.865409 0.1229 -0.156803 100
0.872297 0.1365 -0.158051 100
0.893649 0.1529 -0.16192 49
0.921496 0.1711 -0.166966 41
0.92307 -0.1562 -0.167251 35
0.895912 -0.1386 -0.16233 45
0.875347 -0.1228 -0.158604 100
0.869148 -0.1094 -0.157481 100
0.858816 -0.0957 -0.155609 100
0.85124 -0.0827 -0.154236 100
0.84632 -0.0702 -0.153345 100
0.842286 -0.0578 -0.152614 100
0.838153 -0.0456 -0.151865 100
0.832741 -0.0335 -0.150884 100
0.831167 -0.0217 -0.150599 100
0.828201 0.0109 -0.145587 100
0.829974 0.0226 -0.145899 100
0.83352 0.0344 -0.146522 100
0.837853 0.0465 -0.147284 100
0.841103 0.0585 -0.147855 100
0.844157 0.0707 -0.148392 100
0.849672 0.0953 -0.149361 100
0.859127 0.1087 -0.151024 100
0.871143 0.1227 -0.153136 100
0.878136 0.1363 -0.154365 100
0.900493 0.1528 -0.158295 47
0.923539 0.1701 -0.162346 38
0.924032 -0.1557 -0.162433 29
0.90069 -0.1388 -0.15833 45
0.880105 -0.123 -0.154711 100
0.863067 -0.1082 -0.151716 100
0.85765 -0.0953 -0.150764 100
0.851051 -0.0824 -0.149604 100
0.848096 -0.0701 -0.149084 100
0.845043 -0.0579 -0.148548 100
0.839922 -0.0457 -0.147647 100
0.834505 -0.0336 -0.146695 100
0.830959 -0.0217 -0.146072 100
0.81808 0.0029 -0.134112 100
0.817981 0.0145 -0.134096 100
0.818672 0.0261 -0.134209 100
0.822126 0.0379 -0.134776 100
0.825481 0.0498 -0.135326 100
0.828639 0.0618 -0.135843 100
0.831698 0.0739 -0.136345 100
0.837422 0.0864 -0.137283 100
0.846007 0.0994 -0.138691 100
0.85627 0.113 -0.140373 100
0.865349 0.1267 -0.141861 100
0.870382 0.14 -0.142687 100
0.889724 0.1561 -0.145857 100
0.912717 0.1735 -0.149627 43
0.941137 0.1928 -0.154286 29
0.929591 -0.1685 -0.152393 27
0.895842 -0.1493 -0.14686 44
0.870481 -0.1325 -0.142703 100
0.863474 -0.1189 -0.141554 100
0.853211 -0.1052 -0.139872 100
0.846797 -0.0922 -0.13882 100
0.84206 -0.0796 -0.138044 100
0.836139 -0.0671 -0.137073 100
0.831106 -0.0549 -0.136248 100
0.826863 -0.0428 -0.135552 100
0.825382 -0.031 -0.13531 100
0.823804 -0.0193 -0.135051 100
0.818231 0.0069 -0.126815 100
0.82169 0.0302 -0.127351 100
0.824061 0.0419 -0.127719 100
0.825445 0.0537 -0.127933 100
0.826532 0.0655 -0.128102 100
0.830485 0.0776 -0.128714 100
0.836216 0.0901 -0.129603 100
0.84175 0.1027 -0.13046 100
0.850051 0.116 -0.131747 100
0.862107 0.13 -0.133615 100
0.868926 0.1436 -0.134672 100
0.895113 0.161 -0.138731 100
0.917051 0.1783 -0.142131 45
0.963892 0.2016 -0.149391 31
0.92387 -0.1796 -0.143188 1
0.899955 -0.1618 -0.139481 44
0.878709 -0.1452 -0.136188 100
0.860131 -0.1297 -0.133309 100
0.854004 -0.1165 -0.132359 100
0.845703 -0.1032 -0.131073 100
0.842145 -0.0907 -0.130522 100
0.839378 -0.0785 -0.130093 100
0.832461 -0.066 -0.129021 100
0.827421 -0.0538 -0.128239 100
0.826038 -0.042 -0.128025 100
0.826532 -0.0304 -0.128102 100
0.813761 0.0112 -0.115381 100
0.815543 0.0227 -0.115633 100
0.817127 0.0343 -0.115858 100
0.818513 0.0459 -0.116054 100
0.821781 0.0577 -0.116518 100
0.82485 0.0696 -0.116953 100
0.827721 0.0816 -0.11736 100
0.832474 0.0939 -0.118034 100
0.838909 0.1066 -0.118946 100
0.846236 0.1197 -0.119985 100
0.852276 0.1328 -0.120842 100
0.87089 0.1483 -0.123481 100
0.891187 0.1647 -0.126359 100
0.906236 0.1807 -0.128492 51
0.951186 0.2037 -0.134866 33
0.959305 -0.1982 -0.136017 24
0.914355 -0.1755 -0.129644 41
0.887424 -0.1574 -0.125825 52
0.863068 -0.1406 -0.122372 100
0.855147 -0.127 -0.121249 100
0.847028 -0.1136 -0.120098 100
0.840593 -0.1007 -0.119185 100
0.832078 -0.0878 -0.117978 100
0.826335 -0.0754 -0.117164 100
0.822375 -0.0634 -0.116602 100
0.819207 -0.0516 -0.116153 100
0.81782 -0.0399 -0.115956 100
0.818315 -0.0284 -0.116026 100
0.818612 -0.0169 -0.116069 100
0.813402 0.0109 -0.110699 100
0.815185 0.0224 -0.110942 100
0.816771 0.0339 -0.111158 100
0.818158 0.0456 -0.111346 100
0.819446 0.0572 -0.111522 100
0.821527 0.069 -0.111805 100
0.82549 0.081 -0.112344 100
0.832129 0.0935 -0.113248 100
0.83966 0.1063 -0.114273 100
0.848875 0.1197 -0.115527 100
0.860864 0.1337 -0.117158 100
0.86671 0.1472 -0.117954 100
0.889005 0.1639 -0.120988 100
0.918731 0.1827 -0.125034 47
0.942214 0.2012 -0.12823 34
0.959951 -0.1987 -0.130644 25
0.922694 -0.1775 -0.125573 41
0.880186 -0.1565 -0.119788 51
0.862747 -0.1409 -0.117415 100
0.857693 -0.1277 -0.116727 100
0.847587 -0.114 -0.115351 100
0.841245 -0.1011 -0.114488 100
0.834705 -0.0885 -0.113598 100
0.828859 -0.0761 -0.112803 100
0.823905 -0.0639 -0.112129 100
0.819842 -0.052 -0.111576 100
0.817464 -0.0403 -0.111252 100
0.815978 -0.0287 -0.11105 100
0.816275 -0.0172 -0.11109 100
0.805861 0.0068 -0.0996612 100
0.806655 0.0181 -0.0997594 100
0.80735 0.0295 -0.0998453 100
0.809831 0.041 -0.100152 100
0.814098 0.0527 -0.10068 100
0.817274 0.0644 -0.101073 100
0.819259 0.0762 -0.101318 100
0.82303 0.0882 -0.101785 100
0.831565 0.101 -0.10284 100
0.841886 0.1143 -0.104116 100
0.850124 0.1276 -0.105135 100
0.858956 0.1413 -0.106228 100
0.863819 0.1545 -0.106829 100
0.88208 0.1706 -0.109087 100
0.908777 0.1891 -0.112389 100
0.945795 0.2107 -0.116967 33
0.950558 -0.2026 -0.117556 9
0.908479 -0.1804 -0.112352 39
0.885454 -0.1629 -0.109505 100
0.865209 -0.1467 -0.107001 100
0.861239 -0.1336 -0.10651 100
0.84923 -0.1195 -0.105025 100
0.839008 -0.1061 -0.103761 100
0.830473 -0.0932 -0.102705 100
0.825809 -0.0809 -0.102128 100
0.823824 -0.0691 -0.101883 100
0.820747 -0.0572 -0.101502 100
0.817472 -0.0454 -0.101097 100
0.814098 -0.0338 -0.10068 100
0.810525 -0.0222 -0.100238 100
0.805362 0.0058 -0.0954634 100
0.806156 0.0171 -0.0955576 100
0.807845 0.0286 -0.0957577 100
0.81132 0.0401 -0.0961697 100
0.81569 0.0518 -0.0966876 100
0.820754 0.0637 -0.0972879 100
0.824826 0.0757 -0.0977705 100
0.829592 0.088 -0.0983355 100
0.836146 0.1006 -0.0991124 100
0.844488 0.1136 -0.100101 100
0.85273 0.127 -0.101078 100
0.864548 0.1412 -0.102479 100
0.870307 0.1547 -0.103162 100
0.895431 0.1722 -0.10614 100
0.92413 0.1912 -0.109542 48
0.952532 -0.2102 -0.112908 9
0.904766 -0.1864 -0.107246 39
0.881926 -0.1688 -0.104539 52
0.861668 -0.1524 -0.102138 100
0.855908 -0.139 -0.101455 100
0.844984 -0.125 -0.10016 100
0.835749 -0.1117 -0.0990653 100
0.829394 -0.099 -0.098312 100
0.824726 -0.0867 -0.0977588 100
0.81986 -0.0746 -0.097182 100
0.816881 -0.0627 -0.0968288 100
0.814697 -0.051 -0.0965699 100
0.811419 -0.0394 -0.0961814 100
0.807845 -0.0278 -0.0957577 100
0.806156 -0.0164 -0.0955576 100
0.801689 0.0101 -0.0822808 100
0.80149 0.0214 -0.0822604 100
0.802087 0.0327 -0.0823217 100
0.803579 0.0441 -0.0824748 100
0.806861 0.0556 -0.0828118 100
0.81094 0.0674 -0.0832303 100
0.815914 0.0793 -0.0837408 100
0.820589 0.0915 -0.0842207 100
0.82616 0.1038 -0.0847925 100
0.833521 0.1167 -0.085548 100
0.841679 0.1299 -0.0863852 100
0.851527 0.1437 -0.087396 100
0.857297 0.1571 -0.0879881 100
0.878485 0.1738 -0.0901628 100
0.898381 0.1908 -0.0922048 100
0.932501 0.2118 -0.0957067 45
0.927528 -0.2066 -0.0951962 14
0.895197 -0.1862 -0.0918781 49
0.871323 -0.1685 -0.0894277 100
0.852024 -0.1524 -0.087447 100
0.847249 -0.1393 -0.0869569 100
0.836307 -0.1255 -0.0858338 100
0.82805 -0.1124 -0.0849864 100
0.823673 -0.1 -0.0845372 100
0.818998 -0.0878 -0.0840573 100
0.815218 -0.0758 -0.0836694 100
0.808254 -0.0637 -0.0829547 100
0.803081 -0.052 -0.0824238 100
0.802783 -0.0406 -0.0823931 100
0.80328 -0.0294 -0.0824442 100
0.802584 -0.018 -0.0823727 100
0.798974 0.0062 -0.0803116 100
0.800765 0.0174 -0.0804916 100
0.801461 0.0286 -0.0805616 100
0.801959 0.0399 -0.0806116 100
0.804347 0.0513 -0.0808516 100
0.810516 0.063 -0.0814717 100
0.816485 0.075 -0.0820718 100
0.820266 0.0869 -0.0824519 100
0.824943 0.0991 -0.0829219 100
0.83141 0.1117 -0.083572 100
0.840564 0.1249 -0.0844922 100
0.851509 0.1387 -0.0855923 100
0.856384 0.1518 -0.0860824 100
0.875687 0.1679 -0.0880227 100
0.898671 0.1854 -0.090333 100
0.924143 0.2041 -0.0928934 50
0.925436 -0.2122 -0.0930234 7
0.917576 -0.197 -0.0922333 30
0.89489 -0.179 -0.0899529 46
0.872802 -0.162 -0.0877326 100
0.852405 -0.1459 -0.0856823 100
0.839569 -0.1316 -0.0843921 100
0.836385 -0.1192 -0.0840721 100
0.829022 -0.1063 -0.083332 100
0.82355 -0.094 -0.0827819 100
0.818774 -0.0818 -0.0823018 100
0.814894 -0.07 -0.0819118 100
0.809819 -0.0581 -0.0814017 100
0.804645 -0.0465 -0.0808816 100
0.803153 -0.0351 -0.0807316 100
0.801561 -0.0238 -0.0805716 100
0.800864 -0.0126 -0.0805016 100
0.793931 0.0033 -0.0698788 100
0.794827 0.0145 -0.0699577 100
0.795525 0.0257 -0.0700191 100
0.796023 0.0369 -0.070063 100
0.796521 0.0481 -0.0701068 100
0.798712 0.0595 -0.0702997 100
0.803793 0.0712 -0.0707468 100
0.810566 0.0833 -0.071343 100
0.818237 0.0957 -0.0720182 100
0.824811 0.1082 -0.0725968 100
0.829095 0.1206 -0.0729738 100
0.834275 0.1333 -0.0734298 100
0.843041 0.1469 -0.0742013 100
0.847822 0.16 -0.0746222 100
0.866052 0.176 -0.0762267 100
0.892649 0.1945 -0.0785677 100
0.911277 0.212 -0.0802072 100
0.959491 0.2374 -0.0844508 36
0.897231 -0.1972 -0.078971 7
0.871531 -0.1788 -0.0767089 100
0.864159 -0.1646 -0.0760601 100
0.848719 -0.1494 -0.0747011 100
0.835968 -0.1351 -0.0735788 100
0.828896 -0.1221 -0.0729563 100
0.823616 -0.1095 -0.0724916 100
0.817141 -0.097 -0.0719217 100
0.810467 -0.0847 -0.0713343 100
0.806582 -0.0729 -0.0709923 100
0.80459 -0.0613 -0.070817 100
0.800406 -0.0497 -0.0704487 100
0.797019 -0.0383 -0.0701506 100
0.795425 -0.0271 -0.0700104 100
0.795724 -0.0159 -0.0700367 100
0.797333 0.0032 -0.0652725 100
0.796236 0.0143 -0.0651827 100
0.795937 0.0255 -0.0651583 100
0.796535 0.0366 -0.0652072 100
0.797931 0.0479 -0.0653214 100
0.800123 0.0593 -0.0655009 100
0.803213 0.0708 -0.0657539 100
0.808097 0.0826 -0.0661537 100
0.815771 0.0949 -0.0667819 100
0.821352 0.1072 -0.0672388 100
0.825638 0.1196 -0.0675897 100
0.832814 0.1325 -0.0681771 100
0.842681 0.1462 -0.0689849 100
0.854242 0.1605 -0.0699313 100
0.860721 0.1742 -0.0704617 100
0.885538 0.1922 -0.0724933 100
0.91185 0.2113 -0.0746472 50
0.958195 0.2362 -0.0784412 37
0.901983 -0.2006 -0.0738395 8
0.879358 -0.1827 -0.0719874 100
0.857332 -0.1656 -0.0701842 100
0.850754 -0.152 -0.0696457 100
0.838993 -0.1379 -0.068683 100
0.829027 -0.1244 -0.0678671 100
0.823744 -0.1118 -0.0674346 100
0.818263 -0.0994 -0.0669859 100
0.811685 -0.0871 -0.0664474 100
0.805804 -0.0751 -0.065966 100
0.801818 -0.0635 -0.0656396 100
0.798628 -0.052 -0.0653786 100
0.796336 -0.0407 -0.0651909 100
0.794841 -0.0295 -0.0650685 100
0.794143 -0.0183 -0.0650114 100
0.788289 0.0102 -0.0504238 100
0.792081 0.0213 -0.0506663 100
0.793678 0.0325 -0.0507685 100
0.796173 0.0437 -0.0509281 100
0.798468 0.055 -0.0510749 100
0.800664 0.0664 -0.0512153 100
0.804556 0.0781 -0.0514643 100
0.810344 0.0901 -0.0518345 100
0.81693 0.1024 -0.0522558 100
0.823317 0.1149 -0.0526644 100
0.828607 0.1275 -0.0530027 100
0.83659 0.1407 -0.0535134 100
0.849264 0.155 -0.0543241 100
0.863635 0.1702 -0.0552433 100
0.867327 0.1962 -0.0554795 100
0.891678 0.2149 -0.0570371 100
0.927305 0.2372 -0.0593161 45
0.895171 -0.2134 -0.0572605 15
0.867826 -0.1941 -0.0555114 21
0.849963 -0.1777 -0.0543688 100
0.845472 -0.1644 -0.0540815 100
0.833896 -0.1501 -0.053341 100
0.826112 -0.1368 -0.0528431 100
0.819026 -0.1239 -0.0523899 100
0.812739 -0.1114 -0.0519877 100
0.805354 -0.0989 -0.0515153 100
0.799666 -0.0869 -0.0511515 100
0.79777 -0.0755 -0.0510302 100
0.796772 -0.0642 -0.0509664 100
0.795574 -0.0529 -0.0508898 100
0.794277 -0.0417 -0.0508068 100
0.791782 -0.0304 -0.0506472 100
0.790185 -0.0193 -0.050545 100
0.786913 0.0052 -0.0413781 100
0.784716 0.0162 -0.0412626 100
0.786414 0.0272 -0.0413518 100
0.791007 0.0385 -0.0415934 100
0.792305 0.0496 -0.0416616 100
0.792605 0.0608 -0.0416774 100
0.794602 0.0721 -0.0417824 100
0.799495 0.0839 -0.0420397 100
0.804189 0.0957 -0.0422865 100
0.809781 0.1079 -0.0425806 100
0.81807 0.1207 -0.0430164 100
0.82516 0.1335 -0.0433892 100
0.833049 0.1468 -0.043804 100
0.843634 0.1608 -0.0443607 100
0.855019 0.1754 -0.0449593 100
0.863208 0.1897 -0.0453899 100
0.888672 0.2084 -0.0467289 100
0.917732 0.2287 -0.0482569 100
0.957877 0.253 -0.0503678 23
0.891169 -0.1975 -0.0468601 15
0.867402 -0.1795 -0.0456104 44
0.848328 -0.1632 -0.0446075 100
0.843634 -0.1501 -0.0443607 100
0.83275 -0.1362 -0.0437883 100
0.825759 -0.1233 -0.0434207 100
0.820467 -0.1108 -0.0431424 100
0.813976 -0.0983 -0.0428011 100
0.807285 -0.0861 -0.0424493 100
0.802491 -0.0743 -0.0421972 100
0.799396 -0.0627 -0.0420345 100
0.7963 -0.0513 -0.0418717 100
0.794902 -0.04 -0.0417982 100
0.793404 -0.0289 -0.0417194 100
0.790708 -0.0177 -0.0415776 100
0.785267 0.0093 -0.0315396 100
0.785067 0.0203 -0.0315315 100
0.787765 0.0314 -0.0316399 100
0.792261 0.0426 -0.0318205 100
0.795559 0.054 -0.0319529 100
0.798656 0.0654 -0.0320773 100
0.801654 0.0769 -0.0321977 100
0.805451 0.0886 -0.0323502 100
0.810147 0.1006 -0.0325389 100
0.817541 0.1132 -0.0328358 100
0.823836 0.1258 -0.0330887 100
0.831829 0.1389 -0.0334097 100
0.841621 0.1526 -0.033803 100
0.852113 0.1669 -0.0342244 100
0.857509 0.1804 -0.0344411 100
0.878392 0.1976 -0.0352799 100
0.902672 0.2164 -0.0362551 100
0.95483 0.243 -0.0383499 32
0.866501 -0.191 -0.0348023 18
0.849515 -0.1748 -0.03412 100
0.845019 -0.1616 -0.0339395 100
0.835327 -0.1477 -0.0335502 100
0.826534 -0.1343 -0.033197 100
0.81844 -0.1213 -0.032872 100
0.811146 -0.1087 -0.032579 100
0.803652 -0.0963 -0.032278 100
0.797957 -0.0843 -0.0320492 100
0.796058 -0.0729 -0.031973 100
0.79396 -0.0615 -0.0318887 100
0.792761 -0.0503 -0.0318406 100
0.791362 -0.0391 -0.0317844 100
0.787865 -0.0279 -0.0316439 100
0.786166 -0.0169 -0.0315757 100
0.785504 0.0093 -0.0249599 100
0.785304 0.0203 -0.0249536 100
0.786003 0.0312 -0.0249758 100
0.787502 0.0422 -0.0250234 100
0.789801 0.0534 -0.0250965 100
0.793 0.0647 -0.0251981 100
0.795998 0.0761 -0.0252934 100
0.798797 0.0876 -0.0253823 100
0.803494 0.0994 -0.0255316 100
0.809891 0.1117 -0.0257348 100
0.816188 0.1241 -0.0259349 100
0.822285 0.1368 -0.0261287 100
0.830181 0.15 -0.0263796 100
0.840776 0.164 -0.0267162 100
0.845273 0.1771 -0.0268591 100
0.867062 0.1943 -0.0275515 100
0.886652 0.2117 -0.028174 100
0.913639 0.2316 -0.0290315 48
0.974108 0.2614 -0.030953 26
0.862964 -0.1852 -0.0274213 10
0.845773 -0.1692 -0.026875 100
0.841175 -0.1562 -0.0267289 100
0.830481 -0.1423 -0.0263891 100
0.822485 -0.1292 -0.026135 100
0.815288 -0.1164 -0.0259063 100
0.807892 -0.1039 -0.0256713 100
0.802395 -0.0919 -0.0254966 100
0.797597 -0.0801 -0.0253442 100
0.793599 -0.0686 -0.0252172 100
0.7925 -0.0574 -0.0251822 100
0.7932 -0.0464 -0.0252045 100
0.790801 -0.0352 -0.0251282 100
0.788202 -0.0241 -0.0250457 100
0.787502 -0.0132 -0.0250234 100
0.784816 0.0038 -0.0169877 100
0.784716 0.0148 -0.0169855 100
0.783416 0.0257 -0.0169574 100
0.784916 0.0368 -0.0169899 100
0.788315 0.048 -0.0170635 100
0.791615 0.0593 -0.0171349 100
0.793714 0.0706 -0.0171803 100
0.795614 0.082 -0.0172214 100
0.798313 0.0935 -0.0172799 100
0.805911 0.1058 -0.0174443 100
0.813209 0.1184 -0.0176023 100
0.820408 0.1311 -0.0177581 100
0.829306 0.1445 -0.0179507 100
0.841003 0.1586 -0.0182039 100
0.851401 0.173 -0.018429 100
0.863598 0.188 -0.018693 100
0.869596 0.2021 -0.0188228 100
0.893891 0.2209 -0.0193487 100
0.925583 0.2425 -0.0200347 47
0.8536 -0.1771 -0.0184766 39
0.836404 -0.1614 -0.0181044 100
0.832605 -0.1487 -0.0180221 100
0.824807 -0.1354 -0.0178533 100
0.815709 -0.1222 -0.0176564 100
0.808411 -0.1096 -0.0174984 100
0.802912 -0.0975 -0.0173794 100
0.798213 -0.0856 -0.0172777 100
0.794414 -0.074 -0.0171955 100
0.792314 -0.0627 -0.01715 100
0.789115 -0.0513 -0.0170808 100
0.786816 -0.0401 -0.017031 100
0.785316 -0.0291 -0.0169985 100
0.785616 -0.0181 -0.017005 100
0.782908 0.0046 -0.0120255 100
0.783708 0.0156 -0.0120378 100
0.784507 0.0266 -0.0120501 100
0.784007 0.0375 -0.0120424 100
0.783408 0.0485 -0.0120332 100
0.786607 0.0597 -0.0120824 100
0.790707 0.0711 -0.0121453 100
0.793606 0.0826 -0.0121899 100
0.796406 0.0941 -0.0122329 100
0.800906 0.106 -0.012302 100
0.806305 0.1182 -0.0123849 100
0.813404 0.1309 -0.012494 100
0.819403 0.1436 -0.0125861 100
0.826203 0.1567 -0.0126906 100
0.835701 0.1706 -0.0128365 100
0.8469 0.1853 -0.0130085 100
0.852999 0.1991 -0.0131022 100
0.874397 0.2171 -0.0134308 100
0.909893 0.2394 -0.013976 49
0.949888 0.2642 -0.0145904 40
0.85 -0.1754 -0.0130561 29
0.835701 -0.1603 -0.0128365 100
0.831902 -0.1476 -0.0127781 100
0.823003 -0.1342 -0.0126414 100
0.816904 -0.1215 -0.0125477 100
0.808605 -0.1088 -0.0124203 100
0.800106 -0.0963 -0.0122897 100
0.795406 -0.0845 -0.0122175 100
0.794506 -0.0732 -0.0122037 100
0.793506 -0.0619 -0.0121883 100
0.790307 -0.0506 -0.0121392 100
0.785907 -0.0393 -0.0120716 100
0.783408 -0.0282 -0.0120332 100
0.782708 -0.0172 -0.0120225 100
0.780999 0.0022 -0.000954171 100
0.780899 0.0131 -0.000954049 100
0.782599 0.0241 -0.000956126 100
0.784199 0.0351 -0.000958081 100
0.785599 0.0462 -0.000959791 100
0.788899 0.0574 -0.000963823 100
0.793999 0.069 -0.000970054 100
0.796899 0.0805 -0.000973597 100
0.797699 0.0918 -0.000974574 100
0.800299 0.1035 -0.000977751 100
0.805699 0.1156 -0.000984348 100
0.811999 0.1281 -0.000992045 100
0.818999 0.141 -0.0010006 100
0.826699 0.1542 -0.00101 100
0.830399 0.167 -0.00101452 100
0.844599 0.1821 -0.00103187 100
0.861399 0.1984 -0.0010524 100
0.867299 0.2126 -0.00105961 100
0.893299 0.2322 -0.00109137 51
0.946899 0.2603 -0.00115686 44
0.842499 -0.1725 -0.00102931 45
0.832099 -0.1582 -0.0010166 100
0.829299 -0.1457 -0.00101318 100
0.819399 -0.1322 -0.00100109 100
0.811299 -0.1193 -0.00099119 100
0.805899 -0.107 -0.000984592 100
0.800399 -0.0949 -0.000977873 100
0.796699 -0.0832 -0.000973352 100
0.795799 -0.0719 -0.000972253 100
0.794699 -0.0606 -0.000970909 100
0.789499 -0.0492 -0.000964556 100
0.786099 -0.0379 -0.000960402 100
0.784499 -0.0269 -0.000958447 100
0.782799 -0.0159 -0.00095637 100
0.781 0.0016 0.000817861 100
0.7819 0.0126 0.000818804 100
0.7836 0.0235 0.000820584 100
0.7862 0.0346 0.000823307 100
0.7897 0.0458 0.000826972 100
0.7929 0.0571 0.000830323 100
0.7941 0.0683 0.000831579 100
0.796 0.0797 0.000833569 100
0.7978 0.0912 0.000835454 100
0.8014 0.1029 0.000839224 100
0.8088 0.1154 0.000846973 100
0.816 0.128 0.000854513 100
0.822 0.1408 0.000860796 100
0.8298 0.1541 0.000868964 100
0.8335 0.1668 0.000872839 100
0.8477 0.182 0.000887709 100
0.8675 0.199 0.000908444 100
0.8811 0.2151 0.000922685 100
0.915799 0.2371 0.000959023 100
0.958699 0.2626 0.00100395 41
0.8466 -0.1917 0.000886557 7
0.836399 -0.1771 0.000875876 100
0.8359 -0.1649 0.000875352 100
0.8253 -0.1508 0.000864252 100
0.8155 -0.1373 0.000853989 100
0.8085 -0.1246 0.000846659 100
0.8022 -0.1121 0.000840062 100
0.7977 -0.1002 0.000835349 100
0.7941 -0.0885 0.000831579 100
0.7923 -0.0771 0.000829694 100
0.7883 -0.0656 0.000825506 100
0.7851 -0.0543 0.000822155 100
0.7838 -0.0433 0.000820793 100
0.7823 -0.0322 0.000819222 100
0.7817 -0.0213 0.000818594 100
0.781893 0.0016 0.0129655 100
0.781793 0.0126 0.0129638 100
0.782492 0.0235 0.0129754 100
0.782092 0.0344 0.0129688 100
0.784592 0.0455 0.0130102 100
0.787892 0.0568 0.0130649 100
0.789991 0.0681 0.0130998 100
0.791891 0.0794 0.0131313 100
0.793691 0.0908 0.0131611 100
0.79729 0.1025 0.0132208 100
0.804689 0.1149 0.0133435 100
0.811888 0.1275 0.0134629 100
0.818987 0.1404 0.0135806 100
0.824787 0.1533 0.0136767 100
0.827486 0.1658 0.0137215 100
0.841684 0.1809 0.0139569 100
0.861482 0.1978 0.0142852 100
0.87028 0.2127 0.0144311 100
0.895277 0.2321 0.0148456 100
0.924773 0.2535 0.0153347 46
0.846584 -0.1867 0.0140382 9
0.838285 -0.1727 0.0139006 100
0.837685 -0.1604 0.0138906 100
0.826986 -0.1464 0.0137132 100
0.819087 -0.1332 0.0135822 100
0.811988 -0.1204 0.0134645 100
0.805689 -0.108 0.0133601 100
0.79919 -0.0958 0.0132523 100
0.795491 -0.0841 0.0131909 100
0.793591 -0.0727 0.0131594 100
0.789491 -0.0612 0.0130915 100
0.786292 -0.0499 0.0130384 100
0.784892 -0.0388 0.0130152 100
0.785392 -0.0279 0.0130235 100
0.784692 -0.0169 0.0130119 100
0.777633 0.0105 0.020363 100
0.777434 0.0213 0.0203578 100
0.779033 0.0322 0.0203997 100
0.781532 0.0432 0.0204651 100
0.784831 0.0544 0.0205515 100
0.78903 0.0657 0.0206615 100
0.791029 0.077 0.0207138 100
0.792828 0.0883 0.0207609 100
0.794528 0.0998 0.0208054 100
0.797926 0.1115 0.0208944 100
0.804224 0.1238 0.0210594 100
0.811322 0.1365 0.0212452 100
0.81722 0.1493 0.0213997 100
0.825817 0.1628 0.0216248 100
0.838113 0.1773 0.0219468 100
0.841511 0.1903 0.0220358 100
0.858206 0.2067 0.0224729 100
0.881398 0.2253 0.0230802 100
0.908089 0.2457 0.0237791 100
0.941077 0.2688 0.024643 49
0.967268 -0.264 0.0253288 8
0.923483 -0.2383 0.0241823 40
0.869302 -0.1987 0.0227635 17
0.84661 -0.1811 0.0221693 17
0.841112 -0.1677 0.0220253 100
0.831615 -0.1538 0.0217766 100
0.824817 -0.1407 0.0215986 100
0.81682 -0.1276 0.0213892 100
0.809622 -0.115 0.0212007 100
0.803225 -0.1027 0.0210332 100
0.798626 -0.0908 0.0209128 100
0.795827 -0.0793 0.0208395 100
0.790829 -0.0677 0.0207086 100
0.784731 -0.0561 0.0205489 100
0.781432 -0.045 0.0204625 100
0.782032 -0.0341 0.0204782 100
0.780433 -0.0231 0.0204363 100
0.778633 -0.0122 0.0203892 100
0.7772 0.0096 0.032982 100
0.778999 0.0205 0.0330583 100
0.780697 0.0315 0.0331304 100
0.783095 0.0426 0.0332322 100
0.785493 0.0537 0.0333339 100
0.785593 0.0648 0.0333382 100
0.787591 0.076 0.033423 100
0.791488 0.0876 0.0335883 100
0.795084 0.0992 0.033741 100
0.798581 0.111 0.0338894 100
0.805875 0.1235 0.0341989 100
0.813967 0.1364 0.0345423 100
0.820761 0.1494 0.0348306 100
0.828454 0.1628 0.0351571 100
0.837846 0.1768 0.0355556 100
0.850834 0.192 0.0361068 100
0.857828 0.2062 0.0364036 100
0.883904 0.2256 0.0375102 100
0.912479 0.2465 0.0387228 100
0.948346 0.2705 0.0402449 45
0.978419 -0.2705 0.0415211 14
0.919273 -0.2404 0.0390111 45
0.894395 -0.2206 0.0379554 40
0.868219 -0.2013 0.0368445 41
0.847537 -0.1841 0.0359669 50
0.841143 -0.1704 0.0356955 100
0.830652 -0.1563 0.0352504 100
0.820961 -0.1426 0.0348391 100
0.813068 -0.1296 0.0345041 100
0.804876 -0.1168 0.0341565 100
0.798481 -0.1045 0.0338851 100
0.793885 -0.0926 0.0336901 100
0.792187 -0.0812 0.033618 100
0.790189 -0.0699 0.0335332 100
0.786093 -0.0584 0.0333594 100
0.783894 -0.0473 0.0332661 100
0.782496 -0.0362 0.0332067 100
0.781896 -0.0253 0.0331813 100
0.780198 -0.0143 0.0331092 100
0.775773 0.0038 0.0436441 100
0.775673 0.0146 0.0436385 100
0.778369 0.0256 0.0437902 100
0.779867 0.0366 0.0438744 100
0.779368 0.0475 0.0438463 100
0.781564 0.0586 0.0439699 100
0.784659 0.0698 0.044144 100
0.788553 0.0813 0.0443631 100
0.79035 0.0927 0.0444642 100
0.792946 0.1042 0.0446102 100
0.800334 0.1166 0.0450259 100
0.80942 0.1295 0.045537 100
0.814412 0.142 0.0458179 100
0.820203 0.1549 0.0461437 100
0.827791 0.1683 0.0465706 100
0.839972 0.1831 0.0472558 100
0.845164 0.1966 0.0475479 100
0.864633 0.2139 0.0486432 100
0.892489 0.2341 0.0502104 100
0.914154 0.2535 0.0514293 100
0.976656 0.2856 0.0549455 36
0.923739 -0.2485 0.0519685 36
0.895184 -0.2275 0.050362 100
0.870124 -0.2082 0.0489522 100
0.84756 -0.1903 0.0476827 100
0.84137 -0.1766 0.0473345 100
0.829988 -0.1621 0.0466941 100
0.823398 -0.1489 0.0463234 100
0.817507 -0.1361 0.045992 100
0.810418 -0.1233 0.0455932 100
0.80313 -0.1107 0.0451832 100
0.79664 -0.0985 0.0448181 100
0.793046 -0.0868 0.0446158 100
0.790151 -0.0753 0.044453 100
0.785158 -0.0638 0.0441721 100
0.780965 -0.0525 0.0439362 100
0.778669 -0.0414 0.043807 100
0.778169 -0.0305 0.0437789 100
0.776572 -0.0195 0.043689 100
0.77433 0.006 0.050888 100
0.775128 0.0168 0.0509404 100
0.777822 0.0278 0.0511175 100
0.778321 0.0387 0.0511503 100
0.77872 0.0496 0.0511765 100
0.779918 0.0607 0.0512552 100
0.783011 0.072 0.0514585 100
0.786903 0.0834 0.0517142 100
0.79259 0.0953 0.052088 100
0.797081 0.1071 0.0523831 100
0.803467 0.1194 0.0528028 100
0.811549 0.1323 0.053334 100
0.816539 0.1448 0.0536619 100
0.824222 0.1581 0.0541668 100
0.827814 0.1709 0.0544029 100
0.841884 0.1861 0.0553276 100
0.860644 0.2029 0.0565604 100
0.881898 0.221 0.0579572 100
0.899959 0.2389 0.0591442 100
0.939773 0.2636 0.0617607 46
0.920514 -0.2582 0.060495 38
0.898063 -0.2384 0.0590196 47
0.870323 -0.2181 0.0571965 100
0.850865 -0.2006 0.0559178 100
0.844877 -0.1867 0.0555243 100
0.8346 -0.1723 0.0548488 100
0.82033 -0.1574 0.0539111 100
0.807658 -0.1433 0.0530783 100
0.804664 -0.1312 0.0528815 100
0.796582 -0.1184 0.0523503 100
0.793189 -0.1066 0.0521274 100
0.790595 -0.095 0.0519569 100
0.788898 -0.0836 0.0518454 100
0.786004 -0.0722 0.0516552 100
0.780915 -0.0608 0.0513208 100
0.776725 -0.0495 0.0510454 100
0.776325 -0.0386 0.0510191 100
0.775826 -0.0277 0.0509863 100
0.771283 0.0063 0.051499 100
0.772081 0.0172 0.0515523 100
0.77677 0.0281 0.0518654 100
0.780263 0.0392 0.0520986 100
0.78166 0.0502 0.0521918 100
0.784852 0.0615 0.052405 100
0.788844 0.0729 0.0526715 100
0.792735 0.0845 0.0529313 100
0.796427 0.0961 0.0531778 100
0.800019 0.1079 0.0534177 100
0.803311 0.1199 0.0536375 100
0.810495 0.1325 0.0541172 100
0.818378 0.1456 0.0546435 100
0.827956 0.1593 0.0552831 100
0.837435 0.1733 0.055916 100
0.847613 0.1878 0.0565955 100
0.861382 0.2035 0.0575149 100
0.868167 0.218 0.057968 100
0.894009 0.2378 0.0596935 100
0.927136 0.2606 0.0619053 100
0.921548 -0.2583 0.0615323 39
0.890318 -0.2362 0.059447 51
0.870262 -0.2179 0.0581079 100
0.849908 -0.2002 0.0567488 100
0.844819 -0.1866 0.056409 100
0.833644 -0.1719 0.0556628 100
0.822269 -0.1576 0.0549033 100
0.813588 -0.1442 0.0543237 100
0.806604 -0.1313 0.0538574 100
0.798522 -0.1186 0.0533177 100
0.793134 -0.1065 0.052958 100
0.79054 -0.0949 0.0527848 100
0.787846 -0.0834 0.0526049 100
0.784952 -0.072 0.0524117 100
0.779963 -0.0605 0.0520786 100
0.776671 -0.0494 0.0518587 100
0.77238 -0.0383 0.0515722 100
0.771782 -0.0274 0.0515323 100
0.774076 -0.0167 0.0516855 100
0.770401 0.0023 0.0633385 100
0.770301 0.0131 0.0633303 100
0.771995 0.0239 0.0634696 100
0.775583 0.0349 0.0637645 100
0.778972 0.046 0.0640431 100
0.780267 0.0571 0.0641497 100
0.784354 0.0684 0.0644856 100
0.790333 0.0801 0.0649772 100
0.794021 0.0918 0.0652804 100
0.795715 0.1033 0.0654197 100
0.800101 0.1152 0.0657802 100
0.808273 0.128 0.0664521 100
0.815249 0.1408 0.0670257 100
0.822027 0.1539 0.0675829 100
0.829501 0.1674 0.0681974 100
0.840763 0.1819 0.0691233 100
0.855613 0.1977 0.0703442 100
0.861493 0.2118 0.0708277 100
0.886509 0.2312 0.0728843 100
0.908136 0.2504 0.0746624 100
0.959164 0.279 0.0788576 38
0.955775 -0.2726 0.078579 23
0.909432 -0.2457 0.0747689 49
0.884715 -0.2258 0.0727368 100
0.867473 -0.2085 0.0713193 100
0.845946 -0.1908 0.0695494 100
0.831993 -0.1754 0.0684023 100
0.827508 -0.1624 0.0680335 100
0.818837 -0.1489 0.0673207 100
0.810067 -0.1356 0.0665996 100
0.800997 -0.1225 0.065854 100
0.795715 -0.1104 0.0654197 100
0.79123 -0.0985 0.065051 100
0.788539 -0.0869 0.0648298 100
0.785749 -0.0755 0.0646003 100
0.782759 -0.0641 0.0643545 100
0.781563 -0.053 0.0642562 100
0.780267 -0.042 0.0641497 100
0.777776 -0.0309 0.0639448 100
0.775085 -0.02 0.0637236 100
0.770053 0.0015 0.0547928 100
0.770951 0.0123 0.0548567 100
0.774741 0.0232 0.0551264 100
0.778232 0.0342 0.0553748 100
0.780726 0.0453 0.0555523 100
0.782023 0.0564 0.0556445 100
0.785115 0.0677 0.0558646 100
0.789005 0.0792 0.0561414 100
0.790801 0.0906 0.0562691 100
0.792496 0.102 0.0563898 100
0.79489 0.1137 0.0565601 100
0.802172 0.1262 0.0570782 100
0.809154 0.139 0.0575751 100
0.81494 0.1518 0.0579867 100
0.821523 0.1649 0.0584552 100
0.831897 0.1792 0.0591933 100
0.842869 0.1939 0.059974 100
0.847856 0.2076 0.0603289 100
0.868105 0.2255 0.0617697 100
0.89374 0.2456 0.0635938 100
0.917979 0.2661 0.0653185 100
0.927655 -0.2574 0.0660069 30
0.897431 -0.2355 0.0638564 50
0.875486 -0.2167 0.0622949 100
0.853143 -0.1985 0.0607051 100
0.847058 -0.1846 0.0602721 100
0.835787 -0.1699 0.0594701 100
0.824416 -0.1556 0.058661 100
0.816635 -0.1423 0.0581074 100
0.811648 -0.1298 0.0577525 100
0.805464 -0.1172 0.0573125 100
0.799179 -0.1049 0.0568653 100
0.794591 -0.093 0.0565388 100
0.789803 -0.0812 0.0561981 100
0.785913 -0.0697 0.0559213 100
0.782821 -0.0584 0.0557013 100
0.779629 -0.0472 0.0554742 100
0.776237 -0.0361 0.0552329 100
0.771649 -0.025 0.0549064 100
0.769953 -0.0142 0.0547857 100
0.767268 0.0065 0.0757721 100
0.769059 0.0173 0.075949 100
0.770751 0.0281 0.0761161 100
0.773239 0.039 0.0763618 100
0.777617 0.0502 0.0767942 100
0.779807 0.0613 0.0770104 100
0.782892 0.0726 0.077315 100
0.786673 0.0841 0.0776885 100
0.78946 0.0956 0.0779637 100
0.791948 0.1072 0.0782094 100
0.797321 0.1193 0.0787401 100
0.804387 0.1319 0.0794378 100
0.811254 0.1448 0.080116 100
0.818021 0.1578 0.0807842 100
0.825484 0.1713 0.0815213 100
0.834739 0.1854 0.0824353 100
0.84071 0.1992 0.083025 100
0.861111 0.2168 0.0850397 100
0.884895 0.236 0.0873885 100
0.908381 0.2559 0.0897079 100
0.946695 0.2811 0.0934916 40
0.944406 -0.2711 0.0932655 26
0.914452 -0.2487 0.0903074 43
0.88798 -0.2282 0.0876932 100
0.867878 -0.2101 0.085708 100
0.844492 -0.1919 0.0833984 100
0.839218 -0.1784 0.0828776 100
0.827972 -0.1639 0.081767 100
0.819414 -0.1504 0.0809218 100
0.812547 -0.1374 0.0802437 100
0.802596 -0.1241 0.0792609 100
0.796326 -0.1118 0.0786418 100
0.791948 -0.0999 0.0782094 100
0.788265 -0.0882 0.0778457 100
0.784484 -0.0767 0.0774723 100
0.780503 -0.0652 0.0770792 100
0.777319 -0.054 0.0767647 100
0.77503 -0.043 0.0765387 100
0.772542 -0.032 0.076293 100
0.769955 -0.0211 0.0760374 100
0.768764 0.009 0.0798509 100
0.768565 0.0198 0.0798302 100
0.770256 0.0307 0.0800059 100
0.772743 0.0417 0.0802641 100
0.77702 0.0528 0.0807084 100
0.780203 0.0641 0.081039 100
0.784181 0.0755 0.0814522 100
0.786966 0.0869 0.0817415 100
0.789652 0.0985 0.0820205 100
0.793133 0.1102 0.0823821 100
0.798405 0.1224 0.0829296 100
0.806461 0.1352 0.0837665 100
0.815314 0.1485 0.0846859 100
0.823868 0.162 0.0855744 100
0.833217 0.176 0.0865456 100
0.845253 0.191 0.0877957 100
0.850226 0.2047 0.0883122 100
0.869522 0.2223 0.0903165 100
0.889415 0.2407 0.0923828 100
0.913684 0.2611 0.0949036 100
0.969086 0.2917 0.100658 29
0.964809 -0.2816 0.100214 29
0.911994 -0.2523 0.094728 42
0.884641 -0.2315 0.0918869 100
0.863554 -0.2131 0.0896966 100
0.841274 -0.1951 0.0873824 100
0.835107 -0.1814 0.0867419 100
0.824862 -0.167 0.0856778 100
0.816408 -0.1534 0.0847996 100
0.811534 -0.1408 0.0842934 100
0.805566 -0.1281 0.0836735 100
0.796515 -0.1152 0.0827333 100
0.79005 -0.103 0.0820618 100
0.787464 -0.0915 0.0817932 100
0.785773 -0.0801 0.0816175 100
0.782789 -0.0687 0.0813076 100
0.7807 -0.0575 0.0810906 100
0.779407 -0.0464 0.0809563 100
0.776025 -0.0353 0.0806051 100
0.772444 -0.0243 0.0802331 100
0.769759 -0.0134 0.0799542 100
0.764536 0.0011 0.0915714 100
0.765429 0.0119 0.0916784 100
0.766224 0.0227 0.0917735 100
0.769798 0.0336 0.0922017 100
0.77516 0.0448 0.0928439 100
0.779429 0.0561 0.0933552 100
0.781514 0.0673 0.093605 100
0.784493 0.0787 0.0939617 100
0.787273 0.0902 0.0942947 100
0.789855 0.1017 0.0946039 100
0.792337 0.1134 0.0949012 100
0.798493 0.1258 0.0956386 100
0.807429 0.1389 0.0967089 100
0.815174 0.152 0.0976365 100
0.821826 0.1653 0.0984333 100
0.832053 0.1795 0.0996582 100
0.843968 0.1946 0.101085 100
0.848932 0.2083 0.10168 100
0.868989 0.2263 0.104082 100
0.890734 0.2453 0.106687 100
0.929159 0.2701 0.111289 52
0.940279 -0.2636 0.112621 31
0.895797 -0.2376 0.107293 49
0.874946 -0.219 0.104796 100
0.849826 -0.2 0.101787 100
0.843869 -0.1861 0.101073 100
0.831755 -0.1712 0.0996225 100
0.822323 -0.1573 0.0984927 100
0.81567 -0.1441 0.097696 100
0.80872 -0.1312 0.0968635 100
0.800677 -0.1183 0.0959002 100
0.794323 -0.106 0.0951391 100
0.789855 -0.0941 0.0946039 100
0.787075 -0.0826 0.0942709 100
0.783202 -0.071 0.0938071 100
0.779131 -0.0596 0.0933196 100
0.776947 -0.0485 0.0930579 100
0.775557 -0.0374 0.0928914 100
0.771089 -0.0263 0.0923563 100
0.769302 -0.0154 0.0921422 100
0.762337 0.0011 0.108361 0
0.764218 0.0119 0.108628 0
0.76699 0.0227 0.109022 100
0.770555 0.0337 0.109529 100
0.773921 0.0448 0.110007 100
0.777188 0.056 0.110472 100
0.780257 0.0673 0.110908 100
0.784217 0.0788 0.111471 100
0.786989 0.0903 0.111865 100
0.789563 0.102 0.112231 100
0.79491 0.1141 0.112991 100
0.801147 0.1265 0.113877 100
0.807087 0.1392 0.114722 100
0.81382 0.1522 0.115679 100
0.822334 0.1658 0.116889 100
0.832532 0.1801 0.118339 100
0.83768 0.1936 0.11907 100
0.858075 0.2111 0.121969 100
0.878074 0.2292 0.124812 100
0.900548 0.2487 0.128007 100
0.938863 0.2736 0.133453 49
0.919854 -0.2607 0.130751 36
0.884212 -0.2371 0.125685 100
0.860451 -0.2178 0.122307 100
0.853719 -0.2034 0.12135 100
0.842927 -0.1883 0.119816 100
0.832829 -0.1737 0.118381 100
0.821542 -0.1593 0.116776 100
0.812038 -0.1456 0.115425 100
0.804216 -0.1325 0.114314 100
0.796098 -0.1197 0.11316 100
0.78986 -0.1074 0.112273 100
0.786395 -0.0956 0.111781 100
0.784613 -0.0842 0.111527 100
0.781841 -0.0727 0.111133 100
0.776792 -0.0612 0.110416 100
0.773624 -0.05 0.109965 100
0.769267 -0.0388 0.109346 100
0.765802 -0.0278 0.108853 100
0.762139 -0.0169 0.108333 100
0.761201 0.0081 0.116072 0
0.761992 0.0189 0.116193 100
0.765551 0.0298 0.116736 100
0.770988 0.0409 0.117565 100
0.774349 0.0521 0.118077 100
0.778402 0.0634 0.118695 100
0.781467 0.0748 0.119163 100
0.783246 0.0862 0.119434 100
0.785915 0.0978 0.119841 100
0.791353 0.1098 0.12067 100
0.797581 0.1222 0.12162 100
0.8046 0.135 0.12269 100
0.810432 0.1477 0.123579 100
0.818044 0.1611 0.12474 100
0.830204 0.1757 0.126594 100
0.844142 0.1912 0.12872 100
0.850964 0.2054 0.12976 100
0.876864 0.2248 0.133709 100
0.908004 0.2465 0.138458 100
0.932125 0.2673 0.142136 51
0.910179 -0.2575 0.138789 39
0.882993 -0.2364 0.134644 100
0.8565 -0.2164 0.130604 100
0.840188 -0.1997 0.128117 100
0.836036 -0.1863 0.127484 100
0.824074 -0.1714 0.12566 100
0.814683 -0.1575 0.124227 100
0.807071 -0.1442 0.123067 100
0.800151 -0.1313 0.122012 100
0.793132 -0.1187 0.120941 100
0.787794 -0.1065 0.120127 100
0.785322 -0.0949 0.11975 100
0.783543 -0.0834 0.119479 100
0.780676 -0.072 0.119042 100
0.776722 -0.0605 0.118439 100
0.775437 -0.0494 0.118243 100
0.772174 -0.0383 0.117746 100
0.767627 -0.0272 0.117052 100
0.762981 -0.0162 0.116344 100
0.761613 0.0043 0.119946 0
0.762502 0.0151 0.120086 100
0.764181 0.0259 0.120351 100
0.766651 0.0368 0.12074 100
0.771985 0.048 0.12158 100
0.776232 0.0593 0.122249 100
0.780184 0.0707 0.122871 100
0.783147 0.0821 0.123338 100
0.784827 0.0935 0.123602 100
0.788383 0.1052 0.124162 100
0.795693 0.1176 0.125314 100
0.802706 0.1303 0.126418 100
0.809621 0.1431 0.127507 100
0.819203 0.1568 0.129016 100
0.822759 0.1695 0.129576 100
0.836786 0.1847 0.131785 100
0.845677 0.1992 0.133186 100
0.865927 0.2169 0.136375 100
0.889536 0.2362 0.140093 100
0.919566 0.2581 0.144822 100
0.982293 0.2907 0.154701 30
0.926579 -0.2587 0.145927 30
0.889931 -0.235 0.140155 45
0.862371 -0.2147 0.135815 100
0.844985 -0.1978 0.133077 100
0.840935 -0.1844 0.132439 100
0.828785 -0.1695 0.130525 100
0.818413 -0.1554 0.128892 100
0.810806 -0.1421 0.127694 100
0.803892 -0.1293 0.126605 100
0.789963 -0.1156 0.124411 100
0.786605 -0.1038 0.123882 100
0.784925 -0.0924 0.123618 100
0.783246 -0.081 0.123353 100
0.779295 -0.0695 0.122731 100
0.776232 -0.0582 0.122249 100
0.772084 -0.0469 0.121595 100
0.766749 -0.0357 0.120755 100
0.763193 -0.0248 0.120195 0
0.759538 -0.0139 0.11962 100
0.757005 0.0064 0.123422 0
0.759768 0.0172 0.123872 0
0.762433 0.028 0.124307 100
0.765887 0.039 0.12487 100
0.77023 0.0502 0.125578 100
0.774375 0.0614 0.126254 100
0.777336 0.0727 0.126737 100
0.782172 0.0844 0.127525 100
0.784837 0.0959 0.127959 100
0.789377 0.1078 0.1287 100
0.797569 0.1204 0.130035 100
0.804577 0.1331 0.131178 100
0.8104 0.1459 0.132127 100
0.817999 0.1592 0.133366 100
0.826389 0.173 0.134734 100
0.82777 0.1855 0.134959 100
0.839614 0.2006 0.13689 100
0.860636 0.2186 0.140318 100
0.876625 0.2359 0.142925 100
0.903767 0.2569 0.14735 100
0.937028 0.2807 0.152773 44
0.929033 -0.2653 0.151469 32
0.89064 -0.2408 0.14521 46
0.873763 -0.2231 0.142458 100
0.853728 -0.2051 0.139191 100
0.833396 -0.1878 0.135876 100
0.828165 -0.1744 0.135024 100
0.818789 -0.1604 0.133495 100
0.811189 -0.1471 0.132256 100
0.804379 -0.1341 0.131146 100
0.797372 -0.1214 0.130003 100
0.793128 -0.1093 0.129311 100
0.79066 -0.0976 0.128909 100
0.787995 -0.086 0.128474 100
0.785133 -0.0745 0.128008 100
0.781185 -0.063 0.127364 100
0.776053 -0.0515 0.126527 100
0.772796 -0.0403 0.125996 100
0.769342 -0.0292 0.125433 100
0.764703 -0.0183 0.124677 100
0.760933 0.0102 0.129659 0
0.765664 0.0211 0.130465 100
0.769213 0.0321 0.13107 100
0.773649 0.0433 0.131825 100
0.776902 0.0545 0.13238 100
0.779071 0.0658 0.132749 100
0.782028 0.0772 0.133253 100
0.785774 0.0888 0.133891 100
0.789323 0.1005 0.134496 100
0.794745 0.1126 0.13542 100
0.800857 0.1251 0.136461 100
0.80687 0.1377 0.137486 100
0.81456 0.1509 0.138796 100
0.824023 0.1648 0.140409 100
0.83329 0.1789 0.141988 100
0.844232 0.1938 0.143852 100
0.850048 0.2078 0.144843 100
0.873904 0.2267 0.148908 100
0.898253 0.2467 0.153057 100
0.939361 0.2723 0.160062 46
0.961048 -0.2859 0.163757 30
0.909886 -0.2568 0.155039 41
0.879918 -0.235 0.149933 100
0.854386 -0.2152 0.145582 100
0.848569 -0.2011 0.144591 100
0.835853 -0.1856 0.142425 100
0.824812 -0.171 0.140543 100
0.816433 -0.1573 0.139115 100
0.810715 -0.1443 0.138141 100
0.804899 -0.1315 0.13715 100
0.796815 -0.1187 0.135773 100
0.790605 -0.1063 0.134715 100
0.78607 -0.0944 0.133942 100
0.783409 -0.0829 0.133488 100
0.78055 -0.0714 0.133001 100
0.776508 -0.06 0.132313 100
0.773353 -0.0488 0.131775 100
0.770988 -0.0377 0.131372 100
0.765467 -0.0266 0.130431 100
0.76182 -0.0156 0.12981 0
0.759357 0.0075 0.133485 0
0.762115 0.0184 0.13397 100
0.768615 0.0295 0.135113 100
0.771176 0.0405 0.135563 100
0.772456 0.0516 0.135788 100
0.775608 0.0629 0.136342 100
0.778562 0.0742 0.136861 100
0.783388 0.0859 0.13771 100
0.788904 0.0979 0.138679 100
0.797275 0.1104 0.140151 100
0.804465 0.123 0.141415 100
0.807518 0.1353 0.141951 100
0.811458 0.1478 0.142644 100
0.819928 0.1614 0.144133 100
0.829186 0.1754 0.14576 100
0.833421 0.1887 0.146505 100
0.849967 0.2051 0.149413 100
0.872817 0.2238 0.15343 100
0.884833 0.2403 0.155542 100
0.912705 0.2618 0.160442 100
0.965693 0.2918 0.169756 35
0.943237 -0.2736 0.165809 25
0.899409 -0.2471 0.158105 47
0.875969 -0.2274 0.153984 100
0.855975 -0.2093 0.150469 100
0.837656 -0.1923 0.147249 100
0.834505 -0.1792 0.146695 100
0.824262 -0.1648 0.144895 100
0.815791 -0.1511 0.143406 100
0.810079 -0.1382 0.142402 100
0.802101 -0.1252 0.140999 100
0.794025 -0.1124 0.139579 100
0.787722 -0.1001 0.138471 100
0.785063 -0.0885 0.138004 100
0.782305 -0.077 0.137519 100
0.77935 -0.0655 0.137 100
0.776199 -0.0542 0.136446 100
0.772948 -0.0429 0.135874 100
0.768615 -0.0318 0.135113 100
0.763986 -0.0207 0.134299 100
0.763178 0.0016 0.140482 0
0.767997 0.0125 0.14137 100
0.771636 0.0236 0.142039 100
0.774193 0.0347 0.14251 100
0.777635 0.0459 0.143144 100
0.780782 0.0572 0.143723 100
0.781962 0.0685 0.14394 100
0.783831 0.0799 0.144284 100
0.786585 0.0915 0.144791 100
0.793076 0.1037 0.145986 100
0.801239 0.1163 0.147489 100
0.807336 0.1289 0.148611 100
0.813237 0.1417 0.149697 100
0.820908 0.1551 0.151109 100
0.831235 0.1693 0.15301 100
0.835562 0.1826 0.153807 100
0.852183 0.1989 0.156866 100
0.873229 0.2169 0.16074 100
0.889161 0.2343 0.163673 100
0.922895 0.2572 0.169882 100
0.959873 0.2823 0.176689 36
0.952694 -0.2859 0.175368 30
0.907257 -0.2583 0.167004 44
0.88031 -0.2372 0.162044 51
0.858674 -0.2183 0.158061 100
0.839594 -0.2008 0.154549 100
0.835562 -0.1874 0.153807 100
0.824547 -0.1727 0.151779 100
0.816187 -0.1589 0.15024 100
0.811565 -0.146 0.149389 100
0.805664 -0.1332 0.148303 100
0.798681 -0.1204 0.147018 100
0.792486 -0.108 0.145877 100
0.787076 -0.0959 0.144882 100
0.783438 -0.0842 0.144212 100
0.781569 -0.0728 0.143868 100
0.77852 -0.0614 0.143307 100
0.77439 -0.05 0.142546 100
0.770062 -0.0387 0.14175 100
0.764653 -0.0276 0.140754 100
0.761998 -0.0166 0.140265 0
0.764172 0.01 0.145497 0
0.76987 0.0211 0.146582 100
0.772424 0.0321 0.147068 100
0.775862 0.0433 0.147723 100
0.779104 0.0546 0.14834 100
0.781265 0.0659 0.148752 100
0.78323 0.0772 0.149126 100
0.78598 0.0888 0.149649 100
0.792464 0.1009 0.150884 100
0.799733 0.1134 0.152268 100
0.80494 0.1258 0.153259 100
0.810932 0.1385 0.1544 100
0.819577 0.152 0.156046 100
0.830874 0.1663 0.158197 100
0.835294 0.1795 0.159039 100
0.851896 0.1958 0.1622 100
0.875866 0.2144 0.166763 100
0.890011 0.2313 0.169457 100
0.923706 0.254 0.175872 100
0.937754 -0.2841 0.178547 25
0.899049 -0.2586 0.171178 46
0.875866 -0.2386 0.166763 100
0.85337 -0.2195 0.16248 100
0.836179 -0.2025 0.159207 100
0.832249 -0.1891 0.158459 100
0.821247 -0.1744 0.156364 100
0.812013 -0.1604 0.154606 100
0.805431 -0.1473 0.153353 100
0.799635 -0.1346 0.152249 100
0.79266 -0.1219 0.150921 100
0.787356 -0.1096 0.149911 100
0.7849 -0.098 0.149444 100
0.78323 -0.0865 0.149126 100
0.781461 -0.0751 0.148789 100
0.778416 -0.0637 0.148209 100
0.774389 -0.0523 0.147442 100
0.771049 -0.0411 0.146806 100
0.768593 -0.03 0.146339 100
0.763092 -0.019 0.145291 0
0.770262 0.0066 0.151399 100
0.771047 0.0175 0.151553 100
0.772715 0.0286 0.151881 100
0.775168 0.0397 0.152363 100
0.777523 0.0509 0.152826 100
0.779682 0.0622 0.15325 100
0.782625 0.0736 0.153829 100
0.785471 0.0852 0.154388 100
0.791064 0.0972 0.155487 100
0.796461 0.1093 0.156548 100
0.803624 0.122 0.157956 100
0.811572 0.135 0.159518 100
0.819225 0.1483 0.161023 100
0.826781 0.1618 0.162508 100
0.836985 0.1761 0.164513 100
0.841205 0.1895 0.165343 100
0.858572 0.2063 0.168756 100
0.879472 0.2246 0.172864 100
0.905671 0.245 0.178014 100
0.935304 0.2673 0.183838 47
0.924805 -0.2685 0.181775 40
0.893308 -0.2457 0.175584 100
0.873781 -0.2271 0.171746 100
0.851017 -0.2083 0.167271 100
0.833747 -0.1916 0.163877 100
0.829528 -0.1783 0.163048 100
0.821286 -0.1643 0.161428 100
0.813828 -0.1509 0.159962 100
0.806175 -0.1376 0.158457 100
0.799208 -0.1248 0.157088 100
0.792045 -0.1122 0.15568 100
0.786747 -0.1001 0.154639 100
0.782135 -0.0882 0.153732 100
0.780369 -0.0768 0.153385 100
0.779387 -0.0655 0.153192 100
0.777229 -0.0542 0.152768 100
0.773991 -0.043 0.152131 100
0.772617 -0.0319 0.151861 100
0.772911 -0.0209 0.151919 100
0.767599 0.0038 0.159521 100
0.768481 0.0148 0.159704 100
0.771124 0.0259 0.160254 100
0.774551 0.0371 0.160966 100
0.77788 0.0484 0.161658 100
0.778174 0.0596 0.161719 100
0.780132 0.0709 0.162126 100
0.784929 0.0827 0.163123 100
0.792566 0.0949 0.16471 100
0.799909 0.1074 0.166236 100
0.806077 0.12 0.167518 100
0.81205 0.1327 0.168759 100
0.818903 0.1459 0.170183 100
0.825463 0.1592 0.171546 100
0.835646 0.1736 0.173662 100
0.841814 0.1874 0.174944 100
0.861102 0.2046 0.178953 100
0.880096 0.2224 0.1829 100
0.903496 0.2421 0.187763 100
0.95294 0.2699 0.198038 42
0.907902 -0.267 0.188679 39
0.876571 -0.2443 0.182167 50
0.865606 -0.228 0.179889 100
0.845828 -0.2099 0.175778 100
0.826638 -0.1927 0.17179 100
0.822526 -0.1794 0.170936 100
0.813323 -0.1653 0.169023 100
0.806861 -0.1521 0.16768 100
0.803042 -0.1395 0.166887 100
0.798147 -0.1269 0.165869 100
0.791097 -0.1143 0.164404 100
0.784733 -0.102 0.163082 100
0.782188 -0.0903 0.162553 100
0.780425 -0.0788 0.162187 100
0.777586 -0.0673 0.161597 100
0.774453 -0.0559 0.160945 100
0.771222 -0.0447 0.160274 100
0.769851 -0.0335 0.159989 100
0.769264 -0.0225 0.159867 100
0.76946 -0.0115 0.159908 100
0.771895 0.0023 0.168159 100
0.773752 0.0134 0.168564 100
0.77639 0.0246 0.169138 100
0.777953 0.0358 0.169479 100
0.779321 0.0471 0.169777 100
0.781568 0.0584 0.170267 100
0.784597 0.07 0.170926 100
0.789385 0.0818 0.171969 100
0.793977 0.0938 0.17297 100
0.800328 0.1062 0.174354 100
0.808536 0.119 0.176142 100
0.815473 0.132 0.177653 100
0.822313 0.1452 0.179143 100
0.831693 0.1592 0.181186 100
0.836187 0.1724 0.182165 100
0.850941 0.1882 0.18538 100
0.871167 0.2058 0.189786 100
0.896669 0.2254 0.195341 100
0.924711 0.2465 0.201451 100
0.977767 0.2757 0.213009 31
0.932919 -0.287 0.203239 25
0.889732 -0.2599 0.19383 51
0.86208 -0.2386 0.187806 100
0.852993 -0.223 0.185827 100
0.835015 -0.2056 0.18191 100
0.83013 -0.1918 0.180846 100
0.820261 -0.1773 0.178696 100
0.811076 -0.1632 0.176695 100
0.804628 -0.1499 0.17529 100
0.797886 -0.1369 0.173821 100
0.790948 -0.1241 0.17231 100
0.786845 -0.1119 0.171416 100
0.782448 -0.0999 0.170458 100
0.778833 -0.0882 0.169671 100
0.777074 -0.0767 0.169287 100
0.77512 -0.0653 0.168862 100
0.773068 -0.054 0.168415 100
0.770723 -0.0428 0.167904 100
0.769355 -0.0317 0.167606 100
0.769648 -0.0206 0.16767 100
0.769998 0.005 0.172115 100
0.768827 0.0159 0.171853 100
0.770486 0.027 0.172224 100
0.774 0.0382 0.173009 100
0.777318 0.0495 0.173751 100
0.778489 0.0608 0.174013 100
0.780441 0.0722 0.174449 100
0.784247 0.0839 0.1753 100
0.789809 0.0959 0.176543 100
0.797129 0.1084 0.178179 100
0.804351 0.1211 0.179794 100
0.81128 0.134 0.181342 100
0.820844 0.1477 0.18348 100
0.83031 0.1616 0.185596 100
0.839484 0.1759 0.187647 100
0.852268 0.1913 0.190504 100
0.8591 0.2057 0.192031 100
0.883693 0.225 0.197529 100
0.923022 0.2491 0.20632 100
0.969281 0.2765 0.21666 32
0.960595 -0.293 0.214718 32
0.901552 -0.261 0.201521 41
0.876764 -0.2403 0.19598 100
0.852561 -0.2206 0.19057 100
0.845925 -0.2061 0.189087 100
0.831579 -0.1901 0.18588 100
0.820648 -0.1753 0.183437 100
0.811475 -0.1613 0.181386 100
0.80396 -0.1479 0.179706 100
0.800154 -0.1354 0.178856 100
0.794201 -0.1227 0.177525 100
0.787077 -0.1102 0.175933 100
0.781709 -0.098 0.174733 100
0.779074 -0.0864 0.174144 100
0.778294 -0.0751 0.173969 100
0.777318 -0.0638 0.173751 100
0.777122 -0.0526 0.173707 100
0.775756 -0.0414 0.173402 100
0.772341 -0.0301 0.172639 100
0.769803 -0.019 0.172071 100
0.775021 0.0094 0.172102 100
0.776779 0.0206 0.172492 100
0.777462 0.0317 0.172644 100
0.779805 0.043 0.173164 100
0.781172 0.0542 0.173468 100
0.783222 0.0656 0.173923 100
0.788103 0.0774 0.175007 100
0.794741 0.0895 0.176481 100
0.800208 0.1017 0.177695 100
0.805479 0.1141 0.178866 100
0.812606 0.127 0.180448 100
0.821392 0.1404 0.182399 100
0.829885 0.1541 0.184285 100
0.839257 0.1682 0.186366 100
0.853119 0.1837 0.189444 100
0.869617 0.2003 0.193108 100
0.876255 0.215 0.194582 100
0.902613 0.2352 0.200435 100
0.955817 0.2636 0.21225 43
0.923602 -0.2776 0.205096 32
0.893437 -0.2547 0.198397 49
0.866591 -0.2337 0.192436 100
0.847945 -0.2158 0.188295 100
0.831837 -0.1991 0.184719 100
0.827737 -0.1857 0.183808 100
0.816804 -0.171 0.18138 100
0.809482 -0.1575 0.179754 100
0.802844 -0.1443 0.17828 100
0.797084 -0.1316 0.177001 100
0.791031 -0.119 0.175657 100
0.786736 -0.1069 0.174703 100
0.783319 -0.0951 0.173945 100
0.779707 -0.0833 0.173143 100
0.776876 -0.0718 0.172514 100
0.776779 -0.0606 0.172492 100
0.77756 -0.0495 0.172666 100
0.776193 -0.0383 0.172362 100
0.775607 -0.0272 0.172232 100
0.774924 -0.0161 0.17208 100
0.769434 0.0061 0.183447 100
0.772157 0.0172 0.184096 100
0.773811 0.0283 0.184491 100
0.77527 0.0395 0.184838 100
0.777605 0.0508 0.185395 100
0.779745 0.0622 0.185905 100
0.782663 0.0737 0.186601 100
0.788402 0.0856 0.187969 100
0.794919 0.0979 0.189523 100
0.801145 0.1103 0.191007 100
0.808246 0.1231 0.1927 100
0.816125 0.1363 0.194579 100
0.824782 0.1499 0.196643 100
0.835093 0.1641 0.199101 100
0.845113 0.1787 0.20149 100
0.851143 0.1927 0.202928 100
0.873127 0.2109 0.208169 100
0.89657 0.2301 0.213759 100
0.932853 0.2537 0.222409 48
0.90192 -0.2675 0.215034 37
0.871668 -0.2451 0.207821 100
0.859801 -0.2286 0.204992 100
0.841124 -0.2108 0.200539 100
0.837233 -0.1971 0.199612 100
0.817001 -0.1801 0.194788 100
0.806009 -0.1656 0.192167 100
0.804355 -0.1533 0.191773 100
0.799686 -0.1406 0.19066 100
0.795698 -0.1282 0.189709 100
0.790639 -0.1158 0.188503 100
0.784414 -0.1034 0.187018 100
0.780912 -0.0916 0.186184 100
0.778188 -0.08 0.185534 100
0.77634 -0.0686 0.185093 100
0.7742 -0.0572 0.184583 100
0.773033 -0.046 0.184305 100
0.772546 -0.0349 0.184189 100
0.771963 -0.0238 0.18405 100
0.770309 -0.0127 0.183656 100
0.772355 0.0072 0.19257 100
0.775072 0.0184 0.193247 100
0.775266 0.0407 0.193296 100
0.776528 0.052 0.19361 100
0.780603 0.0636 0.194626 100
0.787395 0.0755 0.19632 100
0.793993 0.0877 0.197965 100
0.798553 0.0998 0.199102 100
0.802823 0.1121 0.200166 100
0.807965 0.1247 0.201448 100
0.812914 0.1374 0.202682 100
0.822423 0.1512 0.205053 100
0.832708 0.1655 0.207617 100
0.843672 0.1803 0.210351 100
0.848718 0.1941 0.211609 100
0.869676 0.2121 0.216835 100
0.889276 0.2304 0.221721 100
0.924498 0.2537 0.230503 100
0.923916 -0.2673 0.230358 35
0.892769 -0.2445 0.222592 51
0.868706 -0.2246 0.216593 100
0.849882 -0.2068 0.211899 100
0.832708 -0.19 0.207617 100
0.828536 -0.1766 0.206577 100
0.819415 -0.1624 0.204303 100
0.813884 -0.1492 0.202924 100
0.805345 -0.1357 0.200795 100
0.798456 -0.1228 0.199078 100
0.785648 -0.1093 0.195884 100
0.781185 -0.0972 0.194771 100
0.777692 -0.0855 0.1939 100
0.775848 -0.074 0.193441 100
0.774781 -0.0627 0.193175 100
0.773617 -0.0514 0.192884 100
0.773326 -0.0402 0.192812 100
0.773811 -0.0291 0.192933 100
0.775072 -0.018 0.193247 100
0.772895 0.0017 0.198589 100
0.773766 0.0128 0.198813 100
0.775413 0.024 0.199236 100
0.776963 0.0353 0.199635 100
0.778415 0.0466 0.200008 100
0.781515 0.0581 0.200804 100
0.785486 0.0698 0.201825 100
0.792169 0.0819 0.203542 100
0.798658 0.0942 0.205209 100
0.80505 0.1067 0.206852 100
0.811152 0.1194 0.208419 100
0.818125 0.1325 0.210211 100
0.826746 0.1461 0.212426 100
0.830426 0.1591 0.213372 100
0.845245 0.1746 0.217179 100
0.865487 0.1918 0.22238 100
0.880693 0.2219 0.226287 100
0.902001 0.2411 0.231762 100
0.947232 0.2678 0.243384 43
0.942777 -0.2804 0.242239 25
0.898805 -0.2534 0.230941 42
0.871202 -0.2322 0.223849 100
0.847957 -0.213 0.217876 100
0.841274 -0.1985 0.216159 100
0.828683 -0.183 0.212924 100
0.821612 -0.1691 0.211107 100
0.814348 -0.1554 0.209241 100
0.804856 -0.1417 0.206802 100
0.798077 -0.1287 0.20506 100
0.794009 -0.1163 0.204015 100
0.782968 -0.1032 0.201178 100
0.777544 -0.0911 0.199784 100
0.774929 -0.0795 0.199112 100
0.772992 -0.0681 0.198614 100
0.771926 -0.0568 0.198341 100
0.771636 -0.0456 0.198266 100
0.77028 -0.0344 0.197918 100
0.769699 -0.0233 0.197768 100
0.769892 -0.0122 0.197818 100
0.770332 0.0078 0.200513 100
0.772074 0.0189 0.200966 100
0.773622 0.0301 0.201369 100
0.775073 0.0414 0.201747 100
0.779332 0.0529 0.202855 100
0.783299 0.0645 0.203888 100
0.788138 0.0763 0.205148 100
0.793751 0.0884 0.206609 100
0.797332 0.1005 0.207541 100
0.801687 0.1128 0.208674 100
0.807687 0.1255 0.210236 100
0.81359 0.1384 0.211773 100
0.820171 0.1517 0.213486 100
0.827526 0.1654 0.2154 100
0.833816 0.1791 0.217037 100
0.852107 0.1959 0.221798 100
0.872913 0.214 0.227214 100
0.890526 0.2319 0.231799 100
0.921011 0.254 0.239734 50
0.920624 -0.2703 0.239633 33
0.886849 -0.2466 0.230842 51
0.859171 -0.2257 0.223637 100
0.836719 -0.207 0.217793 100
0.830913 -0.1929 0.216282 100
0.822106 -0.1785 0.213989 100
0.814848 -0.1647 0.2121 100
0.807493 -0.1512 0.210186 100
0.802751 -0.1384 0.208951 100
0.79888 -0.1259 0.207944 100
0.794719 -0.1135 0.206861 100
0.790364 -0.1013 0.205727 100
0.783009 -0.0889 0.203813 100
0.778364 -0.0771 0.202604 100
0.775461 -0.0655 0.201848 100
0.772461 -0.0541 0.201067 100
0.771106 -0.0428 0.200714 100
0.770719 -0.0317 0.200614 100
0.769073 -0.0205 0.200185 100
0.771299 0.0024 0.200765 100
0.77217 0.0135 0.200991 100
0.77188 0.0247 0.200916 100
0.773428 0.0359 0.201319 100
0.775751 0.0472 0.201923 100
0.777977 0.0586 0.202503 100
0.784751 0.0705 0.204266 100
0.790461 0.0826 0.205752 100
0.795106 0.0946 0.206961 100
0.800429 0.107 0.208347 100
0.807493 0.1198 0.210186 100
0.816397 0.1332 0.212503 100
0.824913 0.1468 0.21472 100
0.8343 0.1609 0.217163 100
0.838655 0.1743 0.218297 100
0.854236 0.1904 0.222353 100
0.8733 0.2079 0.227315 100
0.892946 0.2262 0.232429 100
0.930979 0.2501 0.242328 49
0.944334 -0.2902 0.245804 28
0.896914 -0.2616 0.233461 43
0.869526 -0.2401 0.226333 52
0.848236 -0.2212 0.220791 100
0.842719 -0.2068 0.219355 100
0.830332 -0.1912 0.216131 100
0.818622 -0.1761 0.213083 100
0.810397 -0.1622 0.210941 100
0.802074 -0.1486 0.208775 100
0.796364 -0.1357 0.207289 100
0.792396 -0.1233 0.206256 100
0.789203 -0.1111 0.205425 100
0.784848 -0.099 0.204291 100
0.781267 -0.0871 0.203359 100
0.77759 -0.0754 0.202402 100
0.776622 -0.064 0.20215 100
0.775461 -0.0527 0.201848 100
0.773138 -0.0413 0.201243 100
0.771686 -0.0301 0.200865 100
0.771106 -0.0189 0.200714 100
0.7721 0.0091 0.201261 100
0.772874 0.0202 0.201463 100
0.772584 0.0313 0.201387 100
0.775003 0.0425 0.202018 100
0.777229 0.0538 0.202598 100
0.780325 0.0653 0.203405 100
0.785067 0.0771 0.204641 100
0.791744 0.0892 0.206381 100
0.797163 0.1014 0.207794 100
0.802388 0.1138 0.209156 100
0.810419 0.1268 0.21125 100
0.812452 0.1391 0.211779 100
0.820967 0.1527 0.213999 100
0.840611 0.1689 0.219119 100
0.853481 0.1842 0.222474 100
0.868867 0.2006 0.226485 100
0.893348 0.2197 0.232866 100
0.923153 0.2411 0.240635 100
0.919959 -0.2763 0.239803 27
0.888123 -0.2529 0.231504 47
0.858609 -0.2313 0.223811 100
0.84003 -0.2135 0.218968 100
0.835289 -0.1996 0.217732 100
0.825612 -0.1848 0.21521 100
0.818548 -0.171 0.213368 100
0.812161 -0.1575 0.211704 100
0.803743 -0.144 0.209509 100
0.797937 -0.1312 0.207996 100
0.792905 -0.1187 0.206684 100
0.786808 -0.1063 0.205095 100
0.78139 -0.0941 0.203682 100
0.775874 -0.0822 0.202245 100
0.774035 -0.0708 0.201765 100
0.772971 -0.0595 0.201488 100
0.770745 -0.0482 0.200908 100
0.769391 -0.0371 0.200555 100
0.768907 -0.026 0.200429 100
0.769197 -0.0149 0.200504 100
0.771915 0.006 0.202364 100
0.773656 0.0171 0.202821 100
0.774333 0.0283 0.202998 100
0.775784 0.0396 0.203378 100
0.776171 0.0508 0.20348 100
0.778299 0.0622 0.204038 100
0.783136 0.0739 0.205306 100
0.787876 0.0858 0.206548 100
0.794357 0.0981 0.208247 100
0.799677 0.1105 0.209642 100
0.802869 0.1227 0.210479 100
0.80877 0.1355 0.212026 100
0.817282 0.1491 0.214257 100
0.826665 0.1631 0.216717 100
0.83953 0.1782 0.22009 100
0.84456 0.192 0.221409 100
0.868259 0.2105 0.227622 100
0.887896 0.2288 0.232769 100
0.923976 0.2523 0.242228 52
0.912949 -0.2639 0.239337 36
0.887412 -0.2428 0.232643 52
0.865261 -0.2235 0.226835 100
0.842819 -0.2048 0.220952 100
0.828406 -0.1888 0.217174 100
0.824247 -0.1754 0.216083 100
0.816121 -0.1615 0.213953 100
0.807706 -0.1478 0.211747 100
0.800064 -0.1345 0.209744 100
0.79513 -0.122 0.20845 100
0.790004 -0.1096 0.207106 100
0.784684 -0.0974 0.205711 100
0.781104 -0.0855 0.204773 100
0.777332 -0.0738 0.203784 100
0.775397 -0.0624 0.203277 100
0.773269 -0.051 0.202719 100
0.770948 -0.0397 0.202111 100
0.769497 -0.0286 0.20173 100
0.76882 -0.0175 0.201553 100
