1.88237 0.0235 -0.257517 100
1.89366 0.0504 -0.259063 100
1.90367 0.0775 -0.260432 47
1.93409 0.1061 -0.264593 34
1.93369 -0.1135 -0.264539 30
1.90337 -0.0849 -0.260391 47
1.89346 -0.0577 -0.259036 49
1.88613 -0.0309 -0.258033 100
1.88168 0.0252 -0.254413 100
1.90398 0.0524 -0.257428 51
1.91498 0.0797 -0.258915 41
1.94728 0.1086 -0.263283 1
1.93133 -0.1258 -0.261126 29
1.90031 -0.0969 -0.256932 44
1.88852 -0.0696 -0.255337 100
1.88435 -0.0428 -0.254775 100
1.84449 0.0175 -0.231051 100
1.85798 0.0438 -0.232741 100
1.87008 0.0705 -0.234257 100
1.87981 0.0973 -0.235475 100
1.90501 0.1256 -0.238632 46
1.92396 -0.1646 -0.241006 1
1.89241 -0.1351 -0.237054 44
1.88318 -0.1078 -0.235898 100
1.86671 -0.0805 -0.233835 100
1.8557 -0.0539 -0.232455 100
1.84935 -0.0277 -0.23166 100
1.84775 0.013 -0.22164 100
1.85431 0.0391 -0.222426 100
1.86553 0.0656 -0.223772 100
1.87724 0.0924 -0.225177 100
1.9115 0.121 -0.229286 50
1.91765 -0.1594 -0.230024 1
1.88608 -0.1301 -0.226237 44
1.87575 -0.1029 -0.224998 100
1.86215 -0.0759 -0.223367 100
1.85202 -0.0495 -0.222152 100
1.82208 0.0227 -0.198906 100
1.82953 0.0486 -0.19972 100
1.83758 0.0747 -0.200599 100
1.8512 0.1014 -0.202086 100
1.86154 0.1282 -0.203214 100
1.89524 0.1574 -0.206893 100
1.94266 -0.1955 -0.21207 51
1.89574 -0.1638 -0.206947 45
1.86114 -0.1345 -0.203171 100
1.84892 -0.1075 -0.201836 100
1.83728 -0.0809 -0.200566 100
1.83033 -0.0548 -0.199807 100
1.82297 -0.0289 -0.199004 100
1.81437 0.0191 -0.186217 100
1.82392 0.0448 -0.187197 100
1.83596 0.071 -0.188432 100
1.85267 0.0977 -0.190147 100
1.86411 0.1246 -0.191322 100
1.89753 0.1805 -0.194752 47
1.91335 -0.182 -0.196375 1
1.87803 -0.152 -0.192751 52
1.8661 -0.1247 -0.191526 100
1.8457 -0.0973 -0.189433 100
1.83596 -0.071 -0.188432 100
1.83078 -0.045 -0.187901 100
1.80485 0.0234 -0.158539 100
1.81232 0.0489 -0.159195 100
1.82049 0.0746 -0.159913 100
1.83613 0.101 -0.161286 100
1.84848 0.1277 -0.162371 100
1.88923 0.1571 -0.16595 100
1.93545 0.1883 -0.17001 48
1.93654 -0.2336 -0.170107 47
1.89112 -0.2013 -0.166117 49
1.84709 -0.1705 -0.162249 100
1.83234 -0.1433 -0.160954 100
1.81929 -0.1167 -0.159808 100
1.81172 -0.0908 -0.159143 100
1.80883 -0.0653 -0.158889 100
1.80764 -0.0399 -0.158784 100
1.79277 0.01 -0.137002 100
1.79347 0.0351 -0.137055 100
1.79975 0.0604 -0.137536 100
1.81172 0.0862 -0.13845 100
1.82428 0.1123 -0.13941 100
1.84143 0.1392 -0.140721 100
1.85619 0.1665 -0.141848 100
1.90026 0.1972 -0.145216 100
1.90385 -0.2016 -0.14549 44
1.86077 -0.1708 -0.142199 100
1.84602 -0.1435 -0.141071 100
1.83096 -0.1166 -0.13992 100
1.81949 -0.0904 -0.139044 100
1.81261 -0.0646 -0.138518 100
1.80733 -0.0392 -0.138115 100
1.78523 0.01 -0.116071 100
1.79192 0.0351 -0.116506 100
1.8002 0.0605 -0.117045 100
1.81217 0.0863 -0.117823 100
1.82594 0.1383 -0.118719 100
1.83672 0.165 -0.119419 100
1.86895 0.1943 -0.121515 100
1.92953 0.2279 -0.125453 47
1.90777 -0.2254 -0.124039 37
1.85608 -0.193 -0.120678 100
1.83972 -0.1653 -0.119614 100
1.82195 -0.138 -0.118459 100
1.80878 -0.1115 -0.117603 100
1.79621 -0.0855 -0.116785 100
1.78623 -0.06 -0.116136 100
1.7803 0.0137 -0.113255 100
1.78399 0.0387 -0.11349 100
1.79028 0.0639 -0.11389 100
1.80176 0.1148 -0.11462 100
1.81683 0.1413 -0.115579 100
1.83559 0.1687 -0.116772 100
1.84996 0.1961 -0.117686 100
1.89557 0.2278 -0.120588 100
1.91712 -0.2563 -0.121959 31
1.86693 -0.223 -0.118766 100
1.8322 -0.1929 -0.116556 100
1.82282 -0.1662 -0.115959 100
1.80605 -0.1392 -0.114893 100
1.79377 -0.1131 -0.114112 100
1.78729 -0.0876 -0.113699 100
1.78429 -0.0624 -0.113509 100
1.783 -0.0374 -0.113426 100
1.77898 0.0127 -0.0848281 100
1.78257 0.0377 -0.0849995 100
1.78587 0.0629 -0.0851567 100
1.79077 0.0882 -0.0853901 100
1.80035 0.1139 -0.0858473 100
1.81654 0.1405 -0.0866189 100
1.83821 0.1682 -0.0876525 100
1.85359 0.1958 -0.088386 100
1.90424 0.2281 -0.0908008 100
1.92272 -0.2574 -0.0916819 1
1.86858 -0.2235 -0.0891004 48
1.8507 -0.1951 -0.0882479 100
1.80944 -0.1652 -0.0862808 100
1.79766 -0.1388 -0.0857187 100
1.78837 -0.1129 -0.0852758 100
1.78287 -0.0875 -0.0850138 100
1.77788 -0.0623 -0.0847757 100
1.77558 -0.0373 -0.0846661 100
1.77025 0.0142 -0.0763623 100
1.77795 0.0391 -0.0766941 100
1.78414 0.0643 -0.0769613 100
1.79413 0.0897 -0.0773923 100
1.80662 0.1157 -0.077931 100
1.8238 0.1424 -0.0786723 100
1.84948 0.1705 -0.0797798 100
1.86876 0.1986 -0.0806116 100
1.92731 0.2322 -0.083137 50
1.92221 -0.278 -0.0829172 1
1.87146 -0.244 -0.080728 49
1.85478 -0.2155 -0.0800082 100
1.8328 -0.187 -0.0790601 100
1.81331 -0.1595 -0.0782198 100
1.79843 -0.1329 -0.0775776 100
1.78914 -0.1071 -0.0771768 100
1.78444 -0.0818 -0.0769743 100
1.77945 -0.0566 -0.0767588 100
1.77505 -0.0316 -0.0765692 100
1.76631 0.0034 -0.0493375 100
1.76811 0.0281 -0.0493878 100
1.77351 0.053 -0.0495386 100
1.78061 0.0782 -0.0497368 100
1.7883 0.1036 -0.0499518 100
1.7996 0.1295 -0.0502673 100
1.80959 0.1557 -0.0505465 100
1.84308 0.1846 -0.0514819 100
1.89096 0.2161 -0.0528194 100
1.93734 0.2489 -0.0541149 43
1.89596 -0.2493 -0.052959 46
1.84468 -0.2164 -0.0515266 100
1.82859 -0.1886 -0.0510771 100
1.80909 -0.1611 -0.0505326 100
1.7943 -0.1345 -0.0501193 100
1.783 -0.1086 -0.0498038 100
1.77341 -0.0831 -0.0495358 100
1.76731 -0.0581 -0.0493655 100
1.76501 -0.0333 -0.0493012 100
1.76137 0.0135 -0.0433545 100
1.76507 0.0382 -0.0434455 100
1.77136 0.0631 -0.0436005 100
1.77826 0.0882 -0.0437703 100
1.78686 0.1137 -0.0439819 100
1.80005 0.1398 -0.0443067 100
1.81585 0.1665 -0.0446955 100
1.82925 0.1936 -0.0450253 100
1.87103 0.2244 -0.0460538 100
1.93012 0.2589 -0.0475081 47
1.89563 -0.282 -0.0466591 1
1.85174 -0.2491 -0.0455789 100
1.84114 -0.1955 -0.0453181 100
1.82075 -0.1676 -0.0448161 100
1.80395 -0.1407 -0.0444027 100
1.78876 -0.1144 -0.0440287 100
1.77926 -0.0889 -0.0437949 100
1.77136 -0.0637 -0.0436005 100
1.76706 -0.0389 -0.0434947 100
1.75895 0.0126 -0.013201 100
1.76455 0.0373 -0.0132431 100
1.77185 0.0622 -0.0132978 100
1.78185 0.0875 -0.0133729 100
1.79335 0.1132 -0.0134592 100
1.80755 0.1395 -0.0135658 100
1.81645 0.1657 -0.0136326 100
1.84875 0.1948 -0.013875 100
1.89245 0.2262 -0.0142029 100
1.89575 -0.2707 -0.0142277 45
1.84275 -0.2369 -0.0138299 100
1.82605 -0.2089 -0.0137046 100
1.80295 -0.1807 -0.0135312 100
1.78935 -0.1541 -0.0134292 100
1.78035 -0.1283 -0.0133616 100
1.77095 -0.1028 -0.0132911 100
1.76225 -0.0776 -0.0132258 100
1.75815 -0.0528 -0.013195 100
1.75775 -0.0282 -0.013192 100
1.75489 0.0034 -0.0192968 100
1.75769 0.0279 -0.0193276 100
1.76209 0.0527 -0.019376 100
1.77119 0.0777 -0.0194761 100
1.78089 0.1031 -0.0195827 100
1.79329 0.129 -0.0197191 100
1.81119 0.1557 -0.0199159 100
1.82279 0.1824 -0.0200434 100
1.86279 0.2128 -0.0204832 100
1.90718 0.2449 -0.0209714 100
1.92708 -0.2838 -0.0211902 1
1.89119 -0.2516 -0.0207955 50
1.84389 -0.2191 -0.0202754 100
1.81299 -0.1898 -0.0199357 100
1.80449 -0.1634 -0.0198422 100
1.78969 -0.1369 -0.0196795 100
1.77739 -0.111 -0.0195442 100
1.76679 -0.0856 -0.0194277 100
1.75989 -0.0606 -0.0193518 100
1.75749 -0.0359 -0.0193254 100
1.75673 0.0233 0.0156374 100
1.76623 0.0481 0.0157219 100
1.77343 0.0731 0.015786 100
1.78263 0.1234 0.0158679 100
1.79673 0.1497 0.0159934 100
1.81533 0.1768 0.016159 100
1.83853 0.205 0.0163655 100
1.85333 0.2329 0.0164972 100
1.90042 0.2658 0.0169165 1
1.91252 -0.2938 0.0170242 39
1.85893 -0.259 0.0165471 100
1.81873 -0.2276 0.0161893 100
1.80683 -0.2005 0.0160833 100
1.78653 -0.173 0.0159026 100
1.77583 -0.147 0.0158074 100
1.76673 -0.1214 0.0157264 100
1.76133 -0.0963 0.0156783 100
1.75743 -0.0715 0.0156436 100
1.75533 -0.0469 0.0156249 100
1.75266 0.0171 0.028757 100
1.76126 0.0418 0.028898 100
1.76546 0.0666 0.0289669 100
1.77336 0.0917 0.0290965 100
1.78886 0.1176 0.0293508 100
1.80706 0.1441 0.0296494 100
1.81576 0.1704 0.0297921 100
1.84905 0.1995 0.0303384 100
1.89464 0.2313 0.0310865 100
1.92904 -0.3096 0.0316509 1
1.86785 -0.2731 0.0306469 49
1.84875 -0.244 0.0303335 100
1.82016 -0.2144 0.0298643 100
1.79916 -0.1865 0.0295198 100
1.78466 -0.1599 0.0292819 100
1.77366 -0.134 0.0291015 100
1.76446 -0.1085 0.0289505 100
1.75776 -0.0835 0.0288406 100
1.75476 -0.0588 0.0287914 100
1.75446 -0.0343 0.0287865 100
1.75188 0.0236 0.0568914 100
1.75937 0.0482 0.0571348 100
1.76657 0.0731 0.0573685 100
1.77836 0.0984 0.0577515 100
1.79176 0.1243 0.0581864 100
1.80775 0.1507 0.0587057 100
1.82834 0.1782 0.0593744 100
1.84563 0.2059 0.0599359 100
1.8981 0.2386 0.0616399 100
1.92409 -0.3169 0.0624838 1
1.86802 -0.2809 0.0606629 48
1.85292 -0.2523 0.0601728 100
1.82154 -0.2222 0.0591537 100
1.79965 -0.1941 0.0584428 100
1.78326 -0.1672 0.0579105 100
1.77047 -0.1411 0.0574951 100
1.76227 -0.1157 0.0572289 100
1.75577 -0.0907 0.057018 100
1.75088 -0.066 0.0568589 100
1.74758 -0.0415 0.0567518 100
1.74577 0.0143 0.0627941 100
1.75646 0.039 0.0631788 100
1.76166 0.0637 0.0633657 100
1.77065 0.0888 0.0636892 100
1.78215 0.1144 0.0641026 100
1.79834 0.1407 0.0646849 100
1.81013 0.1671 0.0651091 100
1.84741 0.1966 0.0664498 100
1.89707 0.2287 0.0682364 100
1.96403 0.2647 0.0706447 50
1.92635 -0.3074 0.0692896 100
1.8623 -0.2706 0.0669854 100
1.82322 -0.2389 0.06558 100
1.81253 -0.2118 0.0651953 100
1.79344 -0.1842 0.0645088 100
1.77985 -0.1577 0.0640199 100
1.76696 -0.1317 0.0635562 100
1.75866 -0.1064 0.0632578 100
1.75596 -0.0816 0.0631608 100
1.75297 -0.057 0.0630529 100
1.74957 -0.0324 0.0629307 100
1.74827 0.0199 0.0959071 100
1.75776 0.0445 0.0964275 100
1.76395 0.0694 0.0967671 100
1.77283 0.0945 0.0972546 100
1.78631 0.1203 0.0979941 100
1.80728 0.1471 0.0991444 100
1.81797 0.1735 0.0997305 100
1.85012 0.2027 0.101494 100
1.89575 0.2346 0.103998 100
1.88197 -0.2834 0.103242 100
1.83334 -0.2499 0.100574 100
1.80189 -0.2201 0.0988486 100
1.7929 -0.1936 0.0983556 100
1.78052 -0.1671 0.0976764 100
1.76774 -0.1411 0.0969753 100
1.75656 -0.1155 0.0963618 100
1.75207 -0.0906 0.0961153 100
1.74817 -0.066 0.0959017 100
1.74488 -0.0415 0.0957209 100
1.74318 0.0226 0.113948 100
1.75366 0.0472 0.114633 100
1.76174 0.0721 0.115162 100
1.77152 0.0974 0.115801 100
1.782 0.123 0.116486 100
1.79497 0.1491 0.117334 100
1.81363 0.1763 0.118554 100
1.8268 0.2034 0.119415 100
1.87041 0.2348 0.122265 100
1.94694 0.2721 0.127268 50
1.88777 -0.2699 0.1234 49
1.84287 -0.2372 0.120465 100
1.80834 -0.2071 0.118208 100
1.80016 -0.1807 0.117673 100
1.78459 -0.1539 0.116655 100
1.76962 -0.1277 0.115677 100
1.75825 -0.1022 0.114933 100
1.75156 -0.0772 0.114496 100
1.74747 -0.0526 0.114229 100
1.74308 -0.028 0.113942 100
1.74259 0.0073 0.137451 100
1.74827 0.0318 0.137899 100
1.75465 0.0566 0.138402 100
1.76362 0.0816 0.13911 100
1.77429 0.107 0.139951 100
1.78655 0.1329 0.140918 100
1.79343 0.1587 0.141461 100
1.81486 0.1863 0.143152 100
1.84178 0.2151 0.145275 100
1.89402 0.2482 0.149395 100
1.89332 -0.2816 0.14934 40
1.83979 -0.2473 0.145117 100
1.82324 -0.2191 0.143812 100
1.80131 -0.1909 0.142082 100
1.78496 -0.1639 0.140793 100
1.7712 -0.1377 0.139707 100
1.76093 -0.1121 0.138897 100
1.75345 -0.087 0.138308 100
1.74847 -0.0622 0.137915 100
1.74319 -0.0376 0.137498 100
1.75024 0.0135 0.152818 100
1.75293 0.0381 0.153053 100
1.7612 0.063 0.153775 100
1.77106 0.0883 0.154636 100
1.77963 0.1138 0.155384 100
1.79178 0.1398 0.156446 100
1.81051 0.1669 0.158081 100
1.82386 0.1939 0.159246 100
1.8664 0.225 0.162961 100
1.92139 0.259 0.167762 100
1.90744 -0.2933 0.166544 1
1.85803 -0.2591 0.16223 100
1.81798 -0.2276 0.158733 100
1.80712 -0.2005 0.157785 100
1.78591 -0.1728 0.155932 100
1.77226 -0.1464 0.154741 100
1.7612 -0.1207 0.153775 100
1.75273 -0.0954 0.153036 100
1.74895 -0.0706 0.152705 100
1.74476 -0.0459 0.15234 100
1.75023 0.019 0.174388 100
1.75282 0.0437 0.174646 100
1.75999 0.0686 0.17536 100
1.76874 0.0938 0.176232 100
1.78118 0.1196 0.177471 100
1.79621 0.1459 0.178969 100
1.81282 0.1729 0.180624 100
1.83501 0.2011 0.182835 100
1.85173 0.2293 0.184501 100
1.90656 0.2633 0.189964 1
1.91362 -0.2978 0.190668 1
1.8791 -0.2655 0.187227 100
1.83521 -0.2331 0.182855 100
1.80267 -0.2033 0.179613 100
1.79541 -0.177 0.178889 100
1.77989 -0.1503 0.177343 100
1.76695 -0.1242 0.176054 100
1.7575 -0.0988 0.175112 100
1.75282 -0.0739 0.174646 100
1.74864 -0.0491 0.174229 100
1.75215 0.0098 0.186014 100
1.75583 0.0345 0.186405 100
1.7621 0.0594 0.18707 100
1.77204 0.0847 0.188126 100
1.78258 0.1103 0.189245 100
1.7968 0.1365 0.190754 100
1.8145 0.1635 0.192633 100
1.82683 0.1905 0.193942 100
1.86751 0.2213 0.19826 100
1.91852 0.2547 0.203676 100
1.89147 -0.2829 0.200804 1
1.84692 -0.2498 0.196075 100
1.8334 -0.2218 0.194639 100
1.80764 -0.193 0.191905 100
1.78736 -0.1655 0.189751 100
1.77463 -0.1392 0.1884 100
1.76747 -0.1137 0.18764 100
1.75991 -0.0884 0.186838 100
1.75404 -0.0634 0.186215 100
1.75076 -0.0387 0.185866 100
1.753 0.0185 0.213068 100
1.75757 0.0432 0.213623 100
1.7667 0.0683 0.214733 100
1.77355 0.0935 0.215565 100
1.78298 0.1191 0.216711 100
1.79797 0.1455 0.218533 100
1.8204 0.1731 0.22126 100
1.8347 0.2005 0.222998 100
1.87897 0.2321 0.228379 100
1.93556 0.2667 0.235256 45
1.92205 -0.2979 0.233615 1
1.88771 -0.2655 0.229441 50
1.83599 -0.232 0.223154 100
1.80938 -0.2029 0.219921 100
1.80025 -0.1763 0.218811 100
1.78367 -0.1494 0.216796 100
1.77067 -0.1233 0.215215 100
1.75935 -0.0977 0.21384 100
1.75359 -0.0727 0.21314 100
1.7524 -0.048 0.212995 100
1.75722 0.0096 0.236024 100
1.76188 0.0345 0.23665 100
1.76812 0.0595 0.237488 100
1.77407 0.0848 0.238287 100
1.78457 0.1105 0.239698 100
1.80063 0.137 0.241855 100
1.82035 0.1643 0.244504 100
1.84255 0.1925 0.247486 100
1.85742 0.2206 0.249483 100
1.90529 0.2535 0.255912 1
1.91034 -0.2817 0.256591 1
1.86297 -0.2479 0.250228 100
1.8485 -0.2195 0.248285 100
1.82184 -0.1904 0.244704 100
1.80251 -0.1627 0.242108 100
1.78983 -0.1362 0.240404 100
1.77764 -0.1101 0.238766 100
1.76614 -0.0844 0.237222 100
1.75821 -0.0592 0.236157 100
1.75494 -0.0343 0.235718 100
1.75879 0.0059 0.253759 100
1.76641 0.0308 0.254858 100
1.77274 0.056 0.255772 100
1.78076 0.0813 0.256929 100
1.79224 0.1072 0.258585 100
1.80837 0.1338 0.260913 100
1.81817 0.1603 0.262327 100
1.85123 0.1896 0.267096 100
1.90547 0.2223 0.274922 100
1.93477 -0.3021 0.279149 100
1.87795 -0.2662 0.270952 100
1.82847 -0.2329 0.263812 100
1.81283 -0.205 0.261556 100
1.79373 -0.1773 0.258799 100
1.78027 -0.1507 0.256857 100
1.77037 -0.1247 0.255429 100
1.76295 -0.0992 0.254358 100
1.75631 -0.074 0.253402 100
1.75414 -0.0492 0.253087 100
1.76384 0.0146 0.266756 100
1.77047 0.0396 0.267758 100
1.77759 0.0649 0.268835 100
1.79034 0.0906 0.270764 100
1.80478 0.1169 0.272947 100
1.82564 0.1441 0.276102 100
1.83919 0.1712 0.278151 100
1.88091 0.2019 0.284461 100
1.93193 0.2349 0.292177 1
1.89515 -0.2797 0.286614 46
1.84393 -0.2457 0.278868 100
1.8118 -0.2154 0.274009 100
1.80181 -0.1886 0.272498 100
1.78648 -0.1616 0.27018 100
1.77472 -0.1353 0.268401 100
1.76651 -0.1097 0.26716 100
1.76196 -0.0845 0.266472 100
1.759 -0.0595 0.266023 100
1.75475 -0.0346 0.26538 100
1.76381 0.0162 0.279992 100
1.77033 0.0414 0.281027 100
1.77952 0.0668 0.282485 100
1.79216 0.0927 0.284492 100
1.80549 0.1191 0.286608 100
1.82436 0.1463 0.289603 100
1.83986 0.1738 0.292064 100
1.88836 0.2054 0.299762 100
1.90455 -0.2826 0.302333 33
1.86031 -0.2492 0.295309 100
1.81646 -0.2172 0.288348 100
1.80263 -0.1896 0.286153 100
1.78831 -0.1626 0.28388 100
1.77567 -0.1361 0.281873 100
1.76846 -0.1104 0.280729 100
1.7649 -0.0851 0.280164 100
1.76293 -0.0599 0.279851 100
1.76164 -0.0349 0.279647 100
1.76935 0.0188 0.283403 100
1.77981 0.044 0.28508 100
1.78989 0.0695 0.286693 100
1.80154 0.0955 0.288559 100
1.81684 0.122 0.291011 100
1.83363 0.1492 0.2937 100
1.84913 0.1767 0.296183 100
1.89751 0.2084 0.303932 100
1.93464 -0.2783 0.309879 100
1.87461 -0.2427 0.300263 100
1.82978 -0.2107 0.293083 100
1.81773 -0.1834 0.291153 100
1.79936 -0.1559 0.288211 100
1.78564 -0.1294 0.286013 100
1.77537 -0.1035 0.284368 100
1.76678 -0.078 0.282992 100
1.76372 -0.0529 0.282502 100
1.76332 -0.028 0.282439 100
1.76888 0 0.316678 100
1.77065 0.0251 0.316995 100
1.77803 0.0504 0.318317 100
1.78896 0.0762 0.320273 100
1.80146 0.1023 0.322511 100
1.81662 0.129 0.325225 100
1.83522 0.1565 0.328555 100
1.85156 0.1844 0.331481 100
1.90068 0.2165 0.340274 100
1.89822 -0.246 0.339834 40
1.85245 -0.2134 0.331639 100
1.81898 -0.1834 0.325648 100
1.81051 -0.1567 0.324132 100
1.79683 -0.1299 0.321683 100
1.78463 -0.1036 0.319497 100
1.77606 -0.0778 0.317964 100
1.77006 -0.0524 0.316889 100
1.76868 -0.0273 0.316642 100
1.7775 0.0183 0.324629 100
1.78498 0.0437 0.325994 100
1.79206 0.0693 0.327288 100
1.8017 0.0953 0.329049 100
1.81793 0.122 0.332013 100
1.83859 0.1496 0.335786 100
1.85207 0.1771 0.338247 100
1.89643 0.2085 0.34635 100
1.87843 -0.2356 0.343062 44
1.83751 -0.204 0.335588 100
1.82442 -0.1764 0.333199 100
1.80613 -0.1489 0.329857 100
1.79324 -0.1222 0.327504 100
1.78488 -0.0963 0.325976 100
1.7772 -0.0706 0.324575 100
1.77012 -0.0452 0.323282 100
1.77947 0.0168 0.346539 100
1.78497 0.0422 0.347609 100
1.794 0.0679 0.349368 100
1.80666 0.0941 0.351834 100
1.82089 0.1208 0.354605 100
1.84052 0.1484 0.358428 100
1.85495 0.1761 0.361238 100
1.9002 0.2076 0.37005 1
1.89294 -0.2446 0.368636 48
1.8474 -0.2121 0.359767 100
1.83346 -0.1842 0.357052 100
1.81235 -0.1561 0.352942 100
1.79675 -0.1291 0.349903 100
1.78752 -0.1029 0.348106 100
1.78291 -0.0773 0.347208 100
1.77888 -0.0518 0.346424 100
1.77741 -0.0265 0.346137 100
1.79315 0.0179 0.349528 100
1.80061 0.0436 0.350982 100
1.81062 0.0696 0.352933 100
1.82417 0.0962 0.355574 100
1.84321 0.1235 0.359285 100
1.85705 0.151 0.361983 100
1.90171 0.1819 0.370688 100
1.90004 -0.2433 0.370363 29
1.85342 -0.2106 0.361275 100
1.83752 -0.1824 0.358176 100
1.81838 -0.1544 0.354445 100
1.80562 -0.1274 0.351958 100
1.79246 -0.1009 0.349394 100
1.78491 -0.075 0.347921 100
1.78275 -0.0495 0.3475 100
1.78588 0.015 0.375367 100
1.79821 0.0407 0.377959 100
1.80829 0.0667 0.380077 100
1.82189 0.0932 0.382936 100
1.83412 0.12 0.385508 100
1.87033 0.1492 0.393118 100
1.91877 0.1806 0.4033 47
1.89568 -0.2484 0.398446 32
1.85027 -0.2157 0.388901 100
1.83549 -0.1876 0.385796 100
1.81553 -0.1594 0.381599 100
1.80281 -0.1325 0.378925 100
1.79175 -0.106 0.376601 100
1.78519 -0.0802 0.375223 100
1.78421 -0.0547 0.375017 100
1.78578 -0.0293 0.375346 100
1.8068 0.0064 0.373512 100
1.81042 0.0322 0.374261 100
1.81865 0.0583 0.375962 100
1.83138 0.0848 0.378593 100
1.84078 0.1115 0.380537 100
1.86937 0.1399 0.386448 100
1.91893 0.1711 0.396692 100
1.89513 -0.2317 0.391772 34
1.85233 -0.1998 0.382926 100
1.83921 -0.172 0.380213 100
1.82188 -0.1442 0.37663 100
1.81003 -0.1174 0.37418 100
1.80063 -0.0911 0.372237 100
1.79289 -0.0651 0.370637 100
1.79074 -0.0395 0.370192 100
1.80207 0.018 0.395222 100
1.81633 0.0441 0.398349 100
1.83313 0.0707 0.402034 100
1.85736 0.0983 0.407347 100
1.86654 0.1255 0.40936 100
1.89291 0.1544 0.415145 1
1.91557 -0.2657 0.420115 50
1.86468 -0.2315 0.408953 100
1.83655 -0.2015 0.402784 100
1.82844 -0.1742 0.401006 100
1.81213 -0.1466 0.397428 100
1.80324 -0.1199 0.395479 100
1.79885 -0.0939 0.394515 100
1.79699 -0.0681 0.394108 100
1.79875 -0.0424 0.394493 100
1.82034 0.0221 0.405227 100
1.83938 0.0487 0.409464 100
1.84631 0.0753 0.411007 100
1.86749 0.1029 0.415722 100
1.91854 0.1333 0.427086 50
1.88877 -0.2245 0.420459 36
1.84894 -0.193 0.411594 100
1.83684 -0.1653 0.408899 100
1.82034 -0.1376 0.405227 100
1.81039 -0.1108 0.403011 100
1.80492 -0.0846 0.401794 100
1.80394 -0.0587 0.401576 100
1.80258 -0.0329 0.401272 100
1.81775 0.0013 0.426014 100
1.83313 0.0276 0.429619 100
1.84131 0.0541 0.431536 100
1.86477 0.0816 0.437035 100
1.91112 0.1111 0.447896 47
1.91384 -0.2201 0.448535 38
1.86623 -0.1876 0.437377 100
1.85211 -0.1594 0.434069 100
1.8231 -0.1306 0.427269 100
1.81687 -0.104 0.425808 100
1.81132 -0.0776 0.424508 100
1.81122 -0.0516 0.424485 100
1.84359 0.0135 0.429695 100
1.85294 0.0402 0.431874 100
1.86677 0.0673 0.435097 100
1.87933 0.0947 0.438025 100
1.91673 0.1242 0.446742 1
1.89345 -0.2053 0.441316 1
1.86404 -0.1752 0.434461 100
1.83706 -0.1461 0.428174 100
1.82917 -0.1191 0.426335 100
1.82284 -0.0925 0.42486 100
1.81982 -0.0401 0.424156 100
1.83538 0.0205 0.458973 100
1.86109 0.0475 0.465402 100
1.87671 0.075 0.469308 100
1.92104 0.1044 0.480395 45
1.90475 -0.2042 0.476319 33
1.86769 -0.1731 0.467052 100
1.85634 -0.1452 0.464214 100
1.84363 -0.1175 0.461036 100
1.83529 -0.0905 0.458949 100
1.8315 -0.0639 0.458003 100
1.83121 -0.0376 0.45793 100
1.8398 0.0196 0.474092 100
1.85868 0.0465 0.478958 100
1.88405 0.0743 0.485495 100
1.93896 0.1045 0.499644 34
1.90729 -0.212 0.491484 97
1.86469 -0.1802 0.480505 49
1.85152 -0.152 0.477111 100
1.84173 -0.1246 0.474591 100
1.83263 -0.0974 0.472245 100
1.82798 -0.0708 0.471047 100
1.8307 -0.0445 0.471746 100
1.84161 0.0116 0.471474 100
1.85381 0.0384 0.474599 100
1.87638 0.0659 0.480378 100
1.88694 0.0935 0.483081 100
1.91736 0.1227 0.490869 1
1.89876 -0.1876 0.486107 44
1.86059 -0.1568 0.476335 100
1.848 -0.129 0.473111 100
1.83802 -0.1017 0.470556 100
1.83047 -0.0749 0.468622 100
1.82843 -0.0484 0.468101 100
1.8378 0.0166 0.469816 100
1.84904 0.0433 0.472689 100
1.86667 0.0706 0.477196 100
1.88101 0.0983 0.480862 100
1.92209 0.1282 0.491363 1
1.90407 -0.1856 0.486757 31
1.8658 -0.1548 0.476973 48
1.8532 -0.127 0.473754 100
1.84119 -0.0995 0.470682 100
1.83169 -0.0726 0.468255 100
1.82763 -0.0461 0.467215 100
1.83586 0.0212 0.46932 100
1.86735 0.0484 0.47737 100
1.88585 0.0761 0.4821 52
1.93788 0.1061 0.4954 33
1.90659 -0.2098 0.487401 27
1.8687 -0.1784 0.477716 48
1.8564 -0.1503 0.474571 100
1.84381 -0.1226 0.471351 100
1.83363 -0.0955 0.468751 100
1.82792 -0.0688 0.467289 100
1.82772 -0.0425 0.46724 100
1.83159 0.0092 0.470273 100
1.85648 0.0361 0.476664 100
1.87033 0.0633 0.48022 100
1.90792 0.0921 0.489869 51
1.89368 -0.197 0.486214 42
1.85852 -0.1663 0.477186 100
1.84806 -0.1386 0.4745 100
1.83711 -0.1112 0.47169 100
1.82975 -0.0844 0.4698 100
1.82781 -0.0579 0.469303 100
1.83227 -0.0317 0.470447 100
