2.37795 0.0021 -0.26799 49
2.37964 0.0355 -0.268181 49
2.38689 0.0692 -0.268998 43
2.39663 0.1032 -0.270096 35
2.47931 0.1416 -0.279413 30
2.3859 -0.0687 -0.268886 27
2.37765 -0.0351 -0.267957 47
2.32451 0.009 -0.259914 68
2.32909 0.0417 -0.260426 63
2.33525 0.0747 -0.261115 66
2.34389 0.108 -0.262081 58
2.37291 0.1428 -0.265326 52
2.48571 0.1846 -0.277938 39
2.42608 -0.1537 -0.271271 64
2.37232 -0.1168 -0.265259 43
2.35592 -0.0828 -0.263426 53
2.34787 -0.0495 -0.262526 60
2.34109 0.0045 -0.226246 63
2.34378 0.0373 -0.226506 65
2.35692 0.0706 -0.227776 61
2.36468 0.1039 -0.228526 59
2.39484 0.1389 -0.231441 42
2.42719 -0.1634 -0.234567 38
2.36866 -0.1262 -0.228911 41
2.34428 -0.092 -0.226554 58
2.33542 -0.0589 -0.225698 57
2.29678 0.0193 -0.19327 80
2.30426 0.0517 -0.193899 71
2.3193 0.0846 -0.195165 74
2.34272 0.1183 -0.197135 67
2.35577 0.1521 -0.198234 61
2.40211 0.189 -0.202133 48
2.36963 -0.1693 -0.199399 40
2.33395 -0.1339 -0.196398 58
2.3206 -0.1005 -0.195274 67
2.31283 -0.0677 -0.19462 73
2.30456 -0.0351 -0.193924 72
2.29838 0.0153 -0.17322 71
2.30297 0.0475 -0.173565 72
2.32102 0.0804 -0.174926 73
2.34455 0.1141 -0.176699 71
2.35472 0.1476 -0.177466 58
2.3992 0.1841 -0.180818 54
2.42383 -0.2014 -0.182674 12
2.3627 -0.1631 -0.178067 47
2.34385 -0.1289 -0.176647 59
2.32251 -0.0951 -0.175038 63
2.30865 -0.0622 -0.173994 70
2.27152 0.0103 -0.125805 86
2.27312 0.0421 -0.125893 88
2.28031 0.0741 -0.126291 87
2.29199 0.1065 -0.126938 84
2.31625 0.1401 -0.128282 73
2.32604 0.1733 -0.128824 71
2.36018 0.209 -0.130715 64
2.42159 0.2485 -0.134116 45
2.4783 -0.2216 -0.137257 65
2.36567 -0.1783 -0.131019 49
2.31905 -0.1423 -0.128437 66
2.30487 -0.1091 -0.127652 74
2.28819 -0.0763 -0.126728 76
2.28011 -0.0442 -0.12628 83
2.27792 0.0028 -0.118583 90
2.27861 0.0346 -0.11862 85
2.28191 0.0666 -0.118791 84
2.2888 0.0988 -0.11915 85
2.30807 0.132 -0.120153 70
2.33893 0.1665 -0.12176 78
2.35431 0.2007 -0.12256 62
2.40994 0.2394 -0.125456 48
2.42152 -0.212 -0.126059 34
2.3644 -0.1737 -0.123085 54
2.32176 -0.138 -0.120865 61
2.30648 -0.1048 -0.12007 71
2.2908 -0.072 -0.119254 79
2.28261 -0.0399 -0.118828 89
2.26257 0.0233 -0.102743 87
2.26896 0.0551 -0.103033 98
2.28295 0.0873 -0.103668 87
2.30453 0.1204 -0.104648 80
2.3285 0.1543 -0.105737 76
2.34898 0.1886 -0.106667 70
2.40882 0.2273 -0.109384 47
2.47215 -0.2664 -0.11226 58
2.35727 -0.2208 -0.107043 49
2.3302 -0.1855 -0.105814 68
2.3246 -0.1524 -0.10556 83
2.29064 -0.1181 -0.104017 81
2.26906 -0.0852 -0.103037 87
2.26107 -0.0533 -0.102675 82
2.26048 0.0162 -0.0801228 89
2.26808 0.0478 -0.080392 98
2.27717 0.0797 -0.0807143 86
2.28986 0.1121 -0.0811642 88
2.30995 0.1453 -0.0818762 83
2.32464 0.1788 -0.0823969 71
2.37171 0.2156 -0.0840653 51
2.41129 -0.2425 -0.0854681 23
2.34972 -0.2033 -0.083286 56
2.30845 -0.1674 -0.0818231 70
2.29466 -0.1343 -0.0813342 77
2.27727 -0.1015 -0.0807179 81
2.26648 -0.0694 -0.0803353 85
2.26228 -0.0378 -0.0801865 81
2.25117 0.0267 -0.0534448 99
2.26156 0.0901 -0.0536916 95
2.27506 0.1225 -0.054012 94
2.29305 0.1557 -0.0544392 87
2.31555 0.1897 -0.0549733 76
2.33464 0.2242 -0.0554266 65
2.39583 0.2639 -0.0568791 54
2.39592 -0.2635 -0.0568815 25
2.34064 -0.2243 -0.055569 50
2.29965 -0.188 -0.0545959 71
2.28716 -0.1548 -0.0542992 74
2.26806 -0.1217 -0.0538459 81
2.25656 -0.0895 -0.0535729 90
2.25367 -0.0579 -0.0535041 99
2.25071 0.0047 -0.0361428 99
2.25241 0.0361 -0.0361701 99
2.25771 0.0677 -0.0362552 98
2.26751 0.0997 -0.0364126 92
2.28091 0.1322 -0.0366277 94
2.2978 0.1654 -0.0368991 83
2.3132 0.199 -0.0371463 80
2.3599 0.2362 -0.0378962 65
2.42299 0.2767 -0.0389093 45
2.44908 -0.2486 -0.0393284 43
2.3647 -0.2067 -0.0379732 55
2.3175 -0.1701 -0.0372154 63
2.3046 -0.1368 -0.0370083 75
2.28041 -0.1035 -0.0366197 81
2.26161 -0.071 -0.0363178 89
2.25541 -0.0393 -0.0362183 96
2.23599 0 0.00819535 99
2.24078 0.0313 0.00821294 99
2.24908 0.0627 0.00824336 99
2.25898 0.0946 0.00827965 99
2.27148 0.1268 0.00832546 94
2.29038 0.16 0.00839474 86
2.32378 0.1949 0.00851715 79
2.34678 0.2298 0.00860145 68
2.41488 0.2705 0.00885105 46
2.36978 -0.2505 0.00868575 37
2.32128 -0.2126 0.00850799 56
2.30608 -0.1789 0.00845228 72
2.28038 -0.1449 0.00835808 74
2.26318 -0.1122 0.00829504 80
2.25058 -0.0801 0.00824886 93
2.24048 -0.0485 0.00821184 99
2.23695 0.0125 0.0148362 99
2.24355 0.0439 0.01488 99
2.25365 0.0756 0.014947 99
2.26535 0.1078 0.0150246 95
2.28565 0.1408 0.0151592 86
2.31235 0.1749 0.0153363 79
2.32665 0.2088 0.0154311 72
2.37615 0.2468 0.0157594 55
2.40415 -0.2671 0.0159451 25
2.33595 -0.2265 0.0154928 50
2.31305 -0.1916 0.0153409 63
2.28255 -0.157 0.0151387 81
2.26455 -0.124 0.0150193 75
2.25105 -0.0917 0.0149298 86
2.24015 -0.0599 0.0148575 99
2.23159 0.0109 0.0428487 99
2.23719 0.0422 0.0429562 99
2.24739 0.0738 0.043152 99
2.25908 0.1057 0.0433766 96
2.27538 0.1384 0.0436895 87
2.29318 0.1716 0.0440313 85
2.31047 0.2054 0.0443634 87
2.36406 0.2435 0.0453924 64
2.42895 0.2845 0.0466383 41
2.37756 -0.2583 0.0456515 38
2.32317 -0.2196 0.0446072 60
2.30807 -0.1857 0.0443173 76
2.28158 -0.1515 0.0438086 80
2.25948 -0.1184 0.0433843 91
2.24389 -0.0862 0.0430848 99
2.23489 -0.0546 0.042912 99
2.23033 0.0066 0.0545082 99
2.24103 0.0379 0.0547696 99
2.25023 0.0695 0.0549944 99
2.26202 0.1015 0.0552827 98
2.28042 0.1342 0.0557322 92
2.29421 0.1672 0.0560694 84
2.3354 0.2359 0.057076 70
2.39648 0.2759 0.0585688 58
2.36749 -0.2362 0.0578603 40
2.29591 -0.1967 0.0561109 70
2.26952 -0.1626 0.0554659 89
2.25663 -0.1301 0.0551508 94
2.24723 -0.0981 0.0549211 99
2.23733 -0.0664 0.0546792 99
2.23203 -0.0351 0.0545497 99
2.22902 0.0202 0.0914752 99
2.23752 0.0516 0.0918238 99
2.24561 0.0831 0.0921559 99
2.2562 0.1151 0.0925905 99
2.27329 0.1478 0.0932917 98
2.29687 0.1815 0.0942594 87
2.31505 0.2155 0.0950057 78
2.3704 0.2541 0.0972773 62
2.39428 -0.2655 0.0982573 34
2.32714 -0.2253 0.0955018 60
2.30416 -0.1906 0.0945587 70
2.27968 -0.1566 0.0935541 87
2.2597 -0.1236 0.0927341 92
2.24521 -0.0914 0.0921395 99
2.23532 -0.0597 0.0917336 99
2.22767 0.0202 0.0995997 99
2.23816 0.0516 0.100069 99
2.25525 0.0835 0.100833 99
2.27573 0.1162 0.101748 97
2.29191 0.1491 0.102472 88
2.30749 0.1825 0.103169 84
2.35245 0.2192 0.105178 76
2.42967 0.2607 0.108631 44
2.39071 -0.2853 0.106889 29
2.38052 -0.2504 0.106434 58
2.3022 -0.2097 0.102932 70
2.27003 -0.1748 0.101494 80
2.26024 -0.1423 0.101056 98
2.24506 -0.1099 0.100377 99
2.23337 -0.0781 0.0998543 99
2.22727 -0.0467 0.0995819 99
2.22806 0.0249 0.13081 99
2.24444 0.0565 0.131772 99
2.25641 0.0883 0.132475 99
2.27588 0.121 0.133618 96
2.30383 0.1548 0.135259 89
2.31841 0.1883 0.136115 80
2.36623 0.2255 0.138922 71
2.42832 0.2657 0.142568 46
2.39627 -0.2915 0.140686 27
2.33059 -0.2505 0.13683 51
2.31002 -0.2157 0.135622 65
2.28187 -0.1809 0.133969 83
2.26131 -0.1475 0.132762 88
2.24623 -0.1151 0.131877 93
2.23565 -0.0832 0.131256 99
2.22956 -0.0518 0.130898 99
2.23001 0.0207 0.147726 99
2.2365 0.052 0.148156 99
2.24548 0.0836 0.148751 99
2.25905 0.1158 0.14965 99
2.2802 0.1488 0.151051 92
2.30375 0.1827 0.152611 86
2.31982 0.2167 0.153675 76
2.37509 0.2554 0.157337 61
2.39016 -0.265 0.158335 36
2.3271 -0.2251 0.154158 64
2.30615 -0.1906 0.15277 75
2.27571 -0.1561 0.150754 85
2.25665 -0.1232 0.149491 98
2.24428 -0.091 0.148672 99
2.2353 -0.0594 0.148077 99
2.2325 0.0125 0.183153 99
2.24107 0.044 0.183856 99
2.25014 0.0758 0.1846 99
2.25981 0.1079 0.185393 98
2.27705 0.1408 0.186807 89
2.30466 0.175 0.189072 86
2.32379 0.2093 0.190642 81
2.38608 0.2487 0.195753 58
2.38768 -0.2624 0.195883 36
2.32957 -0.2229 0.191116 59
2.31153 -0.1885 0.189637 78
2.28014 -0.1538 0.187061 86
2.26021 -0.1206 0.185426 95
2.24576 -0.0883 0.18424 99
2.23479 -0.0564 0.183341 99
2.23909 0 0.210868 99
2.24288 0.0315 0.211224 99
2.24805 0.0946 0.211712 99
2.2595 0.1269 0.21279 93
2.27931 0.1601 0.214656 92
2.29176 0.1933 0.215828 84
2.33547 0.23 0.219944 74
2.39231 0.2695 0.225298 52
2.35478 -0.2649 0.221763 45
2.30271 -0.2264 0.216859 67
2.28589 -0.1924 0.215275 83
2.26647 -0.1588 0.213446 92
2.25154 -0.126 0.21204 94
2.24009 -0.0939 0.210962 99
2.23322 -0.0623 0.210315 99
2.24445 0.0236 0.236694 99
2.2538 0.0554 0.23768 96
2.26971 0.0876 0.239358 96
2.28811 0.1205 0.241298 90
2.31108 0.1543 0.24372 89
2.33346 0.1887 0.24608 72
2.39303 0.2273 0.252362 60
2.47169 -0.2962 0.260658 72
2.35981 -0.2493 0.248859 50
2.31258 -0.2115 0.243878 71
2.29647 -0.1776 0.242179 85
2.2719 -0.1437 0.239588 94
2.25679 -0.1109 0.237994 94
2.24913 -0.0789 0.237187 99
2.24306 -0.0472 0.236547 99
2.24572 0.0284 0.251897 99
2.25605 0.0602 0.253057 95
2.26987 0.0925 0.254606 93
2.29024 0.1255 0.256891 90
2.31796 0.1597 0.260001 77
2.33933 0.1942 0.262398 75
2.40462 0.2337 0.269721 48
2.37004 -0.2505 0.265842 45
2.32184 -0.2125 0.260436 61
2.30663 -0.1785 0.258731 78
2.27523 -0.1439 0.255208 85
2.25615 -0.111 0.253068 93
2.24651 -0.0789 0.251987 99
2.24244 -0.0472 0.25153 99
2.24972 0.0257 0.286599 99
2.264 0.0577 0.288419 95
2.27382 0.0899 0.28967 95
2.28235 0.1223 0.290757 87
2.30715 0.1561 0.293916 78
2.37292 0.1941 0.302295 69
2.40169 0.2304 0.30596 48
2.39365 -0.2512 0.304936 41
2.33066 -0.2116 0.296911 60
2.29277 -0.1758 0.292084 78
2.28216 -0.1428 0.290732 88
2.26807 -0.11 0.288937 96
2.25845 -0.0777 0.287711 96
2.25031 -0.0458 0.286675 94
2.2705 0.0032 0.290455 98
2.27516 0.0352 0.291051 96
2.28339 0.0675 0.292104 92
2.30006 0.1004 0.294236 87
2.31434 0.1337 0.296063 75
2.35679 0.1694 0.301494 63
2.41542 0.2079 0.308993 49
2.4052 -0.2719 0.307686 27
2.34658 -0.2319 0.300187 50
2.30799 -0.1954 0.295251 74
2.29569 -0.1618 0.293678 81
2.27784 -0.1284 0.291394 85
2.27248 -0.096 0.290708 97
2.27357 -0.064 0.290848 99
2.27405 0.0112 0.330937 98
2.2687 0.0432 0.330159 96
2.27583 0.0755 0.331196 88
2.28246 0.108 0.332161 88
2.30047 0.1414 0.334782 76
2.37033 0.1793 0.344949 72
2.36766 0.2128 0.34456 52
2.37914 -0.2172 0.346231 33
2.33451 -0.1799 0.339736 60
2.32006 -0.1459 0.337633 72
2.29611 -0.1119 0.334148 83
2.28058 -0.0789 0.331887 92
2.27058 -0.0465 0.330433 98
2.28657 0.0069 0.348669 90
2.29023 0.0392 0.349227 85
2.30525 0.072 0.351518 85
2.33165 0.1057 0.355543 81
2.35666 0.1402 0.359357 70
2.37515 0.1749 0.362176 70
2.43159 0.2136 0.370783 43
2.40134 -0.2199 0.36617 27
2.34697 -0.1816 0.357879 48
2.32848 -0.1472 0.355061 64
2.31059 -0.1133 0.352332 72
2.29606 -0.0802 0.350116 86
2.28509 -0.0476 0.348443 97
2.28059 0.0178 0.379185 90
2.28908 0.0502 0.380596 84
2.30585 0.0832 0.383384 72
2.33209 0.1171 0.387747 73
2.34501 0.151 0.389896 68
2.38792 0.1877 0.39703 54
2.36671 -0.2062 0.393504 41
2.32104 -0.1692 0.38591 63
2.30742 -0.1355 0.383647 79
2.2943 -0.1022 0.381465 76
2.28661 -0.0695 0.380186 89
2.29026 -0.0372 0.380793 87
2.31976 0.0168 0.362435 80
2.3243 0.0496 0.363145 70
2.33813 0.0829 0.365306 71
2.3496 0.1165 0.367097 63
2.37736 0.1515 0.371434 52
2.44306 0.1903 0.3817 40
2.42508 -0.1919 0.37889 50
2.37331 -0.1542 0.370801 43
2.35345 -0.1196 0.367699 54
2.33606 -0.0857 0.364982 63
2.32322 -0.0525 0.362975 67
2.30561 0.0029 0.416922 79
2.30925 0.0356 0.41758 80
2.32037 0.0687 0.419591 72
2.33788 0.1024 0.422758 67
2.35294 0.1366 0.425481 55
2.39889 0.1734 0.433791 47
2.41848 -0.1761 0.437332 28
2.35579 -0.138 0.425997 55
2.33188 -0.1034 0.421673 61
2.32332 -0.07 0.420125 73
2.31122 -0.0369 0.417936 70
2.34425 0.01 0.449734 61
2.36153 0.0436 0.45305 60
2.39011 0.0781 0.458533 49
2.38628 -0.1425 0.457798 36
2.35761 -0.1072 0.452297 55
2.3471 -0.0734 0.450281 59
2.34297 -0.0399 0.449489 63
2.34566 0.0151 0.493453 57
2.35789 0.0488 0.496026 54
2.37267 0.0831 0.499134 51
2.41817 0.1193 0.508707 35
2.38803 -0.1349 0.502367 36
2.35642 -0.0993 0.495717 51
2.34673 -0.0654 0.493679 61
2.4108 0.0069 0.528284 30
2.42027 0.0415 0.53036 30
2.41529 -0.0466 0.529269 27
2.40893 0.0207 0.554375 34
2.45171 -0.0773 0.56422 25
2.41946 -0.0416 0.556797 32
