2.3603 0.5462 0.127 4
2.3863 0.5444 0.0427 3
2.333 0.5313 0.1254 7
2.3915 0.5442 0.2146 3
2.3628 0.5303 0.0423 6
2.327 0.5214 0.125 10
2.3409 0.5241 0.2099 5
2.3413 0.5169 0.0419 7
2.3053 0.5085 0.1237 11
2.3232 0.5116 0.2081 7
2.3254 0.5053 0.0415 8
2.3031 0.5001 0.1235 14
2.321 0.5031 0.2078 8
2.3153 0.4951 0.0413 10
2.2755 0.4858 0.1219 14
2.309 0.4925 0.2066 10
2.3111 0.4858 0.0412 12
2.2538 0.4729 0.1207 15
2.3088 0.484 0.2064 13
2.3569 0.4932 0.2957 4
2.3904 0.4976 -0.0426 3
2.305 0.4761 0.0411 13
2.2574 0.4654 0.1208 15
2.289 0.4715 0.2045 16
2.3411 0.4814 0.2935 6
2.3725 0.4853 -0.0423 5
2.2714 0.4609 0.0405 13
2.2551 0.4567 0.1206 15
2.2692 0.4588 0.2025 15
2.3408 0.4728 0.2932 8
2.3703 0.4762 -0.0422 8
2.2632 0.4506 0.0403 14
2.2489 0.4469 0.1202 16
2.2689 0.4505 0.2024 15
2.3191 0.4596 0.2903 9
2.3602 0.4652 -0.042 8
2.2785 0.4454 0.0405 15
2.2406 0.4372 0.1196 17
2.2705 0.4422 0.2024 16
2.3071 0.4489 0.2886 10
2.352 0.4551 -0.0418 10
2.274 0.4371 0.0404 16
2.2243 0.4267 0.1187 17
2.264 0.4339 0.2017 16
2.2968 0.4394 0.2871 12
2.3318 0.4436 -0.0414 10
2.2677 0.4273 0.0403 16
2.2298 0.4193 0.1189 18
2.2499 0.4227 0.2003 16
2.2945 0.4302 0.2866 12
2.3216 0.4328 -0.0412 12
2.2477 0.415 0.0399 17
2.2293 0.4112 0.1188 18
2.2397 0.4123 0.1992 17
2.2902 0.4207 0.2859 13
2.3212 0.4243 -0.0412 12
2.2471 0.4071 0.0399 18
2.2306 0.4038 0.1188 21
2.2391 0.4045 0.1991 17
2.2681 0.4089 0.283 13
2.3068 0.4138 -0.0409 12
2.2484 0.3997 0.0399 18
2.2143 0.3928 0.1179 20
2.2365 0.3964 0.1987 17
2.2636 0.4004 0.2822 14
2.3102 0.4061 -0.0409 13
2.2498 0.3918 0.0399 18
2.2098 0.3841 0.1175 21
2.2359 0.3882 0.1985 18
2.265 0.3925 0.2822 15
2.3806 0.4116 0.3826 3
2.2899 0.3943 -0.0406 15
2.2472 0.3833 0.0398 18
2.2131 0.3767 0.1177 22
2.2274 0.3787 0.1977 21
2.2585 0.3832 0.2813 15
2.3586 0.3994 0.3789 4
2.4125 0.4076 -0.1282 3
2.2893 0.386 -0.0405 15
2.2367 0.3735 0.0396 18
2.2164 0.3693 0.1178 25
2.2189 0.3689 0.1968 18
2.2598 0.3753 0.2813 15
2.358 0.3908 0.3786 4
2.412 0.3984 -0.1281 3
2.2907 0.378 -0.0405 16
2.2282 0.3637 0.0394 19
2.2177 0.3612 0.1178 24
2.2301 0.3628 0.1977 17
2.2455 0.3645 0.2793 15
2.3458 0.3799 0.3764 5
2.3818 0.3849 -0.1264 4
2.2999 0.3709 -0.0407 16
2.2334 0.3565 0.0395 24
2.1992 0.3503 0.1167 25
2.2372 0.3559 0.1982 18
2.2389 0.3554 0.2783 15
2.3432 0.3711 0.3758 6
2.3733 0.375 -0.1259 5
2.2894 0.361 -0.0405 16
2.2346 0.3487 0.0395 25
2.1984 0.3427 0.1166 29
2.2266 0.3463 0.1971 19
2.2402 0.3476 0.2783 15
2.3288 0.3609 0.3733 7
2.3824 0.368 -0.1263 6
2.2807 0.3518 -0.0403 17
2.2338 0.341 0.0394 26
2.1976 0.3347 0.1165 33
2.2062 0.3352 0.1952 18
2.2472 0.3411 0.2791 16
2.3183 0.351 0.3714 8
2.3679 0.3577 -0.1255 7
2.276 0.343 -0.0402 17
2.2231 0.3314 0.0392 28
2.1968 0.3267 0.1164 31
2.2073 0.3279 0.1952 19
2.2484 0.3332 0.2791 17
2.3352 0.3452 0.3739 8
2.3671 0.3491 -0.1254 8
2.2752 0.3347 -0.0401 18
2.2183 0.3228 0.0391 30
2.2019 0.3196 0.1166 35
2.2163 0.3213 0.1959 23
2.2338 0.3231 0.2771 16
2.3247 0.3354 0.372 9
2.3565 0.3392 -0.1248 8
2.2743 0.3265 -0.0401 18
2.2273 0.3162 0.0393 29
2.1852 0.3094 0.1157 37
2.2134 0.313 0.1956 23
2.231 0.3147 0.2766 16
2.3239 0.327 0.3717 9
2.3458 0.3293 -0.1241 8
2.2774 0.3189 -0.0401 18
2.2245 0.3079 0.0392 31
2.1862 0.3018 0.1157 39
2.2224 0.3064 0.1963 26
2.2301 0.3067 0.2764 17
2.3191 0.3181 0.3707 9
2.3528 0.3219 -0.1245 8
2.2766 0.3106 -0.0401 21
2.2216 0.2996 0.0391 32
2.1991 0.2962 0.1163 46
2.2077 0.2965 0.1949 28
2.2272 0.2984 0.2759 16
2.3162 0.3099 0.3701 10
2.3559 0.3139 -0.1246 10
2.2736 0.3026 -0.04 21
2.2146 0.2912 0.039 33
2.2001 0.2885 0.1163 50
2.2047 0.2883 0.1945 27
2.242 0.2928 0.2776 17
2.3173 0.3018 0.3701 10
2.353 0.3056 -0.1244 10
2.2786 0.2951 -0.0401 21
2.2097 0.2827 0.0389 34
2.1991 0.2805 0.1162 65
2.2195 0.2828 0.1958 28
2.2253 0.2827 0.2754 17
2.3164 0.2934 0.3698 10
2.3382 0.2954 -0.1235 10
2.2836 0.2877 -0.0402 22
2.2146 0.2754 0.039 35
2.1922 0.2719 0.1158 71
2.2086 0.2735 0.1947 30
2.2203 0.2742 0.2747 17
2.3252 0.2863 0.3711 10
2.3432 0.2877 -0.1237 10
2.2628 0.277 -0.0398 20
2.2195 0.2682 0.039 36
2.1911 0.264 0.1157 82
2.2056 0.2653 0.1944 33
2.2292 0.2674 0.2757 17
2.3125 0.2766 0.3689 11
2.3521 0.2805 -0.1241 11
2.2597 0.2687 -0.0397 21
2.2224 0.2607 0.0391 37
2.1881 0.2559 0.1155 94
2.2006 0.257 0.1938 34
2.2281 0.2594 0.2754 17
2.3134 0.2685 0.3689 10
2.3451 0.2713 -0.1237 11
2.2607 0.2608 -0.0397 20
2.2094 0.2513 0.0388 36
2.1929 0.2487 0.1157 100
2.2034 0.2495 0.194 33
2.229 0.2516 0.2754 17
2.3242 0.2615 0.3704 11
2.354 0.264 -0.1241 10
2.2576 0.2524 -0.0397 21
2.2083 0.2434 0.0388 37
2.2017 0.2419 0.1161 100
2.2102 0.2425 0.1945 34
2.2161 0.2423 0.2737 17
2.3251 0.2534 0.3704 10
2.341 0.2543 -0.1234 11
2.2624 0.245 -0.0397 21
2.223 0.2376 0.039 39
2.1767 0.2319 0.1147 100
2.215 0.2355 0.1949 34
2.2267 0.236 0.2749 17
2.3377 0.2469 0.3723 10
2.3458 0.247 -0.1236 11
2.2712 0.2383 -0.0399 21
2.2218 0.2296 0.039 38
2.1775 0.2243 0.1147 100
2.2158 0.2278 0.1949 35
2.2315 0.2286 0.2754 17
2.3189 0.2368 0.3692 10
2.3466 0.2388 -0.1236 11
2.2601 0.2292 -0.0397 21
2.2306 0.2226 0.0391 37
2.1842 0.2172 0.115 74
2.2067 0.2191 0.194 34
2.2283 0.2205 0.2749 17
2.3217 0.2289 0.3695 9
2.3554 0.2314 -0.124 12
2.2589 0.2211 -0.0396 23
2.2114 0.2129 0.0388 36
2.1889 0.21 0.1152 65
2.2074 0.2114 0.194 31
2.2409 0.2138 0.2764 16
2.3323 0.2217 0.3711 10
2.3562 0.2231 -0.124 11
2.2656 0.2138 -0.0397 20
2.2281 0.2067 0.0391 37
2.1976 0.2035 0.1157 57
2.2201 0.2048 0.1951 31
2.2337 0.2053 0.2754 16
2.3389 0.2145 0.372 9
2.351 0.2144 -0.1237 11
2.2782 0.2073 -0.0399 20
2.2268 0.1991 0.039 36
2.1983 0.1958 0.1157 52
2.2247 0.1974 0.1954 30
2.2344 0.1978 0.2754 17
2.3475 0.207 0.3733 9
2.3557 0.2069 -0.1239 11
2.2869 0.2001 -0.0401 20
2.2275 0.1914 0.039 32
2.1909 0.1878 0.1152 46
2.2333 0.1907 0.1961 29
2.2489 0.1912 0.2771 17
2.3324 0.1979 0.3707 9
2.3644 0.1994 -0.1244 10
2.2756 0.1915 -0.0399 19
2.24 0.185 0.0392 35
2.2035 0.1812 0.1159 44
2.2201 0.1817 0.1949 28
2.2496 0.1838 0.2771 16
2.3331 0.1898 0.3707 8
2.373 0.1922 -0.1248 9
2.2683 0.1829 -0.0397 18
2.2247 0.1759 0.039 32
2.2041 0.1735 0.1159 37
2.2266 0.1748 0.1954 26
2.2561 0.1764 0.2779 17
2.3495 0.1828 0.3733 8
2.3776 0.1842 -0.125 9
2.2889 0.1765 -0.0401 20
2.2293 0.1684 0.039 32
2.2167 0.1667 0.1165 36
2.2352 0.1673 0.1961 26
2.2468 0.1678 0.2766 16
2.36 0.1754 0.3748 7
2.3683 0.1747 -0.1245 8
2.2954 0.169 -0.0402 19
2.2439 0.1612 0.0393 32
2.2073 0.1578 0.116 35
2.2397 0.1598 0.1964 24
2.2633 0.1606 0.2786 17
2.3665 0.1671 0.3758 7
2.3769 0.167 -0.1249 8
2.302 0.161 -0.0403 18
2.2444 0.1534 0.0393 31
2.2019 0.1497 0.1157 33
2.2482 0.1525 0.1971 24
2.2698 0.1531 0.2793 16
2.3572 0.1582 0.3742 7
2.3954 0.1599 -0.1258 6
2.2946 0.1524 -0.0401 18
2.2529 0.1461 0.0394 29
2.2243 0.1438 0.1168 31
2.2309 0.1435 0.1956 23
2.2802 0.1459 0.2805 16
2.3755 0.1515 0.377 6
2.4039 0.1521 -0.1262 5
2.3031 0.1453 -0.0403 18
2.2474 0.1382 0.0393 28
2.2287 0.1367 0.117 30
2.2373 0.1364 0.1961 22
2.2846 0.1385 0.281 16
2.3918 0.1446 0.3795 6
2.4044 0.1441 -0.1262 4
2.3075 0.1379 -0.0403 17
2.2558 0.1313 0.0394 28
2.2412 0.1296 0.1177 28
2.2497 0.1297 0.1971 22
2.2831 0.1308 0.2808 16
2.3903 0.1361 0.3792 4
2.4188 0.1369 -0.127 4
2.318 0.1304 -0.0405 16
2.2663 0.1239 0.0396 28
2.2416 0.1218 0.1177 28
2.27 0.1229 0.1989 23
2.2815 0.1228 0.2805 15
2.4203 0.1294 0.3839 3
2.4213 0.1286 -0.1271 3
2.3164 0.1222 -0.0405 15
2.2727 0.1163 0.0397 26
2.234 0.1136 0.1172 26
2.2644 0.1147 0.1984 21
2.2978 0.1156 0.2825 15
2.3248 0.1145 -0.0406 15
2.2791 0.1087 0.0398 23
2.2444 0.1062 0.1178 24
2.2529 0.1062 0.1973 20
2.3061 0.1079 0.2835 14
2.3312 0.1067 -0.0407 14
2.2754 0.1005 0.0398 25
2.2547 0.0988 0.1183 23
2.2712 0.0992 0.1989 21
2.3184 0.1004 0.2849 14
2.3396 0.0989 -0.0409 14
2.2778 0.0927 0.0398 21
2.265 0.0914 0.1188 21
2.2795 0.0912 0.1996 19
2.3168 0.0922 0.2847 14
2.3499 0.0911 -0.041 13
2.2921 0.0848 0.04 21
2.2614 0.0833 0.1186 21
2.2877 0.0835 0.2003 18
2.325 0.084 0.2857 13
2.3602 0.0832 -0.0412 12
2.2963 0.0774 0.0401 19
2.2656 0.076 0.1188 21
2.294 0.0761 0.2008 18
2.3411 0.0768 0.2876 12
2.3604 0.0754 -0.0412 11
2.3126 0.0703 0.0404 20
2.2738 0.0687 0.1192 19
2.2942 0.0685 0.2008 18
2.3533 0.0694 0.2891 11
2.3647 0.0677 -0.0413 9
2.3108 0.0625 0.0403 18
2.282 0.0614 0.1196 17
2.3004 0.061 0.2013 17
2.3773 0.0623 0.292 11
2.3909 0.0605 -0.0417 8
2.315 0.0542 0.0404 16
2.2982 0.053 0.1205 17
2.3285 0.0532 0.2038 16
2.3795 0.0536 0.2922 8
2.4091 0.0517 -0.0421 8
2.3312 0.0464 0.0407 16
2.3024 0.045 0.1207 16
2.3426 0.045 0.205 15
2.3956 0.0456 0.2942 6
2.4172 0.0435 -0.0422 5
2.3473 0.0381 0.041 14
2.2966 0.0369 0.1204 16
2.3448 0.0368 0.2052 15
2.4235 0.0372 0.2976 4
2.4314 0.0352 -0.0424 4
2.3534 0.0304 0.0411 13
2.3206 0.0292 0.1216 15
2.3469 0.0287 0.2053 15
2.3635 0.0223 0.0413 12
2.3327 0.0212 0.1223 15
2.3629 0.021 0.2067 12
2.3696 0.0141 0.0414 11
2.3447 0.0131 0.1229 14
2.3849 0.0129 0.2087 10
2.3996 0.0059 0.0419 8
2.3568 0.0049 0.1235 12
2.4028 0.0046 0.2102 7
2.4296 -0.0025 0.0424 7
2.3727 -0.0033 0.1244 10
2.4267 -0.0038 0.2123 4
2.4576 -0.0112 0.0429 4
2.4007 -0.0117 0.1258 7
2.4186 -0.0203 0.1268 4
