0.8594 0.388 0.1158 2
0.8607 0.3883 0.1496 2
0.8209 0.3672 0.1104 3
0.8512 0.3804 0.1477 2
0.8138 0.3635 0.1733 2
0.8924 0.3958 0.0854 1
0.8258 0.3659 0.1109 6
0.8164 0.3616 0.1414 5
0.8241 0.3647 0.1752 4
0.8481 0.3728 0.0811 4
0.8197 0.36 0.1099 6
0.8031 0.3525 0.1389 6
0.8181 0.3588 0.1736 4
0.8478 0.3716 0.2137 1
0.8092 0.3525 0.0772 4
0.8173 0.3557 0.1094 6
0.7989 0.3474 0.138 6
0.7958 0.3459 0.1687 7
0.824 0.3578 0.2074 3
0.7958 0.3436 0.0454 2
0.8141 0.3513 0.0776 4
0.793 0.3418 0.106 8
0.8074 0.3477 0.1392 5
0.8115 0.3493 0.1717 7
0.8145 0.3503 0.2047 4
0.8041 0.3455 0.2345 1
0.8007 0.3423 0.0456 2
0.8116 0.3469 0.0772 4
0.7996 0.3414 0.1068 7
0.8049 0.3433 0.1386 6
0.8 0.3411 0.1691 7
0.7871 0.3352 0.1975 7
0.823 0.3502 0.2397 1
0.8129 0.3442 0.0463 2
0.8055 0.3409 0.0765 7
0.7935 0.3355 0.1058 8
0.7879 0.3328 0.1355 6
0.794 0.3352 0.1675 8
0.7811 0.3295 0.1957 7
0.8047 0.3391 0.234 3
0.8086 0.3391 0.046 5
0.7865 0.3296 0.0746 7
0.7837 0.3281 0.1043 8
0.7891 0.3301 0.1355 9
0.806 0.337 0.1698 7
0.7858 0.3282 0.1966 9
0.7845 0.3273 0.2278 5
0.8605 0.3577 0.0163 2
0.8042 0.3339 0.0456 5
0.7894 0.3276 0.0748 7
0.7812 0.3239 0.1038 8
0.7756 0.3213 0.133 10
0.7782 0.3222 0.1637 9
0.7815 0.3232 0.1953 9
0.7731 0.3194 0.2241 5
0.8506 0.3501 0.0161 2
0.7925 0.3258 0.0449 5
0.7943 0.3264 0.0751 7
0.7805 0.3204 0.1036 12
0.7877 0.3231 0.1348 9
0.7611 0.312 0.1599 9
0.7755 0.3176 0.1935 10
0.776 0.3175 0.2247 5
0.8444 0.3441 0.0159 5
0.7825 0.3185 0.0443 5
0.7881 0.3205 0.0744 8
0.7669 0.3117 0.1016 13
0.7779 0.3159 0.133 10
0.7768 0.3151 0.163 12
0.764 0.3096 0.1903 10
0.7807 0.3162 0.2257 7
0.8494 0.3425 0.016 4
0.7836 0.3158 0.0443 8
0.7892 0.3177 0.0744 8
0.7698 0.3096 0.1019 13
0.7643 0.3072 0.1305 10
0.7779 0.3124 0.163 12
0.7741 0.3106 0.1926 10
0.7656 0.307 0.221 7
0.8394 0.3352 0.0158 5
0.7773 0.3101 0.0439 8
0.781 0.3113 0.0736 11
0.769 0.3063 0.1016 13
0.7617 0.3031 0.1298 10
0.7717 0.3069 0.1614 12
0.7715 0.3065 0.1917 10
0.9255 0.3676 -0.0174 2
0.7559 0.3001 0.2179 7
0.8182 0.3235 0.0154 5
0.7764 0.3068 0.0438 8
0.7728 0.305 0.0727 11
0.7608 0.3 0.1004 14
0.7627 0.3006 0.1298 10
0.7599 0.2992 0.1588 13
0.7653 0.301 0.1899 10
0.9081 0.3572 -0.017 3
0.7461 0.2933 0.2148 8
0.8193 0.3208 0.0154 5
0.7738 0.3026 0.0435 9
0.772 0.3016 0.0725 11
0.7618 0.2975 0.1004 14
0.7674 0.2994 0.1305 10
0.7573 0.2952 0.158 13
0.7645 0.2978 0.1894 15
0.8684 0.338 -0.0163 3
0.7526 0.2928 0.2164 7
0.8092 0.3136 0.0151 6
0.7674 0.297 0.0431 9
0.7767 0.3005 0.0729 11
0.7721 0.2984 0.1016 13
0.7685 0.2967 0.1305 10
0.762 0.294 0.1588 13
0.7528 0.2902 0.1863 13
0.8472 0.3264 -0.0158 3
0.7482 0.2881 0.2148 10
0.8029 0.3079 0.015 9
0.761 0.2915 0.0427 9
0.7666 0.2935 0.0718 12
0.762 0.2915 0.1002 14
0.7621 0.2912 0.1292 10
0.7575 0.2893 0.1576 16
0.7502 0.2862 0.1854 17
0.8259 0.3149 -0.0154 4
0.7528 0.2869 0.2159 9
0.817 0.31 0.0153 9
0.7769 0.2945 0.0435 9
0.7564 0.2866 0.0708 12
0.7668 0.2902 0.1007 14
0.752 0.2843 0.1273 11
0.7603 0.2873 0.158 16
0.7548 0.2849 0.1863 19
0.8326 0.3141 -0.0155 4
0.7447 0.2808 0.2133 10
0.8031 0.3016 0.015 9
0.7779 0.2918 0.0435 9
0.7649 0.2867 0.0715 12
0.7696 0.2882 0.1009 14
0.7456 0.2789 0.1261 11
0.7392 0.2764 0.1534 21
0.7649 0.2857 0.1885 19
0.8224 0.307 -0.0153 4
0.7421 0.2769 0.2122 10
0.8004 0.2974 0.0149 9
0.7752 0.2877 0.0433 9
0.7696 0.2855 0.0718 12
0.7464 0.2766 0.0977 15
0.7633 0.2825 0.1289 10
0.7402 0.2738 0.1534 18
0.8767 0.3241 -0.049 2
0.7568 0.2796 0.1863 19
0.8516 0.3145 -0.0158 3
0.7467 0.2756 0.2133 10
0.7902 0.2904 0.0147 10
0.7556 0.2774 0.0422 9
0.7594 0.2787 0.0708 12
0.7437 0.2726 0.0973 15
0.7531 0.2757 0.127 11
0.7485 0.2739 0.1549 17
0.8591 0.3142 -0.0479 3
0.7431 0.2716 0.1827 20
0.8227 0.3006 -0.0153 4
0.7422 0.271 0.2117 12
0.795 0.289 0.0148 10
0.7546 0.2742 0.0421 9
0.7491 0.2719 0.0697 13
0.7483 0.2713 0.0977 15
0.7429 0.2692 0.1251 16
0.7532 0.2726 0.1557 17
0.8395 0.3037 -0.0468 3
0.7459 0.2697 0.1831 20
0.7992 0.289 -0.0148 4
0.7449 0.2692 0.2122 12
0.7959 0.2864 0.0148 10
0.7593 0.2729 0.0423 9
0.7538 0.2707 0.0701 12
0.7642 0.2742 0.0997 14
0.7364 0.2639 0.1239 12
0.7541 0.2701 0.1557 21
0.8311 0.2976 -0.0463 3
0.7449 0.2666 0.1827 20
0.7908 0.2828 -0.0147 4
0.724 0.2588 0.206 14
0.7837 0.2789 0.0145 10
0.764 0.2716 0.0425 9
0.7547 0.2681 0.0701 12
0.7595 0.2696 0.099 20
0.7485 0.2653 0.1258 15
0.7328 0.2596 0.1511 18
0.834 0.2953 -0.0464 7
0.7532 0.2666 0.1845 20
0.8069 0.2854 -0.0149 4
0.7176 0.2537 0.2039 14
0.7809 0.2749 0.0145 10
0.7575 0.2663 0.0421 9
0.7444 0.2616 0.069 13
0.7511 0.2636 0.0977 20
0.7531 0.264 0.1264 15
0.7356 0.2577 0.1515 18
0.8238 0.2885 -0.0457 8
0.7468 0.2614 0.1827 20
0.8116 0.2839 -0.015 8
0.7294 0.255 0.2071 14
0.7932 0.2761 0.0147 10
0.7471 0.2597 0.0415 9
0.7509 0.2609 0.0696 13
0.7445 0.2584 0.0968 21
0.754 0.2614 0.1264 11
0.742 0.2571 0.1526 18
0.8266 0.2863 -0.0458 7
0.7293 0.2524 0.1782 18
0.8032 0.2778 -0.0148 8
0.7285 0.2518 0.2065 14
0.7866 0.2707 0.0145 10
0.7404 0.2545 0.041 10
0.7575 0.2602 0.0701 12
0.751 0.2577 0.0975 21
0.7288 0.2498 0.122 12
0.7411 0.2539 0.1523 22
0.8276 0.2834 -0.0458 7
0.7357 0.2517 0.1795 21
0.7985 0.2731 -0.0147 9
0.7239 0.2474 0.205 14
0.8103 0.2757 0.0149 9
0.7507 0.2551 0.0416 9
0.7471 0.2537 0.069 13
0.7463 0.2532 0.0968 21
0.7278 0.2466 0.1217 16
0.7419 0.2513 0.1523 22
0.8267 0.2798 -0.0457 8
0.7402 0.2504 0.1804 21
0.7918 0.2677 -0.0146 9
0.7138 0.2412 0.2019 18
0.7771 0.2614 0.0143 10
0.7516 0.2525 0.0416 9
0.7385 0.248 0.0682 13
0.7472 0.2506 0.0968 21
0.7399 0.2478 0.1236 16
0.7298 0.2443 0.1496 23
0.8391 0.2807 -0.0464 7
0.7356 0.246 0.1791 21
0.789 0.2637 -0.0145 9
0.7109 0.2375 0.2008 18
0.7628 0.2536 0.014 11
0.7506 0.2493 0.0415 9
0.7488 0.2485 0.069 13
0.7424 0.2461 0.096 21
0.737 0.244 0.123 16
0.889 0.2943 -0.0819 2
0.7325 0.2424 0.15 23
0.8192 0.2709 -0.0452 8
0.742 0.2452 0.1804 21
0.7975 0.2634 -0.0147 9
0.7191 0.2374 0.2029 18
0.7656 0.2516 0.0141 11
0.7401 0.2429 0.0408 10
0.744 0.244 0.0685 13
0.7433 0.2435 0.096 21
0.7416 0.2427 0.1236 16
0.871 0.285 -0.0802 3
0.7277 0.238 0.1488 20
0.8201 0.2681 -0.0452 8
0.7206 0.2354 0.175 22
0.8022 0.2619 -0.0147 9
0.7199 0.2349 0.2029 18
0.776 0.252 0.0142 11
0.7333 0.2379 0.0404 10
0.7467 0.2421 0.0687 13
0.7422 0.2403 0.0958 22
0.7199 0.2328 0.1198 17
0.8512 0.2753 -0.0783 3
0.7323 0.2367 0.1496 23
0.8287 0.2676 -0.0456 8
0.7214 0.2329 0.175 22
0.786 0.2536 -0.0144 9
0.7134 0.23 0.2008 18
0.7807 0.2505 0.0143 14
0.7494 0.2402 0.0412 10
0.7419 0.2376 0.0682 16
0.7506 0.2401 0.0968 21
0.7282 0.2327 0.1211 17
0.8351 0.2668 -0.0767 3
0.7331 0.2341 0.1496 23
0.8106 0.2587 -0.0446 8
0.7278 0.2321 0.1764 25
0.7907 0.252 -0.0145 9
0.7068 0.2252 0.1988 18
0.7701 0.2443 0.0141 11
0.7406 0.2347 0.0407 13
0.7427 0.2352 0.0682 13
0.7476 0.2364 0.0963 21
0.744 0.235 0.1236 16
0.8264 0.2611 -0.0758 7
0.7264 0.2293 0.1481 24
0.819 0.2584 -0.045 8
0.7211 0.2274 0.1746 22
0.7667 0.2416 -0.014 9
0.7113 0.224 0.1998 18
0.7556 0.2368 0.0138 16
0.7338 0.2297 0.0403 10
0.7359 0.2302 0.0675 14
0.7238 0.2261 0.0931 23
0.7354 0.2295 0.122 16
0.8692 0.2712 -0.0797 6
0.7235 0.2256 0.1473 20
0.8066 0.2514 -0.0443 8
0.7256 0.226 0.1755 22
0.7828 0.2437 -0.0143 9
0.7102 0.2209 0.1993 18
0.7584 0.2348 0.0139 16
0.7346 0.2271 0.0403 10
0.7462 0.2306 0.0683 13
0.7265 0.2242 0.0934 23
0.7306 0.2252 0.1211 17
0.8397 0.2588 -0.0769 7
0.7261 0.2237 0.1477 24
0.8055 0.248 -0.0442 9
0.719 0.2212 0.1737 22
0.7951 0.2445 -0.0145 9
0.7147 0.2196 0.2003 18
0.7573 0.2315 0.0138 12
0.7392 0.2257 0.0405 14
0.7337 0.2239 0.0671 14
0.733 0.2234 0.0941 23
0.7238 0.2203 0.1198 17
0.8329 0.2535 -0.0762 7
0.7306 0.2223 0.1484 24
0.8045 0.2446 -0.0441 9
0.7179 0.2181 0.1732 23
0.7807 0.237 -0.0142 9
0.7099 0.2154 0.1988 18
0.7772 0.2347 0.0142 11
0.7362 0.222 0.0403 10
0.7325 0.2207 0.0669 17
0.7432 0.2237 0.0953 22
0.7208 0.2167 0.1192 17
0.8033 0.2415 -0.0734 8
0.7389 0.222 0.15 23
0.8053 0.2418 -0.0441 9
0.7186 0.2156 0.1732 23
0.7777 0.2332 -0.0142 9
0.7014 0.2102 0.1962 19
0.7608 0.2268 0.0139 16
0.7293 0.2171 0.0399 10
0.7371 0.2193 0.0673 14
0.7345 0.2183 0.0941 23
0.7215 0.2141 0.1192 17
0.8137 0.2415 -0.0743 8
0.7134 0.2116 0.1446 25
0.81 0.2401 -0.0443 8
0.725 0.2147 0.1746 22
0.7727 0.2287 -0.0141 9
0.6984 0.2066 0.1951 19
0.7616 0.2241 0.0139 16
0.7377 0.217 0.0403 10
0.7455 0.219 0.068 13
0.7181 0.2107 0.0919 24
0.7317 0.2145 0.1208 17
0.8164 0.2392 -0.0744 8
0.7141 0.2091 0.1446 25
0.8032 0.235 -0.0439 9
0.7164 0.2095 0.1723 23
0.7792 0.2279 -0.0142 9
0.6954 0.2032 0.1941 21
0.7604 0.2211 0.0138 12
0.7346 0.2133 0.0401 14
0.7425 0.2153 0.0676 17
0.7283 0.2111 0.0931 23
0.8885 0.2573 -0.1136 2
0.723 0.2092 0.1192 17
0.8077 0.2336 -0.0736 8
0.7167 0.2073 0.145 25
0.7963 0.2301 -0.0434 9
0.7152 0.2066 0.1719 23
0.7877 0.2274 -0.0143 9
0.7146 0.2061 0.1993 20
0.7727 0.2217 0.014 15
0.7315 0.2096 0.0399 14
0.7413 0.2123 0.0675 17
0.7291 0.2085 0.0931 23
0.8894 0.2542 -0.1136 2
0.7161 0.2045 0.118 18
0.82 0.2342 -0.0746 8
0.7231 0.2064 0.1462 24
0.8009 0.2284 -0.0436 13
0.7065 0.2014 0.1696 24
0.777 0.2213 -0.0141 9
0.7061 0.201 0.1967 19
0.76 0.2152 0.0138 16
0.7322 0.2071 0.0399 10
0.7267 0.2053 0.0661 18
0.7298 0.206 0.0931 23
0.9209 0.2597 -0.1175 2
0.7111 0.2004 0.117 18
0.8093 0.2281 -0.0736 8
0.72 0.2028 0.1454 24
0.7979 0.2246 -0.0434 9
0.7166 0.2016 0.1719 27
0.7604 0.2137 -0.0138 10
0.7086 0.199 0.1972 21
0.753 0.2104 0.0136 16
0.7348 0.2052 0.04 14
0.7331 0.2044 0.0666 21
0.7382 0.2055 0.0941 23
0.895 0.2491 -0.1141 5
0.727 0.2023 0.1195 17
0.7928 0.2205 -0.072 9
0.7169 0.1992 0.1446 25
0.8083 0.2245 -0.044 13
0.7211 0.2001 0.1728 23
0.7611 0.2112 -0.0138 10
0.7055 0.1957 0.1962 21
0.748 0.2063 0.0135 12
0.7317 0.2015 0.0398 14
0.7415 0.204 0.0673 21
0.7274 0.1999 0.0926 24
0.8729 0.2398 -0.1111 6
0.7201 0.1977 0.1183 17
0.8089 0.2219 -0.0734 8
0.7176 0.1968 0.1446 25
0.7936 0.2175 -0.0431 14
0.7123 0.1951 0.1705 23
0.7657 0.2096 -0.0139 10
0.7025 0.1922 0.1951 21
0.7525 0.2047 0.0136 12
0.7266 0.1975 0.0395 10
0.7403 0.201 0.0671 17
0.728 0.1974 0.0926 24
0.8852 0.2398 -0.1126 5
0.7226 0.1958 0.1186 17
0.8193 0.2218 -0.0743 8
0.7145 0.1933 0.1439 25
0.7982 0.2158 -0.0433 14
0.6998 0.1891 0.1674 24
0.776 0.2097 -0.014 9
0.705 0.1904 0.1957 21
0.7725 0.2074 0.014 11
0.7234 0.194 0.0393 11
0.7544 0.202 0.0683 16
0.721 0.1929 0.0916 24
0.8553 0.2287 -0.1087 6
0.7195 0.1922 0.118 18
0.8027 0.2143 -0.0727 8
0.7189 0.192 0.1446 25
0.8066 0.2152 -0.0438 13
0.7099 0.1893 0.1696 24
0.769 0.2049 -0.0139 10
0.7075 0.1884 0.1962 21
0.752 0.1991 0.0136 17
0.7241 0.1914 0.0393 11
0.7204 0.1903 0.0652 18
0.7371 0.1945 0.0936 23
0.8926 0.2353 -0.1133 5
0.7144 0.1882 0.117 18
0.788 0.2075 -0.0713 9
0.7215 0.1899 0.145 25
0.79 0.2078 -0.0428 9
0.7124 0.1873 0.1701 24
0.7659 0.2012 -0.0138 10
0.6988 0.1835 0.1936 21
0.7449 0.1945 0.0134 17
0.7344 0.1914 0.0398 14
0.7385 0.1922 0.0668 21
0.7281 0.1894 0.0924 24
0.8511 0.2212 -0.108 6
0.7284 0.1892 0.1192 17
0.7907 0.2052 -0.0715 9
0.7107 0.1843 0.1427 26
0.7927 0.2054 -0.0429 14
0.7169 0.1857 0.171 23
0.7705 0.1995 -0.0139 10
0.6864 0.1776 0.19 22
0.7514 0.1932 0.0135 12
0.7428 0.1909 0.0402 14
0.7391 0.1896 0.0668 17
0.723 0.1852 0.0916 24
0.8615 0.2206 -0.1092 6
0.7157 0.1832 0.117 18
0.7914 0.2025 -0.0715 9
0.7076 0.1809 0.142 26
0.7702 0.1967 -0.0417 15
0.7137 0.1822 0.1701 24
0.7789 0.1988 -0.014 9
0.6907 0.1762 0.191 22
0.756 0.1917 0.0136 16
0.7241 0.1834 0.0391 15
0.7359 0.1861 0.0664 21
0.716 0.1809 0.0907 25
0.8392 0.2119 -0.1063 10
0.7298 0.1841 0.1192 17
0.794 0.2002 -0.0716 13
0.7158 0.1805 0.1435 25
0.7902 0.1991 -0.0427 15
0.7049 0.1774 0.1678 24
0.7641 0.1922 -0.0138 10
0.6951 0.1747 0.192 21
0.7469 0.1866 0.0134 17
0.7248 0.1808 0.0391 15
0.7346 0.1832 0.0662 21
0.7243 0.1803 0.0916 24
0.8592 0.2137 -0.1087 6
0.7151 0.1778 0.1167 18
0.814 0.2024 -0.0734 12
0.7202 0.1789 0.1443 29
0.7909 0.1963 -0.0427 15
0.7112 0.1764 0.1692 24
0.757 0.1876 -0.0136 10
0.7088 0.1755 0.1957 21
0.7379 0.1816 0.0133 13
0.7215 0.1774 0.0389 15
0.7217 0.1773 0.065 22
0.7326 0.1797 0.0926 24
0.8445 0.207 -0.1068 7
0.7003 0.1715 0.1142 19
0.7799 0.191 -0.0702 14
0.7151 0.175 0.1431 30
0.7954 0.1945 -0.0429 14
0.7156 0.1748 0.1701 24
0.7576 0.185 -0.0136 10
0.6869 0.1676 0.1895 22
0.7404 0.1795 0.0133 17
0.724 0.1754 0.039 15
0.7301 0.1766 0.0657 21
0.7275 0.1757 0.0919 24
0.8568 0.2068 -0.1082 6
0.7124 0.172 0.1161 18
0.796 0.192 -0.0716 9
0.7119 0.1716 0.1423 30
0.7864 0.1894 -0.0424 15
0.7143 0.1719 0.1696 28
0.7621 0.1834 -0.0137 10
0.6893 0.1658 0.19 22
0.743 0.1775 0.0133 13
0.7324 0.1748 0.0395 14
0.7346 0.175 0.0661 21
0.7222 0.1719 0.0912 24
0.8478 0.2017 -0.107 10
0.713 0.1695 0.1161 18
0.8006 0.1901 -0.072 13
0.7106 0.1688 0.142 26
0.789 0.1872 -0.0425 15
0.7092 0.1682 0.1683 28
0.7667 0.1817 -0.0138 10
0.6993 0.1656 0.1926 21
0.7416 0.1745 0.0133 17
0.7252 0.1705 0.039 15
0.739 0.1735 0.0664 21
0.717 0.168 0.0904 25
0.8446 0.1978 -0.1065 10
0.7116 0.1667 0.1158 18
0.7857 0.1838 -0.0706 9
0.7092 0.1658 0.1416 30
0.7741 0.1808 -0.0417 15
0.7097 0.1657 0.1683 28
0.775 0.1809 -0.0139 10
0.698 0.1628 0.192 21
0.7519 0.1743 0.0135 12
0.7141 0.1653 0.0384 15
0.7416 0.1713 0.0666 24
0.7253 0.1675 0.0914 24
0.8337 0.1923 -0.1051 11
0.7064 0.1628 0.1148 18
0.7883 0.1816 -0.0708 9
0.7213 0.1661 0.1439 25
0.7708 0.1774 -0.0415 16
0.7103 0.1633 0.1683 28
0.7445 0.1711 -0.0133 10
0.708 0.1625 0.1946 21
0.7448 0.1698 0.0133 13
0.7264 0.1653 0.039 15
0.7305 0.1661 0.0655 21
0.7201 0.1635 0.0907 25
0.8421 0.191 -0.106 10
0.7013 0.1589 0.1139 23
0.7753 0.1756 -0.0696 10
0.7142 0.1617 0.1423 30
0.787 0.1781 -0.0423 15
0.709 0.1603 0.1678 28
0.7646 0.1727 -0.0137 10
0.6841 0.1544 0.1879 22
0.7356 0.165 0.0132 18
0.725 0.1623 0.0389 15
0.7311 0.1634 0.0655 25
0.7207 0.161 0.0907 25
0.8428 0.1881 -0.106 10
0.7114 0.1586 0.1154 23
0.7954 0.1772 -0.0713 9
0.7014 0.1561 0.1397 31
0.7798 0.1735 -0.0419 15
0.7115 0.1581 0.1683 28
0.7613 0.1692 -0.0136 10
0.6808 0.1512 0.1869 22
0.7401 0.1631 0.0132 18
0.7217 0.1589 0.0387 15
0.7239 0.1592 0.0648 26
0.7174 0.1575 0.0902 25
0.8473 0.1858 -0.1065 10
0.7236 0.1587 0.1173 22
0.7785 0.1706 -0.0697 10
0.6981 0.1528 0.1389 32
0.7726 0.169 -0.0415 16
0.7044 0.154 0.1665 29
0.7736 0.1691 -0.0138 10
0.6889 0.1505 0.1889 22
0.7543 0.1636 0.0135 17
0.7203 0.156 0.0386 15
0.7322 0.1583 0.0655 25
0.714 0.1543 0.0897 31
0.8402 0.1813 -0.1055 10
0.7125 0.1537 0.1154 23
0.7966 0.1716 -0.0713 14
0.7159 0.1543 0.1423 30
0.7732 0.1665 -0.0415 16
0.7087 0.1525 0.1674 28
0.7664 0.1647 -0.0137 10
0.6989 0.1501 0.1915 21
0.7471 0.1593 0.0133 17
0.7091 0.151 0.038 15
0.7327 0.1559 0.0655 25
0.7282 0.1546 0.0914 30
0.8098 0.1718 -0.1016 12
0.7092 0.1504 0.1148 23
0.7933 0.1682 -0.0709 14
0.7106 0.1505 0.1412 31
0.7777 0.1646 -0.0417 15
0.7016 0.1484 0.1656 29
0.7435 0.1571 -0.0133 10
0.6975 0.1472 0.191 22
0.7496 0.1571 0.0134 17
0.7253 0.1518 0.0388 15
0.7274 0.1521 0.065 26
0.9436 0.1971 -0.1527 1
0.7229 0.1509 0.0907 31
0.8298 0.173 -0.1041 11
0.7078 0.1475 0.1145 23
0.7782 0.1622 -0.0696 15
0.715 0.1489 0.142 30
0.7939 0.1651 -0.0425 15
0.706 0.1467 0.1665 29
0.7558 0.1569 -0.0135 10
0.6866 0.1424 0.1879 25
0.7325 0.1509 0.0131 13
0.7336 0.151 0.0393 15
0.728 0.1496 0.065 26
0.9249 0.1899 -0.1496 1
0.7292 0.1496 0.0914 30
0.842 0.1725 -0.1055 10
0.6967 0.1428 0.1126 24
0.771 0.1578 -0.0689 15
0.6982 0.1428 0.1385 32
0.7886 0.1612 -0.0422 15
0.7122 0.1454 0.1678 28
0.7602 0.1552 -0.0135 10
0.6909 0.1409 0.1889 25
0.7428 0.1504 0.0132 18
0.738 0.1492 0.0395 14
0.7343 0.1482 0.0655 25
0.8868 0.179 -0.1433 2
0.718 0.1448 0.0899 31
0.8348 0.1682 -0.1046 11
0.7185 0.1446 0.1161 27
0.7911 0.1591 -0.0706 14
0.7006 0.1409 0.1389 37
0.7852 0.1578 -0.042 15
0.7127 0.1431 0.1678 28
0.7686 0.1541 -0.0137 10
0.6933 0.1389 0.1895 25
0.7512 0.1494 0.0134 17
0.719 0.1427 0.0384 15
0.7348 0.1458 0.0655 25
0.9068 0.1797 -0.1464 4
0.7185 0.1423 0.0899 31
0.8276 0.1637 -0.1036 11
0.7209 0.1425 0.1164 27
0.7779 0.1538 -0.0694 15
0.7069 0.1396 0.1401 36
0.7799 0.1539 -0.0417 15
0.6979 0.1375 0.1642 29
0.773 0.1522 -0.0138 10
0.69 0.1357 0.1884 25
0.7399 0.1445 0.0132 18
0.7155 0.1395 0.0382 15
0.7392 0.144 0.0659 25
0.9113 0.1773 -0.147 4
0.719 0.1398 0.0899 38
0.836 0.1623 -0.1046 11
0.6981 0.1354 0.1126 29
0.7824 0.1518 -0.0697 10
0.7189 0.1394 0.1423 35
0.7706 0.1492 -0.0411 16
0.7079 0.137 0.1665 29
0.7461 0.1442 -0.0133 10
0.7018 0.1355 0.1915 23
0.7443 0.1427 0.0132 18
0.7317 0.14 0.039 15
0.7299 0.1395 0.065 26
0.9003 0.1719 -0.1452 4
0.7215 0.1376 0.0902 31
0.8209 0.1565 -0.1026 12
0.7025 0.1337 0.1133 28
0.7653 0.1457 -0.0682 10
0.7213 0.1372 0.1427 30
0.779 0.148 -0.0416 16
0.7065 0.1341 0.166 29
0.7544 0.1431 -0.0134 15
0.6947 0.1316 0.1895 25
0.737 0.1386 0.0131 18
0.7224 0.1356 0.0385 15
0.7206 0.1351 0.0641 27
0.8893 0.1666 -0.1433 4
0.722 0.1351 0.0902 31
0.8449 0.158 -0.1055 10
0.7088 0.1324 0.1142 33
0.7717 0.1441 -0.0687 15
0.7102 0.1325 0.1404 36
0.7834 0.146 -0.0418 15
0.7127 0.1327 0.1674 28
0.7549 0.1405 -0.0134 10
0.6876 0.1278 0.1874 22
0.7492 0.1382 0.0133 17
0.7248 0.1334 0.0386 15
0.725 0.1333 0.0645 26
0.8821 0.162 -0.142 5
0.7127 0.1308 0.089 39
0.8376 0.1536 -0.1046 11
0.7267 0.1331 0.117 31
0.7722 0.1414 -0.0687 10
0.7068 0.1293 0.1397 31
0.7682 0.1404 -0.0409 16
0.6978 0.1274 0.1638 33
0.7633 0.1393 -0.0135 15
0.6918 0.1261 0.1884 25
0.7458 0.1349 0.0132 18
0.7174 0.1295 0.0382 15
0.7314 0.1319 0.065 30
0.8846 0.1593 -0.1424 4
0.7131 0.1283 0.089 39
0.8186 0.1471 -0.1021 12
0.7155 0.1285 0.1151 27
0.7864 0.1412 -0.0699 10
0.7227 0.1296 0.1427 30
0.7844 0.1406 -0.0418 15
0.7021 0.1257 0.1647 32
0.7638 0.1366 -0.0135 10
0.6979 0.1247 0.19 25
0.7443 0.1319 0.0132 18
0.7159 0.1267 0.0381 19
0.7318 0.1293 0.065 30
0.8676 0.1531 -0.1395 5
0.7136 0.1258 0.089 39
0.8191 0.1443 -0.1021 12
0.7042 0.1241 0.1133 28
0.7908 0.1392 -0.0702 9
0.7135 0.1254 0.1408 31
0.7849 0.1378 -0.0418 15
0.7025 0.1232 0.1647 32
0.7563 0.1327 -0.0134 15
0.706 0.1237 0.192 23
0.7526 0.1308 0.0133 17
0.7261 0.1259 0.0386 15
0.7225 0.125 0.0641 27
0.8934 0.1546 -0.1436 4
0.7198 0.1245 0.0897 38
0.8235 0.1422 -0.1026 12
0.7027 0.1213 0.1129 34
0.7775 0.134 -0.069 10
0.7158 0.1234 0.1412 36
0.7893 0.1359 -0.042 15
0.7068 0.1216 0.1656 29
0.741 0.1273 -0.0131 16
0.6873 0.118 0.1869 25
0.7471 0.1272 0.0132 18
0.7148 0.1214 0.038 15
0.7268 0.1233 0.0645 30
0.8823 0.1495 -0.1417 5
0.7203 0.122 0.0897 38
0.824 0.1394 -0.1026 12
0.7109 0.1201 0.1142 33
0.7701 0.13 -0.0683 10
0.7066 0.1193 0.1393 32
0.7937 0.1338 -0.0422 15
0.7129 0.1201 0.1669 32
0.7572 0.1274 -0.0134 15
0.6839 0.1149 0.1858 25
0.7456 0.1242 0.0132 18
0.7408 0.1232 0.0394 18
0.7213 0.1197 0.064 31
0.8828 0.1463 -0.1417 5
0.7089 0.1175 0.0882 39
0.8363 0.1384 -0.1041 11
0.7211 0.1192 0.1158 37
0.7765 0.1283 -0.0689 10
0.7128 0.1176 0.1404 36
0.7725 0.1273 -0.041 16
0.7211 0.1187 0.1687 31
0.7656 0.1261 -0.0135 15
0.6958 0.1144 0.1889 25
0.7461 0.1215 0.0132 18
0.7117 0.1156 0.0378 20
0.7277 0.1181 0.0645 30
0.8716 0.1413 -0.1399 5
0.7035 0.1139 0.0875 47
0.8152 0.1319 -0.1014 12
0.7215 0.1166 0.1158 37
0.773 0.1249 -0.0685 10
0.7171 0.1158 0.1412 36
0.767 0.1237 -0.0407 16
0.708 0.114 0.1656 32
0.7621 0.1226 -0.0135 15
0.6962 0.1119 0.1889 25
0.7524 0.1198 0.0133 17
0.716 0.1138 0.038 15
0.7202 0.1143 0.0638 34
0.876 0.1389 -0.1405 7
0.7196 0.114 0.0895 51
0.8137 0.1287 -0.1012 12
0.7102 0.1122 0.1139 38
0.7892 0.1247 -0.0699 10
0.7136 0.1126 0.1404 36
0.7773 0.1226 -0.0412 16
0.7065 0.1113 0.1651 32
0.7507 0.1181 -0.0133 16
0.6966 0.1095 0.1889 25
0.7489 0.1166 0.0132 18
0.7144 0.1111 0.0379 19
0.7206 0.1118 0.0638 31
0.8901 0.138 -0.1427 7
0.7298 0.113 0.0907 50
0.8377 0.1297 -0.1041 11
0.7086 0.1096 0.1136 38
0.7817 0.1207 -0.0692 10
0.714 0.1102 0.1404 36
0.7698 0.1186 -0.0408 16
0.7068 0.1089 0.1651 32
0.753 0.1159 -0.0133 16
0.6874 0.1057 0.1863 25
0.7453 0.1135 0.0132 18
0.7187 0.1093 0.0381 19
0.717 0.1088 0.0634 34
0.8789 0.1332 -0.1408 7
0.7262 0.11 0.0902 56
0.8263 0.1251 -0.1026 12
0.7168 0.1084 0.1148 41
0.7821 0.1181 -0.0692 15
0.7066 0.1066 0.1389 37
0.7762 0.117 -0.0411 16
0.7091 0.1069 0.1656 29
0.7593 0.1143 -0.0134 21
0.6916 0.104 0.1874 27
0.7397 0.1102 0.0131 18
0.7349 0.1093 0.0389 18
0.7351 0.1091 0.065 33
0.8676 0.1286 -0.1389 7
0.7089 0.1049 0.088 46
0.8189 0.1212 -0.1016 12
0.7191 0.1063 0.1151 41
0.7786 0.115 -0.0689 15
0.7011 0.1034 0.1378 37
0.7765 0.1144 -0.0411 16
0.7114 0.1048 0.166 32
0.7577 0.1115 -0.0134 21
0.6823 0.1003 0.1848 26
0.746 0.1086 0.0132 18
0.7096 0.1031 0.0376 20
0.7217 0.1046 0.0638 34
0.8739 0.1266 -0.1399 5
0.7132 0.1032 0.0885 59
0.8094 0.1171 -0.1004 12
0.7175 0.1037 0.1148 46
0.775 0.1118 -0.0685 10
0.7015 0.1011 0.1378 41
0.7848 0.113 -0.0416 16
0.704 0.1013 0.1642 32
0.762 0.1095 -0.0134 15
0.6884 0.0988 0.1863 27
0.7504 0.1064 0.0132 18
0.7198 0.1018 0.0381 19
0.7299 0.1031 0.0645 33
0.8802 0.1242 -0.1408 7
0.7194 0.1014 0.0892 52
0.8158 0.1148 -0.1012 12
0.7042 0.099 0.1126 43
0.7715 0.1083 -0.0682 10
0.7096 0.0996 0.1393 37
0.7734 0.1084 -0.0409 16
0.7006 0.0981 0.1633 33
0.7466 0.1044 -0.0132 16
0.6983 0.0975 0.1889 25
0.7587 0.1049 0.0134 17
0.7182 0.099 0.038 19
0.7165 0.0985 0.0633 34
0.8826 0.1212 -0.1411 7
0.7316 0.1005 0.0907 56
0.8181 0.1122 -0.1014 12
0.7065 0.0968 0.1129 53
0.7679 0.1051 -0.0678 10
0.7139 0.0975 0.1401 40
0.7757 0.1058 -0.041 16
0.7125 0.0971 0.166 32
0.7589 0.1034 -0.0134 16
0.6853 0.0933 0.1853 25
0.7472 0.1005 0.0132 18
0.7265 0.0976 0.0384 19
0.7208 0.0966 0.0636 34
0.8576 0.1147 -0.137 8
0.7241 0.0967 0.0897 57
0.8264 0.1104 -0.1024 12
0.7088 0.0946 0.1133 57
0.7722 0.1029 -0.0682 10
0.7045 0.0937 0.1381 41
0.784 0.1042 -0.0415 16
0.707 0.094 0.1647 32
0.7672 0.1018 -0.0135 15
0.6856 0.0909 0.1853 25
0.7515 0.0985 0.0132 18
0.7268 0.0952 0.0384 19
0.733 0.0957 0.0647 37
0.8717 0.1137 -0.1392 7
0.7067 0.092 0.0875 67
0.8209 0.1069 -0.1016 12
0.713 0.0927 0.1139 57
0.7824 0.1016 -0.069 15
0.7067 0.0917 0.1385 41
0.7725 0.1001 -0.0408 16
0.7209 0.0934 0.1678 35
0.7457 0.0964 -0.0131 16
0.6917 0.0893 0.1869 25
0.7478 0.0955 0.0132 18
0.7113 0.0906 0.0376 20
0.7372 0.0938 0.065 37
0.8838 0.1123 -0.1411 7
0.709 0.0899 0.0877 72
0.8153 0.1033 -0.1009 12
0.7173 0.0907 0.1145 66
0.7867 0.0995 -0.0694 15
0.7031 0.0888 0.1378 41
0.7748 0.0977 -0.0409 16
0.7018 0.0884 0.1633 33
0.7599 0.0956 -0.0134 16
0.692 0.0869 0.1869 25
0.7442 0.0924 0.0131 18
0.7155 0.0886 0.0378 20
0.7277 0.09 0.0641 34
0.8803 0.1087 -0.1405 7
0.7171 0.0884 0.0887 71
0.8216 0.1012 -0.1016 12
0.7058 0.0868 0.1126 63
0.791 0.0973 -0.0697 15
0.7054 0.0866 0.1381 41
0.785 0.0963 -0.0415 16
0.7099 0.0869 0.1651 36
0.7503 0.0917 -0.0132 16
0.6942 0.0847 0.1874 27
0.7663 0.0925 0.0135 17
0.7277 0.0876 0.0384 19
0.7181 0.0863 0.0633 38
0.8728 0.1047 -0.1392 7
0.7253 0.0869 0.0897 70
0.8239 0.0985 -0.1019 12
0.71 0.0848 0.1133 57
0.7636 0.0912 -0.0673 16
0.7096 0.0846 0.1389 41
0.7755 0.0923 -0.0409 16
0.7024 0.0835 0.1633 37
0.7486 0.0889 -0.0132 16
0.6926 0.0821 0.1869 27
0.7369 0.0863 0.0129 18
0.728 0.085 0.0384 19
0.7263 0.0847 0.064 38
0.879 0.1023 -0.1402 7
0.7217 0.0839 0.0892 71
0.8163 0.0947 -0.1009 12
0.7064 0.0819 0.1126 63
0.7877 0.0913 -0.0694 15
0.706 0.0817 0.1381 41
0.7837 0.0905 -0.0413 16
0.7085 0.0817 0.1647 36
0.7469 0.086 -0.0131 16
0.6871 0.079 0.1853 27
0.7491 0.0851 0.0132 18
0.7204 0.0816 0.038 19
0.7187 0.0812 0.0633 38
0.8794 0.0993 -0.1402 7
0.7062 0.0796 0.0873 74
0.8246 0.0928 -0.1019 12
0.7185 0.0807 0.1145 66
0.7841 0.0879 -0.069 15
0.7102 0.0797 0.1389 41
0.78 0.0874 -0.0411 16
0.7301 0.0816 0.1696 31
0.7512 0.0839 -0.0132 16
0.6912 0.077 0.1863 27
0.7494 0.0825 0.0132 18
0.7247 0.0795 0.0382 19
0.7289 0.0797 0.0641 34
0.8876 0.0969 -0.1414 7
0.7163 0.0782 0.0885 79
0.819 0.0893 -0.1012 12
0.7129 0.0776 0.1136 76
0.7804 0.0848 -0.0687 15
0.7105 0.0771 0.1389 46
0.7704 0.0834 -0.0406 16
0.7188 0.0777 0.1669 32
0.7575 0.0819 -0.0133 16
0.703 0.0759 0.1895 27
0.7536 0.0801 0.0132 18
0.721 0.0764 0.038 19
0.7331 0.0776 0.0645 37
0.886 0.0936 -0.1411 7
0.7206 0.076 0.089 58
0.8213 0.0865 -0.1014 12
0.7112 0.0747 0.1133 66
0.7886 0.0829 -0.0694 15
0.7068 0.0742 0.1381 46
0.7906 0.0828 -0.0417 15
0.7094 0.0742 0.1647 32
0.7478 0.0781 -0.0131 16
0.7052 0.0735 0.19 27
0.7539 0.0775 0.0132 18
0.7232 0.0741 0.0381 19
0.7294 0.0746 0.0641 38
0.8883 0.0907 -0.1414 7
0.7188 0.0733 0.0887 71
0.8196 0.0834 -0.1012 12
0.7075 0.0719 0.1126 73
0.779 0.0791 -0.0685 15
0.711 0.0721 0.1389 46
0.777 0.0786 -0.0409 16
0.7038 0.0711 0.1633 37
0.7521 0.0759 -0.0132 16
0.6862 0.0691 0.1848 26
0.7422 0.0737 0.013 18
0.7215 0.0714 0.038 19
0.7296 0.0721 0.0641 38
0.8728 0.086 -0.1389 7
0.7211 0.071 0.089 65
0.8179 0.0803 -0.1009 12
0.7097 0.0696 0.1129 63
0.7753 0.076 -0.0682 10
0.7112 0.0696 0.1389 41
0.7892 0.0771 -0.0416 16
0.7079 0.069 0.1642 32
0.7483 0.0728 -0.0131 16
0.6903 0.0671 0.1858 27
0.7385 0.0707 0.0129 18
0.7297 0.0696 0.0384 19
0.7358 0.0701 0.0647 37
0.8712 0.0828 -0.1386 8
0.7154 0.0679 0.0882 59
0.8379 0.0794 -0.1033 11
0.7158 0.0677 0.1139 57
0.7776 0.0735 -0.0683 15
0.7056 0.0666 0.1378 37
0.7775 0.0732 -0.0409 16
0.7101 0.0667 0.1647 29
0.7605 0.0714 -0.0133 16
0.6982 0.0654 0.1879 27
0.7467 0.0689 0.0131 18
0.722 0.0665 0.038 19
0.7222 0.0662 0.0634 34
0.8911 0.0816 -0.1417 7
0.7156 0.0654 0.0882 66
0.8145 0.0744 -0.1004 12
0.7121 0.0649 0.1133 52
0.7976 0.0726 -0.0701 15
0.7097 0.0645 0.1385 37
0.7777 0.0705 -0.0409 16
0.7045 0.0639 0.1633 33
0.7568 0.0685 -0.0133 16
0.6965 0.0629 0.1874 27
0.7469 0.0664 0.0131 18
0.7142 0.0634 0.0376 20
0.7403 0.0654 0.065 37
0.8855 0.0781 -0.1408 7
0.7237 0.0637 0.0892 58
0.8147 0.0717 -0.1004 12
0.7104 0.0624 0.1129 48
0.7979 0.0699 -0.0701 15
0.7178 0.0628 0.1401 36
0.7859 0.0686 -0.0413 16
0.7144 0.0624 0.1656 29
0.753 0.0656 -0.0132 16
0.7082 0.0616 0.1905 27
0.7591 0.0649 0.0133 17
0.7224 0.0615 0.038 19
0.7246 0.0616 0.0636 38
0.8838 0.075 -0.1405 7
0.716 0.0606 0.0882 53
0.8189 0.0692 -0.1009 12
0.7086 0.0598 0.1126 43
0.7862 0.0663 -0.069 15
0.718 0.0604 0.1401 36
0.7901 0.0663 -0.0416 16
0.7107 0.0596 0.1647 32
0.7413 0.062 -0.013 16
0.7027 0.0586 0.1889 27
0.7394 0.0607 0.0129 18
0.7326 0.0598 0.0385 19
0.7288 0.0594 0.064 38
0.8683 0.0706 -0.138 8
0.7261 0.0589 0.0895 44
0.8211 0.0665 -0.1012 12
0.7128 0.0576 0.1133 42
0.7825 0.0632 -0.0687 15
0.7104 0.0573 0.1385 41
0.7904 0.0636 -0.0416 16
0.7148 0.0574 0.1656 32
0.7734 0.062 -0.0135 15
0.6913 0.0553 0.1858 27
0.7436 0.0584 0.013 18
0.7268 0.0568 0.0382 19
0.733 0.0572 0.0643 33
0.8784 0.0684 -0.1395 7
0.7204 0.0559 0.0887 52
0.8273 0.0641 -0.1019 12
0.7208 0.0557 0.1145 42
0.7946 0.0613 -0.0697 15
0.7106 0.0548 0.1385 37
0.7826 0.0602 -0.0411 16
0.715 0.0549 0.1656 32
0.7656 0.0586 -0.0134 15
0.6934 0.053 0.1863 25
0.7597 0.057 0.0133 17
0.723 0.054 0.038 19
0.7391 0.0549 0.0648 30
0.8707 0.0646 -0.1383 8
0.7246 0.0537 0.0892 52
0.8235 0.0609 -0.1014 12
0.725 0.0535 0.1151 41
0.7829 0.0576 -0.0687 15
0.7166 0.0526 0.1397 36
0.7828 0.0573 -0.0411 16
0.7055 0.0516 0.1633 33
0.7539 0.0551 -0.0132 16
0.7052 0.0514 0.1895 27
0.756 0.0539 0.0132 18
0.7152 0.0509 0.0376 20
0.7353 0.0521 0.0645 30
0.8887 0.0628 -0.1411 7
0.7228 0.0509 0.089 39
0.8257 0.058 -0.1016 12
0.7212 0.0507 0.1145 42
0.799 0.056 -0.0701 15
0.7168 0.0501 0.1397 36
0.7751 0.0541 -0.0407 16
0.7018 0.0488 0.1624 33
0.7541 0.0525 -0.0132 16
0.7073 0.0491 0.19 27
0.7721 0.0525 0.0135 17
0.7333 0.0496 0.0385 19
0.7236 0.0487 0.0634 34
0.8968 0.0603 -0.1424 7
0.7289 0.0489 0.0897 44
0.8457 0.0566 -0.1041 11
0.7135 0.0476 0.1133 38
0.7853 0.0523 -0.0689 15
0.7248 0.0483 0.1412 36
0.7991 0.0531 -0.042 15
0.7117 0.0471 0.1647 32
0.7582 0.0501 -0.0133 16
0.6882 0.0453 0.1848 26
0.7483 0.0483 0.0131 18
0.7315 0.047 0.0384 19
0.7277 0.0466 0.0638 34
0.893 0.057 -0.1417 7
0.731 0.0465 0.0899 44
0.8281 0.0525 -0.1019 12
0.7156 0.0454 0.1136 33
0.7735 0.0489 -0.0678 16
0.7132 0.045 0.1389 37
0.7993 0.0503 -0.042 15
0.7157 0.0449 0.1656 32
0.7544 0.0473 -0.0132 16
0.6903 0.0432 0.1853 22
0.7445 0.0455 0.013 18
0.7436 0.0452 0.039 18
0.7319 0.0443 0.0641 31
0.8794 0.0532 -0.1395 7
0.7193 0.0434 0.0885 39
0.8441 0.0507 -0.1038 11
0.7316 0.0438 0.1161 32
0.7896 0.0472 -0.0692 15
0.7114 0.0425 0.1385 37
0.7835 0.0467 -0.0411 16
0.7159 0.0425 0.1656 32
0.7625 0.0452 -0.0133 16
0.6981 0.0412 0.1874 25
0.7646 0.0441 0.0134 17
0.7238 0.0415 0.038 19
0.742 0.0424 0.065 30
0.9052 0.0516 -0.1436 7
0.7313 0.0415 0.0899 38
0.8166 0.0462 -0.1004 12
0.7297 0.0412 0.1158 32
0.7937 0.0447 -0.0696 15
0.7311 0.0411 0.1423 30
0.7877 0.0442 -0.0413 16
0.716 0.04 0.1656 32
0.7667 0.0427 -0.0134 15
0.7137 0.0397 0.1915 23
0.7727 0.0419 0.0135 17
0.7339 0.0395 0.0385 19
0.7401 0.0396 0.0648 30
0.8995 0.0479 -0.1427 7
0.7275 0.0388 0.0895 38
0.8246 0.0438 -0.1014 12
0.7141 0.0378 0.1133 28
0.7978 0.0421 -0.0699 15
0.7274 0.0382 0.1416 30
0.7998 0.0419 -0.042 15
0.7123 0.0372 0.1647 29
0.7628 0.0398 -0.0133 16
0.7042 0.0367 0.1889 25
0.7649 0.0386 0.0134 17
0.7321 0.0368 0.0384 19
0.7263 0.0363 0.0636 31
0.8858 0.0441 -0.1405 7
0.7395 0.0367 0.0909 37
0.8367 0.0414 -0.1029 12
0.7103 0.0351 0.1126 29
0.7761 0.0382 -0.068 16
0.7314 0.0359 0.1423 30
0.8079 0.0395 -0.0424 15
0.7163 0.0349 0.1656 32
0.771 0.0376 -0.0135 15
0.7024 0.0341 0.1884 25
0.757 0.0357 0.0132 18
0.7342 0.0344 0.0385 19
0.7284 0.0338 0.0638 31
0.886 0.0412 -0.1405 5
0.7357 0.0341 0.0904 37
0.8408 0.0388 -0.1033 11
0.7222 0.0332 0.1145 28
0.7941 0.0363 -0.0696 15
0.7256 0.0332 0.1412 36
0.7921 0.0361 -0.0416 16
0.7261 0.033 0.1678 28
0.7591 0.0343 -0.0133 16
0.6967 0.0314 0.1869 25
0.7492 0.0327 0.0131 18
0.7383 0.032 0.0387 18
0.7425 0.032 0.065 30
0.8802 0.0378 -0.1395 5
0.7259 0.0311 0.0892 39
0.833 0.0355 -0.1024 12
0.7302 0.031 0.1158 27
0.7942 0.0337 -0.0696 15
0.7199 0.0304 0.1401 36
0.7842 0.033 -0.0411 16
0.7282 0.0305 0.1683 28
0.7632 0.0319 -0.0133 16
0.6949 0.0289 0.1863 25
0.7613 0.0306 0.0133 17
0.7344 0.0292 0.0385 19
0.7446 0.0295 0.0652 26
0.9099 0.0359 -0.1442 4
0.7141 0.0281 0.0877 33
0.843 0.033 -0.1036 11
0.7343 0.0286 0.1164 27
0.7904 0.0308 -0.0692 15
0.72 0.0279 0.1401 31
0.7883 0.0304 -0.0413 16
0.7205 0.0277 0.1665 29
0.7713 0.0295 -0.0135 15
0.7143 0.0272 0.1915 23
0.7694 0.0282 0.0134 17
0.7325 0.0266 0.0384 15
0.7407 0.0268 0.0648 26
0.9061 0.0326 -0.1436 4
0.7221 0.0258 0.0887 32
0.8332 0.0297 -0.1024 12
0.7146 0.0253 0.1133 28
0.7984 0.0283 -0.0699 15
0.7318 0.0258 0.1423 30
0.7924 0.0278 -0.0416 16
0.7148 0.025 0.1651 29
0.7634 0.0265 -0.0133 16
0.7105 0.0246 0.1905 22
0.7615 0.0253 0.0133 17
0.7286 0.0239 0.0382 15
0.7408 0.0242 0.0648 26
0.9082 0.0295 -0.1439 4
0.742 0.024 0.0912 24
0.8313 0.0267 -0.1021 12
0.7187 0.023 0.1139 23
0.7906 0.0253 -0.0692 15
0.73 0.0232 0.142 30
0.8005 0.0253 -0.042 15
0.7246 0.0228 0.1674 28
0.7555 0.0236 -0.0132 16
0.7048 0.0219 0.1889 22
0.7595 0.0225 0.0133 17
0.7407 0.0217 0.0388 15
0.7289 0.0213 0.0638 27
0.8885 0.0258 -0.1408 5
0.7461 0.0215 0.0916 30
0.8513 0.0244 -0.1046 11
0.7266 0.0207 0.1151 27
0.8026 0.0228 -0.0702 14
0.7242 0.0205 0.1408 31
0.8066 0.0227 -0.0423 15
0.7208 0.0201 0.1665 29
0.7676 0.0213 -0.0134 15
0.6991 0.0193 0.1874 22
0.7536 0.0197 0.0132 18
0.7367 0.019 0.0386 15
0.7409 0.019 0.0648 26
0.9084 0.0232 -0.1439 4
0.7283 0.0184 0.0895 25
0.8573 0.0216 -0.1053 10
0.7267 0.0181 0.1151 27
0.7828 0.0195 -0.0685 15
0.7301 0.0181 0.142 35
0.7927 0.0195 -0.0416 16
0.7286 0.0178 0.1683 28
0.7757 0.0188 -0.0135 15
0.7088 0.0171 0.19 22
0.7657 0.0174 0.0134 17
0.7368 0.0166 0.0386 15
0.743 0.0165 0.065 26
0.9361 0.0206 -0.1483 4
0.7363 0.0161 0.0904 25
0.8276 0.0181 -0.1016 12
0.7307 0.0158 0.1158 23
0.7988 0.0172 -0.0699 15
0.7223 0.0154 0.1404 27
0.7847 0.0166 -0.0411 16
0.7248 0.0153 0.1674 28
0.7717 0.0162 -0.0135 15
0.7127 0.0148 0.191 22
0.7797 0.0151 0.0136 16
0.7369 0.0141 0.0386 15
0.745 0.014 0.0652 26
0.948 0.0177 -0.1502 3
0.7383 0.0137 0.0907 25
0.8435 0.0156 -0.1036 11
0.7209 0.0132 0.1142 23
0.8148 0.0148 -0.0713 14
0.7282 0.0131 0.1416 26
0.8048 0.0143 -0.0422 15
0.7287 0.013 0.1683 28
0.7758 0.0137 -0.0135 15
0.7127 0.0124 0.191 22
0.7678 0.0123 0.0134 17
0.7449 0.0117 0.039 15
0.7371 0.0115 0.0645 26
0.9876 0.0152 -0.1564 2
0.7344 0.0112 0.0902 31
0.8575 0.0129 -0.1053 10
0.713 0.0106 0.1129 24
0.7849 0.0115 -0.0687 10
0.7224 0.0106 0.1404 31
0.8008 0.0116 -0.042 15
0.7288 0.0104 0.1683 28
0.7518 0.0106 -0.0131 16
0.6973 0.0097 0.1869 22
0.7518 0.0094 0.0131 18
0.7469 0.0091 0.0391 15
0.7391 0.0088 0.0647 26
0.9995 0.0117 -0.1583 1
0.7424 0.0087 0.0912 24
0.8615 0.0099 -0.1058 10
0.7289 0.0083 0.1154 18
0.7929 0.0089 -0.0694 10
0.7264 0.008 0.1412 27
0.7909 0.0086 -0.0415 16
0.7268 0.0077 0.1678 28
0.7678 0.0082 -0.0134 10
0.707 0.0074 0.1895 22
0.7599 0.0068 0.0133 17
0.7449 0.0065 0.039 15
0.7352 0.0062 0.0643 22
0.7444 0.006 0.0914 24
0.8595 0.0068 -0.1055 10
0.7309 0.0057 0.1158 23
0.8188 0.0063 -0.0716 13
0.7146 0.0054 0.1389 27
0.7949 0.0058 -0.0417 15
0.7288 0.0052 0.1683 28
0.7719 0.0055 -0.0135 10
0.7128 0.005 0.191 22
0.7639 0.0043 0.0133 17
0.735 0.0038 0.0385 15
0.7392 0.0036 0.0647 22
0.7365 0.0035 0.0904 25
0.8556 0.0039 -0.1051 11
0.7388 0.0032 0.117 22
0.8089 0.0034 -0.0708 14
0.7362 0.0031 0.1431 26
0.7989 0.0032 -0.0419 15
0.7269 0.0028 0.1678 28
0.7799 0.0029 -0.0136 10
0.7148 0.0025 0.1915 21
0.7699 0.0016 0.0134 17
0.741 0.0014 0.0388 15
0.7591 0.0012 0.0664 21
0.7404 0.0009 0.0909 25
0.8595 0.0009 -0.1055 10
0.7289 0.0008 0.1154 18
0.8149 0.0007 -0.0713 14
0.7343 0.0005 0.1427 26
0.7989 0.0004 -0.0419 15
0.7249 0.0003 0.1674 24
0.7759 0.0003 -0.0135 10
0.7109 0.0001 0.1905 22
0.7759 -0.0009 0.0135 17
0.751 -0.0012 0.0394 14
0.7452 -0.0014 0.0652 22
0.7504 -0.0016 0.0921 24
0.8715 -0.002 -0.107 10
0.7171 -0.0018 0.1136 19
0.8049 -0.0021 -0.0704 9
0.7401 -0.0019 0.1439 25
0.8149 -0.0023 -0.0427 15
0.7288 -0.0022 0.1683 24
0.7719 -0.0024 -0.0135 15
0.7206 -0.0024 0.1931 21
0.7719 -0.0039 0.0135 17
0.747 -0.004 0.0391 15
0.7491 -0.0042 0.0655 25
0.7563 -0.0045 0.0929 23
0.8635 -0.0053 -0.106 10
0.7329 -0.0046 0.1161 18
0.8049 -0.0051 -0.0704 9
0.7303 -0.0047 0.142 26
0.8149 -0.0054 -0.0427 15
0.7327 -0.005 0.1692 24
0.7759 -0.0054 -0.0135 10
0.7032 -0.005 0.1884 22
0.7659 -0.0065 0.0134 17
0.7469 -0.0066 0.0391 15
0.7511 -0.0068 0.0657 18
0.7464 -0.007 0.0916 24
0.8674 -0.0083 -0.1065 10
0.7348 -0.0072 0.1164 18
0.8248 -0.0081 -0.0722 9
0.7303 -0.0073 0.142 26
0.8108 -0.0082 -0.0425 15
0.7424 -0.0076 0.1714 23
0.7718 -0.0081 -0.0135 15
0.7167 -0.0076 0.192 21
0.7678 -0.0092 0.0134 17
0.7369 -0.009 0.0386 15
0.767 -0.0096 0.0671 21
0.7364 -0.0095 0.0904 25
0.8456 -0.0109 -0.1038 11
0.7348 -0.0096 0.1164 18
0.8088 -0.0107 -0.0708 9
0.7283 -0.0098 0.1416 26
0.7948 -0.0108 -0.0417 15
0.7366 -0.01 0.1701 24
0.7798 -0.0108 -0.0136 10
0.7282 -0.0102 0.1951 21
0.7878 -0.0121 0.0138 16
0.7329 -0.0114 0.0384 15
0.763 -0.0121 0.0668 21
0.7443 -0.0121 0.0914 24
0.8634 -0.014 -0.106 10
0.7229 -0.0119 0.1145 19
0.8188 -0.0136 -0.0716 9
0.7459 -0.0125 0.145 29
0.8068 -0.0137 -0.0423 15
0.7307 -0.0124 0.1687 24
0.7678 -0.0131 -0.0134 10
0.7224 -0.0125 0.1936 19
0.7717 -0.0144 0.0135 12
0.7468 -0.0141 0.0391 15
0.751 -0.0144 0.0657 21
0.7562 -0.0148 0.0929 23
0.8693 -0.017 -0.1068 7
0.7347 -0.0145 0.1164 18
0.8167 -0.0163 -0.0715 9
0.7439 -0.0149 0.1446 25
0.8067 -0.0163 -0.0423 15
0.7345 -0.0149 0.1696 24
0.7797 -0.0159 -0.0136 10
0.7127 -0.0147 0.191 22
0.7737 -0.017 0.0135 17
0.7608 -0.0169 0.0399 14
0.7529 -0.017 0.0659 25
0.7561 -0.0173 0.0929 23
0.8692 -0.0199 -0.1068 7
0.7248 -0.0167 0.1148 18
0.8107 -0.0188 -0.0709 9
0.7439 -0.0174 0.1446 21
0.8087 -0.0191 -0.0424 15
0.7501 -0.0177 0.1732 23
0.7957 -0.0189 -0.0139 10
0.7223 -0.0173 0.1936 19
0.7756 -0.0199 0.0135 12
0.7607 -0.0198 0.0399 14
0.7608 -0.0199 0.0666 17
0.7541 -0.02 0.0926 24
0.895 -0.0239 -0.1099 6
0.7326 -0.0197 0.1161 18
0.8206 -0.0221 -0.0718 9
0.7301 -0.0198 0.142 26
0.8106 -0.0221 -0.0425 15
0.7461 -0.0204 0.1723 23
0.7956 -0.0219 -0.0139 10
0.7184 -0.0199 0.1926 19
0.7895 -0.023 0.0138 16
0.7447 -0.022 0.039 15
0.7528 -0.0223 0.0659 18
0.754 -0.0226 0.0926 24
0.883 -0.0267 -0.1085 6
0.7444 -0.0226 0.118 18
0.8225 -0.025 -0.072 9
0.7477 -0.0228 0.1454 24
0.8145 -0.025 -0.0427 15
0.7324 -0.0226 0.1692 24
0.7835 -0.0243 -0.0137 10
0.726 -0.0227 0.1946 21
0.7875 -0.0257 0.0138 16
0.7526 -0.0247 0.0395 14
0.7726 -0.0256 0.0676 17
0.7599 -0.0255 0.0934 23
0.8868 -0.0299 -0.109 6
0.7285 -0.0245 0.1154 18
0.8264 -0.028 -0.0723 9
0.7495 -0.0255 0.1458 20
0.8084 -0.0277 -0.0424 15
0.7323 -0.0252 0.1692 21
0.7954 -0.0274 -0.0139 10
0.7414 -0.0256 0.1988 18
0.7854 -0.0282 0.0137 16
0.7465 -0.0271 0.0391 15
0.7486 -0.0275 0.0655 18
0.7657 -0.0282 0.0941 23
0.8907 -0.033 -0.1094 6
0.7363 -0.0274 0.1167 18
0.8123 -0.0304 -0.0711 9
0.7534 -0.0282 0.1465 20
0.8123 -0.0305 -0.0426 15
0.7478 -0.0282 0.1728 27
0.7833 -0.0297 -0.0137 10
0.7297 -0.0278 0.1957 19
0.7673 -0.0303 0.0134 13
0.7504 -0.0299 0.0394 10
0.7545 -0.0302 0.0661 18
0.7636 -0.0308 0.0938 23
0.8846 -0.0358 -0.1087 6
0.748 -0.0304 0.1186 17
0.8142 -0.0331 -0.0713 9
0.7435 -0.0304 0.1446 21
0.8122 -0.0333 -0.0426 15
0.7457 -0.0307 0.1723 20
0.7952 -0.0329 -0.0139 10
0.7335 -0.0305 0.1967 19
0.7832 -0.0336 0.0137 16
0.7662 -0.0332 0.0402 10
0.7584 -0.033 0.0664 18
0.7417 -0.0325 0.0912 24
0.9004 -0.0396 -0.1107 6
0.744 -0.0329 0.118 18
0.834 -0.0369 -0.073 8
0.7394 -0.0328 0.1439 21
0.8201 -0.0365 -0.043 14
0.7593 -0.0339 0.1755 22
0.8031 -0.036 -0.014 9
0.7372 -0.0332 0.1977 18
0.795 -0.0369 0.0139 12
0.7521 -0.0352 0.0395 14
0.7583 -0.0356 0.0664 14
0.7515 -0.0356 0.0924 24
0.9002 -0.0428 -0.1107 6
0.7518 -0.0358 0.1192 17
0.8319 -0.0397 -0.0729 8
0.7491 -0.0359 0.1458 24
0.804 -0.0386 -0.0422 10
0.7397 -0.0357 0.171 23
0.7989 -0.0387 -0.014 10
0.7332 -0.0356 0.1967 19
0.7969 -0.0398 0.0139 16
0.748 -0.0376 0.0393 11
0.7621 -0.0385 0.0668 14
0.7613 -0.0387 0.0936 23
0.9001 -0.0459 -0.1107 6
0.7378 -0.0378 0.117 18
0.8496 -0.0435 -0.0744 8
0.7568 -0.0389 0.1473 20
0.8278 -0.0427 -0.0434 14
0.7395 -0.0382 0.171 23
0.7988 -0.0414 -0.014 10
0.737 -0.0384 0.1977 18
0.7987 -0.0427 0.014 15
0.7619 -0.041 0.04 10
0.76 -0.041 0.0666 14
0.7691 -0.0418 0.0946 22
0.8999 -0.0491 -0.1107 3
0.7436 -0.0407 0.118 18
0.8316 -0.0456 -0.0729 8
0.7528 -0.0413 0.1465 20
0.8236 -0.0453 -0.0432 9
0.7452 -0.0411 0.1723 23
0.7907 -0.0438 -0.0138 10
0.733 -0.0407 0.1967 19
0.7906 -0.045 0.0138 16
0.7458 -0.0427 0.0391 11
0.7559 -0.0436 0.0662 14
0.7729 -0.0447 0.0951 22
0.9156 -0.0531 -0.1126 2
0.7533 -0.0438 0.1195 13
0.8354 -0.0488 -0.0732 8
0.7526 -0.0441 0.1465 20
0.8095 -0.0475 -0.0425 10
0.7548 -0.0444 0.1746 22
0.7925 -0.0467 -0.0139 10
0.7444 -0.044 0.1998 18
0.7944 -0.0482 0.0139 12
0.7596 -0.0462 0.0399 10
0.7736 -0.0473 0.0678 13
0.7608 -0.0468 0.0936 23
0.9471 -0.0584 -0.1165 2
0.761 -0.0469 0.1208 12
0.8451 -0.0523 -0.0741 8
0.7544 -0.0468 0.1469 20
0.8352 -0.052 -0.0439 13
0.7566 -0.0472 0.175 22
0.7864 -0.0491 -0.0138 10
0.7404 -0.0463 0.1988 18
0.7903 -0.0506 0.0138 12
0.7614 -0.049 0.04 10
0.7675 -0.0496 0.0673 14
0.7627 -0.0495 0.0938 23
0.753 -0.0491 0.1195 13
0.8569 -0.056 -0.0751 8
0.7523 -0.0492 0.1465 20
0.8311 -0.0545 -0.0436 9
0.7487 -0.0492 0.1732 23
0.8181 -0.0539 -0.0143 9
0.7402 -0.0489 0.1988 15
0.7981 -0.0538 0.014 11
0.7512 -0.0508 0.0395 10
0.7752 -0.0527 0.068 13
0.7684 -0.0525 0.0946 22
0.7548 -0.0517 0.1198 17
0.8527 -0.0586 -0.0748 8
0.758 -0.0522 0.1477 20
0.8249 -0.057 -0.0433 9
0.7485 -0.0518 0.1732 23
0.8079 -0.0559 -0.0141 9
0.7478 -0.0519 0.2008 18
0.8059 -0.0571 0.0141 11
0.7471 -0.0532 0.0393 11
0.7552 -0.054 0.0662 14
0.7781 -0.0558 0.0958 22
0.7408 -0.0534 0.1176 13
0.8406 -0.0607 -0.0737 8
0.7558 -0.0546 0.1473 20
0.8307 -0.0601 -0.0436 9
0.7561 -0.0549 0.175 22
0.7958 -0.0579 -0.0139 10
0.736 -0.0537 0.1977 18
0.7897 -0.0587 0.0138 16
0.7808 -0.0583 0.041 10
0.7649 -0.0572 0.0671 14
0.776 -0.0583 0.0955 22
0.7603 -0.0574 0.1208 12
0.8563 -0.0647 -0.0751 8
0.7557 -0.0572 0.1473 20
0.8544 -0.0648 -0.0449 8
0.7675 -0.0584 0.1777 21
0.8175 -0.0623 -0.0143 9
0.7397 -0.0565 0.1988 15
0.7855 -0.0611 0.0138 12
0.7885 -0.0616 0.0415 9
0.7826 -0.0613 0.0687 13
0.7619 -0.06 0.0938 17
0.768 -0.0607 0.122 16
0.8521 -0.0674 -0.0748 8
0.7496 -0.0594 0.1462 20
0.8243 -0.0655 -0.0433 9
0.7596 -0.0604 0.1759 19
0.8193 -0.0653 -0.0143 9
0.7452 -0.0596 0.2003 15
0.7972 -0.0648 0.014 11
0.7525 -0.0615 0.0396 10
0.7764 -0.0636 0.0682 13
0.7696 -0.0633 0.0948 22
0.7698 -0.0636 0.1223 16
0.8816 -0.0728 -0.0774 7
0.7572 -0.0627 0.1477 20
0.836 -0.0693 -0.044 9
0.7671 -0.0637 0.1777 18
0.8131 -0.0677 -0.0142 9
0.7566 -0.0631 0.2034 14
0.813 -0.069 0.0142 11
0.7602 -0.0648 0.04 10
0.7901 -0.0675 0.0694 13
0.7812 -0.067 0.0963 16
0.7557 -0.0651 0.1201 12
0.8734 -0.0752 -0.0767 3
0.7648 -0.066 0.1492 19
0.8417 -0.0728 -0.0443 8
0.7649 -0.0663 0.1773 18
0.8088 -0.0702 -0.0142 9
0.7602 -0.0661 0.2045 14
0.8047 -0.0711 0.0141 11
0.7659 -0.068 0.0403 10
0.77 -0.0685 0.0676 14
0.7771 -0.0694 0.0958 22
0.7555 -0.0677 0.1201 12
0.8553 -0.0766 -0.0751 4
0.7743 -0.0695 0.1511 18
0.8534 -0.0768 -0.0449 8
0.7647 -0.0689 0.1773 21
0.8146 -0.0736 -0.0143 9
0.7465 -0.0675 0.2008 15
0.8045 -0.0739 0.0141 11
0.7776 -0.0717 0.0409 10
0.7737 -0.0715 0.068 13
0.7827 -0.0726 0.0965 16
0.7592 -0.0707 0.1208 12
0.8788 -0.0818 -0.0772 3
0.7604 -0.0709 0.1484 20
0.8452 -0.079 -0.0445 8
0.778 -0.0729 0.1804 21
0.8282 -0.0777 -0.0145 9
0.7655 -0.072 0.206 12
0.8202 -0.0782 0.0144 10
0.7853 -0.0752 0.0413 10
0.7834 -0.0752 0.0689 13
0.7765 -0.0748 0.0958 16
0.7786 -0.0752 0.1239 12
0.8825 -0.0853 -0.0776 3
0.7582 -0.0734 0.1481 20
0.8528 -0.0827 -0.0449 8
0.7817 -0.076 0.1813 21
0.8299 -0.0808 -0.0146 9
0.7672 -0.0748 0.2065 12
0.8239 -0.0815 0.0145 10
0.7851 -0.0779 0.0413 10
0.793 -0.0789 0.0697 13
0.7743 -0.0773 0.0955 16
0.7803 -0.0782 0.1242 12
0.8881 -0.089 -0.0781 3
0.7677 -0.077 0.15 19
0.8505 -0.0855 -0.0448 8
0.7717 -0.0777 0.1791 21
0.8376 -0.0845 -0.0147 9
0.7688 -0.0777 0.2071 12
0.8216 -0.0842 0.0144 10
0.7709 -0.0793 0.0406 10
0.7888 -0.0812 0.0694 13
0.7721 -0.0798 0.0953 16
0.7683 -0.0797 0.1223 12
0.9354 -0.097 -0.0823 2
0.7831 -0.0813 0.153 21
0.8582 -0.0893 -0.0452 8
0.7656 -0.0798 0.1777 18
0.8214 -0.0858 -0.0144 9
0.7609 -0.0796 0.205 10
0.8272 -0.0877 0.0145 10
0.7666 -0.0815 0.0404 10
0.7806 -0.0831 0.0687 13
0.7856 -0.084 0.097 15
0.7817 -0.0838 0.1245 12
0.7828 -0.0841 0.153 18
0.8658 -0.0931 -0.0456 8
0.7692 -0.0829 0.1786 18
0.841 -0.0908 -0.0148 9
0.7644 -0.0826 0.206 10
0.819 -0.0894 0.0144 10
0.7783 -0.0852 0.041 10
0.7724 -0.0847 0.068 13
0.7972 -0.0877 0.0985 15
0.7736 -0.0854 0.1233 12
0.7708 -0.0852 0.1507 19
0.8655 -0.0959 -0.0456 8
0.7844 -0.087 0.1822 18
0.8288 -0.0921 -0.0146 9
0.768 -0.0855 0.2071 10
0.8247 -0.0929 0.0145 10
0.7978 -0.0902 0.0421 9
0.7959 -0.0901 0.0701 12
0.785 -0.0892 0.097 15
0.7792 -0.0888 0.1242 12
0.7724 -0.0881 0.1511 15
0.8592 -0.0982 -0.0453 8
0.788 -0.0902 0.1831 17
0.8543 -0.0979 -0.015 4
0.7754 -0.089 0.2091 10
0.8303 -0.0965 0.0146 10
0.7896 -0.0921 0.0417 9
0.8035 -0.0938 0.0708 12
0.7808 -0.0914 0.0965 16
0.7828 -0.092 0.1248 12
0.7799 -0.0918 0.1526 18
0.8767 -0.1033 -0.0463 7
0.7896 -0.0932 0.1836 20
0.8579 -0.1014 -0.0151 4
0.777 -0.092 0.2096 10
0.8339 -0.0999 0.0147 10
0.7932 -0.0953 0.0419 9
0.7992 -0.0961 0.0704 12
0.7982 -0.0963 0.0987 15
0.7785 -0.0942 0.1242 12
0.7874 -0.0954 0.1542 14
0.8783 -0.1066 -0.0464 3
0.7777 -0.0945 0.1809 18
0.8476 -0.1032 -0.0149 4
0.7728 -0.0942 0.2086 8
0.8395 -0.1035 0.0148 10
0.7988 -0.0986 0.0422 9
0.7988 -0.0989 0.0704 12
0.7959 -0.0988 0.0985 15
0.7743 -0.0963 0.1236 12
0.7987 -0.0996 0.1565 14
0.8681 -0.1084 -0.0458 3
0.787 -0.0984 0.1831 14
0.8354 -0.1045 -0.0147 4
0.7802 -0.0977 0.2107 8
0.8312 -0.1053 0.0146 10
0.8005 -0.1017 0.0423 9
0.7945 -0.1012 0.0701 12
0.7995 -0.102 0.099 15
0.7857 -0.1005 0.1255 11
0.7945 -0.1018 0.1557 14
0.9033 -0.1159 -0.0477 3
0.7905 -0.1016 0.184 14
0.8548 -0.11 -0.015 4
0.776 -0.1 0.2096 8
0.8388 -0.1092 0.0148 10
0.806 -0.1053 0.0426 9
0.7942 -0.1039 0.0701 12
0.8011 -0.105 0.0992 15
0.7971 -0.1048 0.1273 11
0.8019 -0.1056 0.1572 13
0.8673 -0.1143 -0.0458 3
0.796 -0.1051 0.1854 14
0.8624 -0.114 -0.0152 4
0.791 -0.1047 0.2138 8
0.8305 -0.1111 0.0146 10
0.7978 -0.107 0.0422 9
0.8136 -0.1093 0.0718 12
0.7987 -0.1076 0.099 15
0.8046 -0.1086 0.1286 11
0.786 -0.1063 0.1542 14
0.7917 -0.1073 0.1845 11
0.8659 -0.1175 -0.0153 4
0.7944 -0.108 0.2148 8
0.842 -0.1156 0.0148 9
0.7875 -0.1084 0.0417 9
0.8092 -0.1116 0.0715 12
0.8082 -0.1117 0.1002 14
0.7925 -0.1098 0.1267 11
0.809 -0.1123 0.1588 13
0.7972 -0.1109 0.1858 11
0.8794 -0.1225 -0.0155 4
0.8017 -0.1118 0.2169 7
0.8693 -0.1225 0.0153 8
0.8187 -0.1156 0.0433 9
0.8049 -0.1138 0.0711 12
0.8078 -0.1145 0.1002 14
0.7999 -0.1137 0.128 11
0.8183 -0.1165 0.1607 12
0.8103 -0.1156 0.189 10
0.8928 -0.1275 -0.0157 3
0.7936 -0.1135 0.2148 8
0.857 -0.1238 0.0151 9
0.8124 -0.1176 0.043 9
0.8163 -0.1184 0.0722 12
0.8152 -0.1185 0.1012 13
0.7995 -0.1165 0.128 11
0.7984 -0.1165 0.1568 13
0.8195 -0.1198 0.1912 10
0.8567 -0.1254 -0.0151 4
0.8009 -0.1174 0.2169 7
0.8585 -0.1271 0.0151 6
0.8317 -0.1234 0.0441 8
0.8198 -0.1218 0.0725 11
0.7991 -0.119 0.0992 15
0.8108 -0.121 0.1298 10
0.8097 -0.121 0.1591 13
0.8191 -0.1227 0.1912 10
0.9314 -0.1397 -0.0164 3
0.8119 -0.1219 0.22 7
0.862 -0.1307 0.0152 6
0.8076 -0.1227 0.0428 9
0.8273 -0.1259 0.0732 11
0.8242 -0.1257 0.1024 13
0.8299 -0.1268 0.133 10
0.8112 -0.1241 0.1595 13
0.8129 -0.1247 0.1899 10
0.9507 -0.146 -0.0168 3
0.8211 -0.1262 0.2226 5
0.8734 -0.1355 0.0154 5
0.817 -0.1271 0.0433 9
0.8288 -0.129 0.0734 11
0.8238 -0.1286 0.1024 13
0.8177 -0.1279 0.1311 10
0.8224 -0.1288 0.1618 12
0.8163 -0.1281 0.1908 10
0.8321 -0.1309 0.2257 5
0.8848 -0.1405 0.0156 5
0.8304 -0.132 0.0441 8
0.8146 -0.1297 0.0722 9
0.8292 -0.1324 0.1031 13
0.8212 -0.1312 0.1317 10
0.8297 -0.1329 0.1633 12
0.8235 -0.1322 0.1926 10
0.8164 -0.1312 0.2215 5
0.8764 -0.1421 0.0155 5
0.83 -0.1349 0.0441 5
0.8279 -0.1348 0.0734 8
0.8327 -0.1358 0.1036 12
0.8363 -0.1367 0.1342 9
0.8293 -0.1356 0.1633 12
0.8481 -0.139 0.1984 9
0.8235 -0.1353 0.2236 5
0.8917 -0.1478 0.0158 5
0.8334 -0.1384 0.0443 5
0.8451 -0.1405 0.075 7
0.8341 -0.139 0.1038 12
0.832 -0.1389 0.1336 6
0.8268 -0.1382 0.163 9
0.8457 -0.1417 0.198 6
0.8497 -0.1427 0.2309 4
0.901 -0.1526 0.016 2
0.8408 -0.1427 0.0447 5
0.8446 -0.1435 0.075 7
0.8415 -0.1432 0.1048 12
0.8432 -0.1438 0.1355 9
0.8457 -0.1444 0.1668 8
0.8317 -0.1423 0.1948 9
0.8606 -0.1476 0.234 3
0.8906 -0.154 0.0158 2
0.8364 -0.1449 0.0445 5
0.8539 -0.1481 0.0758 7
0.8605 -0.1496 0.1072 7
0.8388 -0.1461 0.1348 6
0.8394 -0.1463 0.1656 8
0.8504 -0.1486 0.1993 6
0.8582 -0.1502 0.2335 1
0.8536 -0.151 0.0454 5
0.8514 -0.1509 0.0757 7
0.8581 -0.1522 0.107 7
0.8538 -0.1518 0.1373 6
0.8601 -0.1532 0.1698 7
0.8499 -0.1517 0.1993 6
0.8786 -0.1586 0.0468 4
0.8489 -0.1535 0.0755 5
0.8458 -0.1532 0.1055 8
0.8494 -0.1541 0.1367 6
0.848 -0.1541 0.1675 8
0.8838 -0.1609 0.2074 5
0.8761 -0.1613 0.0467 2
0.8602 -0.1586 0.0765 5
0.8453 -0.156 0.1055 8
0.8605 -0.1592 0.1386 6
0.8552 -0.1583 0.1691 7
0.8756 -0.1624 0.2056 4
0.8949 -0.1681 0.0797 4
0.8564 -0.1612 0.107 7
0.8677 -0.1635 0.1399 5
0.8739 -0.165 0.1729 4
0.906 -0.1735 0.0807 4
0.8715 -0.167 0.109 7
0.8652 -0.1661 0.1395 5
0.8946 -0.1719 0.1771 4
0.8864 -0.1733 0.1109 6
0.8898 -0.1741 0.1436 2
